# [<k> (h/Mpc)]	[<P_0(k)> (Mpc/h)^3]	[ErrorBar (Mpc/h)^3]	nModes	[<P_2(k)> (Mpc/h)^3]
3.476422e-02	6.878150e+03	1.907656e+03	13.000000	0.000000e+00
5.890282e-02	5.127595e+03	8.925998e+02	33.000000	0.000000e+00
8.378087e-02	2.932280e+03	3.299073e+02	79.000000	0.000000e+00
1.087368e-01	2.260381e+03	2.089723e+02	117.000000	0.000000e+00
1.341836e-01	1.676255e+03	1.170747e+02	205.000000	0.000000e+00
1.581206e-01	1.171995e+03	7.645252e+01	235.000000	0.000000e+00
1.826843e-01	9.614130e+02	5.004916e+01	369.000000	0.000000e+00
2.073525e-01	8.047427e+02	3.867347e+01	433.000000	0.000000e+00
2.322407e-01	7.044868e+02	2.912694e+01	585.000000	0.000000e+00
2.568838e-01	6.016719e+02	2.309005e+01	679.000000	0.000000e+00
2.811185e-01	5.073714e+02	1.779429e+01	813.000000	0.000000e+00
3.057758e-01	4.469133e+02	1.423984e+01	985.000000	0.000000e+00
3.308750e-01	4.220255e+02	1.227005e+01	1183.000000	0.000000e+00
3.553459e-01	3.676845e+02	1.032154e+01	1269.000000	0.000000e+00
3.797184e-01	3.236871e+02	8.256356e+00	1537.000000	0.000000e+00
4.042043e-01	3.053105e+02	7.509402e+00	1653.000000	0.000000e+00
4.287408e-01	2.705436e+02	6.106285e+00	1963.000000	0.000000e+00
4.533372e-01	2.519177e+02	5.470012e+00	2121.000000	0.000000e+00
4.779960e-01	2.435043e+02	4.957103e+00	2413.000000	0.000000e+00
5.026630e-01	2.155997e+02	4.200083e+00	2635.000000	0.000000e+00
5.271488e-01	1.963038e+02	3.659811e+00	2877.000000	0.000000e+00
5.515428e-01	1.873899e+02	3.328780e+00	3169.000000	0.000000e+00
5.762241e-01	1.757458e+02	2.967679e+00	3507.000000	0.000000e+00
6.007286e-01	1.720941e+02	2.834962e+00	3685.000000	0.000000e+00
6.252569e-01	1.635280e+02	2.533872e+00	4165.000000	0.000000e+00
6.499966e-01	1.555127e+02	2.350593e+00	4377.000000	0.000000e+00
6.746858e-01	1.484419e+02	2.130403e+00	4855.000000	0.000000e+00
6.991271e-01	1.378878e+02	1.964022e+00	4929.000000	0.000000e+00
7.235757e-01	1.349009e+02	1.805754e+00	5581.000000	0.000000e+00
7.479714e-01	1.292828e+02	1.715556e+00	5679.000000	0.000000e+00
7.726133e-01	1.241297e+02	1.553442e+00	6385.000000	0.000000e+00
7.972413e-01	1.186980e+02	1.466301e+00	6553.000000	0.000000e+00
8.218513e-01	1.135818e+02	1.345601e+00	7125.000000	0.000000e+00
8.464491e-01	1.132913e+02	1.312822e+00	7447.000000	0.000000e+00
8.709767e-01	1.080448e+02	1.213373e+00	7929.000000	0.000000e+00
8.955547e-01	1.039870e+02	1.137779e+00	8353.000000	0.000000e+00
9.199772e-01	1.014897e+02	1.083424e+00	8775.000000	0.000000e+00
9.444963e-01	9.887631e+01	1.024584e+00	9313.000000	0.000000e+00
9.690846e-01	9.548275e+01	9.625101e-01	9841.000000	0.000000e+00
9.935517e-01	9.290052e+01	9.202583e-01	10191.000000	0.000000e+00
1.018099e+00	9.177352e+01	8.791519e-01	10897.000000	0.000000e+00
1.042679e+00	8.869934e+01	8.343763e-01	11301.000000	0.000000e+00
1.067353e+00	8.601121e+01	7.843547e-01	12025.000000	0.000000e+00
1.092004e+00	8.430951e+01	7.564205e-01	12423.000000	0.000000e+00
1.116549e+00	8.050013e+01	7.054633e-01	13021.000000	0.000000e+00
1.140967e+00	8.112166e+01	7.006537e-01	13405.000000	0.000000e+00
1.165410e+00	7.743094e+01	6.487133e-01	14247.000000	0.000000e+00
1.189942e+00	7.748634e+01	6.401207e-01	14653.000000	0.000000e+00
1.214340e+00	7.453494e+01	6.019305e-01	15333.000000	0.000000e+00
1.238824e+00	7.365325e+01	5.832103e-01	15949.000000	0.000000e+00
1.263616e+00	7.084954e+01	5.424507e-01	17059.000000	0.000000e+00
1.288278e+00	7.049563e+01	5.391408e-01	17097.000000	0.000000e+00
1.312698e+00	6.905013e+01	5.151704e-01	17965.000000	0.000000e+00
1.337129e+00	6.714991e+01	4.932828e-01	18531.000000	0.000000e+00
1.361846e+00	6.667050e+01	4.753819e-01	19669.000000	0.000000e+00
1.386459e+00	6.466988e+01	4.585133e-01	19893.000000	0.000000e+00
1.410760e+00	6.358048e+01	4.442279e-01	20485.000000	0.000000e+00
1.435294e+00	6.234098e+01	4.227017e-01	21751.000000	0.000000e+00
1.459966e+00	6.089960e+01	4.086485e-01	22209.000000	0.000000e+00
1.484553e+00	6.023864e+01	3.968483e-01	23041.000000	0.000000e+00
1.509059e+00	5.909487e+01	3.839353e-01	23691.000000	0.000000e+00
1.533565e+00	5.848519e+01	3.739765e-01	24457.000000	0.000000e+00
1.558284e+00	5.681811e+01	3.537547e-01	25797.000000	0.000000e+00
1.582818e+00	5.593589e+01	3.494151e-01	25627.000000	0.000000e+00
1.607259e+00	5.500632e+01	3.334206e-01	27217.000000	0.000000e+00
1.631809e+00	5.474201e+01	3.298131e-01	27549.000000	0.000000e+00
1.656366e+00	5.364288e+01	3.160224e-01	28813.000000	0.000000e+00
1.680925e+00	5.271168e+01	3.076563e-01	29355.000000	0.000000e+00
1.705257e+00	5.117956e+01	2.958949e-01	29917.000000	0.000000e+00
1.729806e+00	5.104319e+01	2.868999e-01	31653.000000	0.000000e+00
1.754462e+00	4.950044e+01	2.769280e-01	31951.000000	0.000000e+00
1.778992e+00	4.920754e+01	2.706286e-01	33061.000000	0.000000e+00
1.803411e+00	4.907688e+01	2.677483e-01	33597.000000	0.000000e+00
1.827963e+00	4.784970e+01	2.550506e-01	35197.000000	0.000000e+00
1.852647e+00	4.736347e+01	2.502433e-01	35823.000000	0.000000e+00
1.877249e+00	4.636898e+01	2.412272e-01	36949.000000	0.000000e+00
1.901733e+00	4.610807e+01	2.387098e-01	37309.000000	0.000000e+00
1.926241e+00	4.519549e+01	2.286365e-01	39075.000000	0.000000e+00
1.950830e+00	4.405424e+01	2.220181e-01	39373.000000	0.000000e+00
1.975308e+00	4.364883e+01	2.160065e-01	40833.000000	0.000000e+00
1.999729e+00	4.336234e+01	2.136231e-01	41203.000000	0.000000e+00
2.024419e+00	4.271931e+01	2.043799e-01	43689.000000	0.000000e+00
2.049126e+00	4.190899e+01	2.009082e-01	43513.000000	0.000000e+00
2.073508e+00	4.120593e+01	1.954733e-01	44437.000000	0.000000e+00
2.097846e+00	4.076203e+01	1.907790e-01	45651.000000	0.000000e+00
2.122473e+00	4.034386e+01	1.851395e-01	47485.000000	0.000000e+00
2.147106e+00	3.984205e+01	1.819272e-01	47961.000000	0.000000e+00
2.171601e+00	3.912045e+01	1.764637e-01	49147.000000	0.000000e+00
2.196158e+00	3.844967e+01	1.713960e-01	50325.000000	0.000000e+00
2.220735e+00	3.836900e+01	1.688299e-01	51649.000000	0.000000e+00
2.245251e+00	3.775236e+01	1.653120e-01	52153.000000	0.000000e+00
2.269729e+00	3.715892e+01	1.599910e-01	53943.000000	0.000000e+00
2.294271e+00	3.649675e+01	1.560531e-01	54697.000000	0.000000e+00
2.318928e+00	3.613306e+01	1.516844e-01	56745.000000	0.000000e+00
2.343538e+00	3.561386e+01	1.491609e-01	57007.000000	0.000000e+00
2.368026e+00	3.506926e+01	1.450419e-01	58461.000000	0.000000e+00
2.392423e+00	3.461900e+01	1.424747e-01	59041.000000	0.000000e+00
2.416863e+00	3.400642e+01	1.376710e-01	61015.000000	0.000000e+00
2.441509e+00	3.347013e+01	1.337340e-01	62637.000000	0.000000e+00
2.466080e+00	3.325892e+01	1.323293e-01	63169.000000	0.000000e+00
2.490575e+00	3.270693e+01	1.286787e-01	64605.000000	0.000000e+00
2.515186e+00	3.199778e+01	1.240942e-01	66487.000000	0.000000e+00
2.539777e+00	3.180881e+01	1.228579e-01	67033.000000	0.000000e+00
2.564215e+00	3.141566e+01	1.202607e-01	68241.000000	0.000000e+00
2.588707e+00	3.086413e+01	1.166629e-01	69991.000000	0.000000e+00
2.613337e+00	3.062349e+01	1.145213e-01	71505.000000	0.000000e+00
2.637925e+00	3.035250e+01	1.125642e-01	72709.000000	0.000000e+00
2.662420e+00	2.993196e+01	1.104260e-01	73473.000000	0.000000e+00
2.686963e+00	2.959844e+01	1.075326e-01	75763.000000	0.000000e+00
2.711515e+00	2.933349e+01	1.062215e-01	76261.000000	0.000000e+00
2.735982e+00	2.901067e+01	1.038849e-01	77985.000000	0.000000e+00
2.760573e+00	2.859935e+01	1.011070e-01	80011.000000	0.000000e+00
2.785237e+00	2.824068e+01	9.922211e-02	81009.000000	0.000000e+00
2.809671e+00	2.785116e+01	9.749796e-02	81601.000000	0.000000e+00
2.834151e+00	2.746748e+01	9.472616e-02	84081.000000	0.000000e+00
2.858722e+00	2.722808e+01	9.330432e-02	85159.000000	0.000000e+00
2.883250e+00	2.678914e+01	9.099907e-02	86665.000000	0.000000e+00
2.907819e+00	2.646267e+01	8.903332e-02	88341.000000	0.000000e+00
2.932335e+00	2.616960e+01	8.748559e-02	89479.000000	0.000000e+00
2.956914e+00	2.582386e+01	8.536124e-02	91521.000000	0.000000e+00
2.981449e+00	2.559343e+01	8.418481e-02	92425.000000	0.000000e+00
3.005876e+00	2.539558e+01	8.301735e-02	93579.000000	0.000000e+00
3.030403e+00	2.495097e+01	8.040296e-02	96301.000000	0.000000e+00
3.055041e+00	2.452168e+01	7.846906e-02	97657.000000	0.000000e+00
3.079692e+00	2.431276e+01	7.711811e-02	99393.000000	0.000000e+00
3.104241e+00	2.385912e+01	7.537569e-02	100195.000000	0.000000e+00
3.128710e+00	2.380139e+01	7.463158e-02	101709.000000	0.000000e+00
3.153123e+00	2.340359e+01	7.291547e-02	103021.000000	0.000000e+00
3.177619e+00	2.329522e+01	7.168371e-02	105607.000000	0.000000e+00
3.202185e+00	2.284237e+01	6.989358e-02	106809.000000	0.000000e+00
3.226708e+00	2.269718e+01	6.887015e-02	108613.000000	0.000000e+00
3.251321e+00	2.243741e+01	6.741246e-02	110781.000000	0.000000e+00
3.275882e+00	2.209081e+01	6.611438e-02	111643.000000	0.000000e+00
3.300393e+00	2.166364e+01	6.425777e-02	113661.000000	0.000000e+00
3.324955e+00	2.171322e+01	6.395626e-02	115261.000000	0.000000e+00
3.349528e+00	2.145688e+01	6.260282e-02	117475.000000	0.000000e+00
3.374087e+00	2.111567e+01	6.136902e-02	118389.000000	0.000000e+00
3.398541e+00	2.100964e+01	6.064632e-02	120013.000000	0.000000e+00
3.423011e+00	2.078350e+01	5.952763e-02	121899.000000	0.000000e+00
3.447546e+00	2.047155e+01	5.810790e-02	124117.000000	0.000000e+00
3.472176e+00	2.020556e+01	5.677219e-02	126669.000000	0.000000e+00
3.496772e+00	1.998304e+01	5.608238e-02	126961.000000	0.000000e+00
3.521302e+00	1.972126e+01	5.471904e-02	129895.000000	0.000000e+00
3.545845e+00	1.948079e+01	5.393444e-02	130461.000000	0.000000e+00
3.570351e+00	1.929584e+01	5.284628e-02	133321.000000	0.000000e+00
3.594817e+00	1.910095e+01	5.225338e-02	133623.000000	0.000000e+00
3.619340e+00	1.890563e+01	5.100083e-02	137413.000000	0.000000e+00
3.643921e+00	1.874743e+01	5.042239e-02	138241.000000	0.000000e+00
3.668501e+00	1.846987e+01	4.919426e-02	140961.000000	0.000000e+00
3.693083e+00	1.829995e+01	4.851947e-02	142255.000000	0.000000e+00
3.717636e+00	1.815416e+01	4.781304e-02	144165.000000	0.000000e+00
3.742123e+00	1.791858e+01	4.699673e-02	145369.000000	0.000000e+00
3.766623e+00	1.770008e+01	4.597952e-02	148191.000000	0.000000e+00
3.791211e+00	1.752922e+01	4.523115e-02	150193.000000	0.000000e+00
3.815740e+00	1.737847e+01	4.465173e-02	151477.000000	0.000000e+00
3.840250e+00	1.712863e+01	4.368198e-02	153759.000000	0.000000e+00
3.864816e+00	1.701409e+01	4.306041e-02	156121.000000	0.000000e+00
3.889416e+00	1.679884e+01	4.223147e-02	158229.000000	0.000000e+00
3.913984e+00	1.668270e+01	4.175727e-02	159613.000000	0.000000e+00
3.938439e+00	1.650730e+01	4.115893e-02	160851.000000	0.000000e+00
3.962856e+00	1.639649e+01	4.061861e-02	162949.000000	0.000000e+00
3.987408e+00	1.610145e+01	3.941736e-02	166861.000000	0.000000e+00
4.011951e+00	1.591208e+01	3.894374e-02	166947.000000	0.000000e+00
4.036502e+00	1.581550e+01	3.826728e-02	170809.000000	0.000000e+00
4.061101e+00	1.566127e+01	3.775817e-02	172041.000000	0.000000e+00
4.085632e+00	1.545817e+01	3.707849e-02	173809.000000	0.000000e+00
4.110226e+00	1.535801e+01	3.646606e-02	177375.000000	0.000000e+00
4.134760e+00	1.514877e+01	3.600965e-02	176977.000000	0.000000e+00
4.159247e+00	1.502513e+01	3.533330e-02	180829.000000	0.000000e+00
4.183807e+00	1.490300e+01	3.487735e-02	182583.000000	0.000000e+00
4.208321e+00	1.469297e+01	3.424339e-02	184105.000000	0.000000e+00
4.232839e+00	1.457024e+01	3.366712e-02	187293.000000	0.000000e+00
4.257376e+00	1.444310e+01	3.328141e-02	188329.000000	0.000000e+00
4.281944e+00	1.426494e+01	3.251695e-02	192451.000000	0.000000e+00
4.306505e+00	1.409817e+01	3.212561e-02	192585.000000	0.000000e+00
4.331033e+00	1.398477e+01	3.157896e-02	196117.000000	0.000000e+00
4.355617e+00	1.392619e+01	3.128044e-02	198207.000000	0.000000e+00
4.380161e+00	1.378570e+01	3.085687e-02	199597.000000	0.000000e+00
4.404676e+00	1.365134e+01	3.033204e-02	202557.000000	0.000000e+00
4.429249e+00	1.349403e+01	2.981445e-02	204847.000000	0.000000e+00
4.453772e+00	1.342119e+01	2.954597e-02	206341.000000	0.000000e+00
4.478282e+00	1.328327e+01	2.904067e-02	209217.000000	0.000000e+00
4.502777e+00	1.314774e+01	2.865630e-02	210505.000000	0.000000e+00
4.527289e+00	1.298041e+01	2.804002e-02	214299.000000	0.000000e+00
4.551889e+00	1.290230e+01	2.772509e-02	216565.000000	0.000000e+00
4.576426e+00	1.268899e+01	2.718799e-02	217821.000000	0.000000e+00
4.600893e+00	1.262329e+01	2.690468e-02	220135.000000	0.000000e+00
4.625467e+00	1.253128e+01	2.645915e-02	224305.000000	0.000000e+00
4.650035e+00	1.238634e+01	2.611775e-02	224913.000000	0.000000e+00
4.674541e+00	1.225568e+01	2.568151e-02	227737.000000	0.000000e+00
4.699104e+00	1.217448e+01	2.533960e-02	230835.000000	0.000000e+00
4.723670e+00	1.203337e+01	2.494120e-02	232777.000000	0.000000e+00
4.748182e+00	1.193300e+01	2.464838e-02	234381.000000	0.000000e+00
4.772682e+00	1.183760e+01	2.428233e-02	237655.000000	0.000000e+00
4.797203e+00	1.170686e+01	2.393060e-02	239317.000000	0.000000e+00
4.821755e+00	1.159966e+01	2.350513e-02	243537.000000	0.000000e+00
4.846361e+00	1.150929e+01	2.324150e-02	245227.000000	0.000000e+00
4.870915e+00	1.137834e+01	2.288201e-02	247269.000000	0.000000e+00
4.895426e+00	1.129443e+01	2.260581e-02	249625.000000	0.000000e+00
4.919952e+00	1.121265e+01	2.232121e-02	252337.000000	0.000000e+00
4.944496e+00	1.104484e+01	2.185752e-02	255339.000000	0.000000e+00
4.969013e+00	1.096717e+01	2.165612e-02	256465.000000	0.000000e+00
4.993562e+00	1.087990e+01	2.128519e-02	261273.000000	0.000000e+00
5.018138e+00	1.078575e+01	2.106099e-02	262267.000000	0.000000e+00
5.042642e+00	1.071526e+01	2.082770e-02	264681.000000	0.000000e+00
5.067215e+00	1.058767e+01	2.041043e-02	269089.000000	0.000000e+00
5.091775e+00	1.048731e+01	2.020706e-02	269353.000000	0.000000e+00
5.116309e+00	1.042592e+01	1.991642e-02	274035.000000	0.000000e+00
5.140838e+00	1.030119e+01	1.966962e-02	274273.000000	0.000000e+00
5.165333e+00	1.022113e+01	1.936748e-02	278517.000000	0.000000e+00
5.189818e+00	1.015119e+01	1.920319e-02	279439.000000	0.000000e+00
5.214351e+00	1.005294e+01	1.883891e-02	284757.000000	0.000000e+00
5.238947e+00	9.983908e+00	1.865565e-02	286405.000000	0.000000e+00
5.263479e+00	9.866155e+00	1.836782e-02	288523.000000	0.000000e+00
5.288002e+00	9.801161e+00	1.814852e-02	291657.000000	0.000000e+00
5.312546e+00	9.719441e+00	1.791399e-02	294373.000000	0.000000e+00
5.337121e+00	9.632981e+00	1.765144e-02	297825.000000	0.000000e+00
5.361672e+00	9.545903e+00	1.744665e-02	299371.000000	0.000000e+00
5.386196e+00	9.475270e+00	1.722455e-02	302613.000000	0.000000e+00
5.410715e+00	9.391948e+00	1.701638e-02	304633.000000	0.000000e+00
5.435244e+00	9.311908e+00	1.676456e-02	308527.000000	0.000000e+00
5.459823e+00	9.239847e+00	1.655895e-02	311361.000000	0.000000e+00
5.484389e+00	9.176865e+00	1.637418e-02	314101.000000	0.000000e+00
5.508889e+00	9.126324e+00	1.626703e-02	314757.000000	0.000000e+00
5.533464e+00	8.999128e+00	1.585556e-02	322135.000000	0.000000e+00
5.558036e+00	8.923532e+00	1.577164e-02	320125.000000	0.000000e+00
5.582484e+00	8.863622e+00	1.555603e-02	324657.000000	0.000000e+00
5.606956e+00	8.809685e+00	1.541930e-02	326431.000000	0.000000e+00
5.631560e+00	8.741932e+00	1.513521e-02	333609.000000	0.000000e+00
5.656168e+00	8.669618e+00	1.502371e-02	333001.000000	0.000000e+00
5.680698e+00	8.588635e+00	1.480128e-02	336705.000000	0.000000e+00
5.705204e+00	8.522337e+00	1.464927e-02	338443.000000	0.000000e+00
5.729704e+00	8.451881e+00	1.444859e-02	342181.000000	0.000000e+00
5.754232e+00	8.375349e+00	1.425598e-02	345153.000000	0.000000e+00
5.778772e+00	8.317694e+00	1.408729e-02	348619.000000	0.000000e+00
5.803342e+00	8.246251e+00	1.391034e-02	351429.000000	0.000000e+00
5.827902e+00	8.184585e+00	1.374234e-02	354709.000000	0.000000e+00
5.852409e+00	8.142235e+00	1.364996e-02	355815.000000	0.000000e+00
5.876957e+00	8.072736e+00	1.342259e-02	361717.000000	0.000000e+00
5.901534e+00	7.986909e+00	1.325923e-02	362845.000000	0.000000e+00
5.926030e+00	7.926560e+00	1.311688e-02	365181.000000	0.000000e+00
5.950548e+00	7.884128e+00	1.296411e-02	369847.000000	0.000000e+00
5.975137e+00	7.823183e+00	1.280664e-02	373161.000000	0.000000e+00
5.999657e+00	7.749301e+00	1.267341e-02	373885.000000	0.000000e+00
6.024161e+00	7.697774e+00	1.250412e-02	378987.000000	0.000000e+00
6.048714e+00	7.642315e+00	1.237669e-02	381277.000000	0.000000e+00
6.073267e+00	7.569782e+00	1.219226e-02	385477.000000	0.000000e+00
6.097868e+00	7.505385e+00	1.203607e-02	388845.000000	0.000000e+00
6.122369e+00	7.469010e+00	1.198128e-02	388615.000000	0.000000e+00
6.146867e+00	7.400667e+00	1.177404e-02	395085.000000	0.000000e+00
6.171452e+00	7.343596e+00	1.164944e-02	397381.000000	0.000000e+00
6.195974e+00	7.309917e+00	1.155986e-02	399871.000000	0.000000e+00
6.220444e+00	7.230402e+00	1.141099e-02	401493.000000	0.000000e+00
6.244986e+00	7.187049e+00	1.123886e-02	408937.000000	0.000000e+00
6.269588e+00	7.142793e+00	1.115801e-02	409791.000000	0.000000e+00
6.294124e+00	7.090956e+00	1.103369e-02	413017.000000	0.000000e+00
6.318633e+00	7.022576e+00	1.089117e-02	415761.000000	0.000000e+00
6.343202e+00	6.971292e+00	1.074588e-02	420865.000000	0.000000e+00
6.367770e+00	6.926813e+00	1.065327e-02	422767.000000	0.000000e+00
6.392288e+00	6.874341e+00	1.053954e-02	425421.000000	0.000000e+00
6.416837e+00	6.826754e+00	1.040435e-02	430525.000000	0.000000e+00
6.441383e+00	6.790087e+00	1.033391e-02	431739.000000	0.000000e+00
6.465913e+00	6.719968e+00	1.017098e-02	436525.000000	0.000000e+00
6.490433e+00	6.673829e+00	1.008001e-02	438357.000000	0.000000e+00
6.514946e+00	6.616757e+00	9.948256e-03	442381.000000	0.000000e+00
6.539518e+00	6.574764e+00	9.827770e-03	447559.000000	0.000000e+00
6.564059e+00	6.533893e+00	9.764693e-03	447741.000000	0.000000e+00
6.588587e+00	6.483667e+00	9.624165e-03	453853.000000	0.000000e+00
6.613110e+00	6.443644e+00	9.558672e-03	454431.000000	0.000000e+00
6.637622e+00	6.387438e+00	9.418162e-03	459961.000000	0.000000e+00
6.662172e+00	6.330542e+00	9.305908e-03	462769.000000	0.000000e+00
6.686693e+00	6.295499e+00	9.224642e-03	465759.000000	0.000000e+00
6.711227e+00	6.249147e+00	9.115734e-03	469957.000000	0.000000e+00
6.735777e+00	6.211356e+00	9.026828e-03	473481.000000	0.000000e+00
6.760323e+00	6.176336e+00	8.949849e-03	476245.000000	0.000000e+00
6.784855e+00	6.120039e+00	8.830728e-03	480303.000000	0.000000e+00
6.809427e+00	6.098809e+00	8.761237e-03	484573.000000	0.000000e+00
6.833979e+00	6.047272e+00	8.670041e-03	486493.000000	0.000000e+00
6.858503e+00	5.977441e+00	8.533882e-03	490611.000000	0.000000e+00
6.883055e+00	5.957453e+00	8.473814e-03	494269.000000	0.000000e+00
6.907584e+00	5.910598e+00	8.381702e-03	497277.000000	0.000000e+00
6.932134e+00	5.863257e+00	8.277960e-03	501685.000000	0.000000e+00
6.956669e+00	5.824580e+00	8.203349e-03	504135.000000	0.000000e+00
6.981221e+00	5.788886e+00	8.112834e-03	509149.000000	0.000000e+00
7.005753e+00	5.741941e+00	8.035403e-03	510625.000000	0.000000e+00
7.030233e+00	5.722933e+00	7.979029e-03	514443.000000	0.000000e+00
7.054782e+00	5.673979e+00	7.868144e-03	520033.000000	0.000000e+00
7.079343e+00	5.629245e+00	7.785508e-03	522789.000000	0.000000e+00
7.103883e+00	5.596042e+00	7.715861e-03	526009.000000	0.000000e+00
7.128424e+00	5.562350e+00	7.637054e-03	530475.000000	0.000000e+00
7.152965e+00	5.521266e+00	7.562719e-03	532993.000000	0.000000e+00
7.177501e+00	5.485228e+00	7.481587e-03	537529.000000	0.000000e+00
7.202013e+00	5.457832e+00	7.429294e-03	539691.000000	0.000000e+00
7.226577e+00	5.407485e+00	7.313846e-03	546637.000000	0.000000e+00
7.251125e+00	5.395473e+00	7.295464e-03	546957.000000	0.000000e+00
7.275651e+00	5.340977e+00	7.184453e-03	552655.000000	0.000000e+00
7.300226e+00	5.306929e+00	7.112791e-03	556681.000000	0.000000e+00
7.324759e+00	5.254562e+00	7.031120e-03	558501.000000	0.000000e+00
7.349299e+00	5.230111e+00	6.963010e-03	564193.000000	0.000000e+00
7.373825e+00	5.206085e+00	6.922698e-03	565551.000000	0.000000e+00
7.398312e+00	5.173764e+00	6.853822e-03	569833.000000	0.000000e+00
7.422892e+00	5.125895e+00	6.745832e-03	577389.000000	0.000000e+00
7.447442e+00	5.094261e+00	6.710350e-03	576331.000000	0.000000e+00
7.471956e+00	5.063184e+00	6.631996e-03	582853.000000	0.000000e+00
7.496499e+00	5.033729e+00	6.576264e-03	585897.000000	0.000000e+00
7.521014e+00	4.988886e+00	6.502492e-03	588637.000000	0.000000e+00
7.545557e+00	4.967043e+00	6.437953e-03	595251.000000	0.000000e+00
7.570086e+00	4.950735e+00	6.413596e-03	595849.000000	0.000000e+00
7.594613e+00	4.907755e+00	6.324023e-03	602253.000000	0.000000e+00
7.619172e+00	4.886102e+00	6.277335e-03	605863.000000	0.000000e+00
7.643756e+00	4.847792e+00	6.202525e-03	610873.000000	0.000000e+00
7.668263e+00	4.810903e+00	6.157948e-03	610353.000000	0.000000e+00
7.692777e+00	4.777140e+00	6.073801e-03	618607.000000	0.000000e+00
7.717371e+00	4.754863e+00	6.028070e-03	622185.000000	0.000000e+00
7.741929e+00	4.722771e+00	5.972753e-03	625237.000000	0.000000e+00
7.766457e+00	4.698290e+00	5.928571e-03	628029.000000	0.000000e+00
7.790953e+00	4.671484e+00	5.876312e-03	631975.000000	0.000000e+00
7.815489e+00	4.634697e+00	5.804606e-03	637525.000000	0.000000e+00
7.840050e+00	4.604926e+00	5.748057e-03	641805.000000	0.000000e+00
7.864588e+00	4.579357e+00	5.704961e-03	644323.000000	0.000000e+00
7.889126e+00	4.550467e+00	5.646815e-03	649389.000000	0.000000e+00
7.913643e+00	4.526257e+00	5.606765e-03	651709.000000	0.000000e+00
7.938181e+00	4.490095e+00	5.534019e-03	658309.000000	0.000000e+00
7.962760e+00	4.469721e+00	5.491013e-03	662607.000000	0.000000e+00
7.987311e+00	4.449980e+00	5.460049e-03	664237.000000	0.000000e+00
8.011811e+00	4.409199e+00	5.394070e-03	668169.000000	0.000000e+00
8.036325e+00	4.394380e+00	5.354165e-03	673615.000000	0.000000e+00
8.060868e+00	4.369995e+00	5.308582e-03	677649.000000	0.000000e+00
8.085446e+00	4.345052e+00	5.254131e-03	683893.000000	0.000000e+00
8.109989e+00	4.309576e+00	5.211187e-03	683905.000000	0.000000e+00
8.134471e+00	4.286296e+00	5.164395e-03	688851.000000	0.000000e+00
8.159038e+00	4.255382e+00	5.096398e-03	697189.000000	0.000000e+00
8.183598e+00	4.226120e+00	5.064768e-03	696249.000000	0.000000e+00
8.208073e+00	4.212748e+00	5.030187e-03	701395.000000	0.000000e+00
8.232590e+00	4.177841e+00	4.970462e-03	706497.000000	0.000000e+00
8.257144e+00	4.165671e+00	4.935805e-03	712285.000000	0.000000e+00
8.281710e+00	4.139837e+00	4.893606e-03	715663.000000	0.000000e+00
8.306271e+00	4.119888e+00	4.855142e-03	720057.000000	0.000000e+00
8.330826e+00	4.086562e+00	4.800798e-03	724585.000000	0.000000e+00
8.355374e+00	4.056986e+00	4.757289e-03	727257.000000	0.000000e+00
8.379901e+00	4.047905e+00	4.728968e-03	732703.000000	0.000000e+00
8.404418e+00	4.023703e+00	4.693889e-03	734829.000000	0.000000e+00
8.428928e+00	4.001623e+00	4.649628e-03	740689.000000	0.000000e+00
8.453504e+00	3.973293e+00	4.594158e-03	747979.000000	0.000000e+00
8.478051e+00	3.953112e+00	4.573899e-03	746973.000000	0.000000e+00
8.502580e+00	3.929099e+00	4.517850e-03	756349.000000	0.000000e+00
8.527138e+00	3.903391e+00	4.487448e-03	756633.000000	0.000000e+00
8.551634e+00	3.885177e+00	4.451923e-03	761599.000000	0.000000e+00
8.576156e+00	3.858710e+00	4.405502e-03	767173.000000	0.000000e+00
8.600697e+00	3.838353e+00	4.370632e-03	771261.000000	0.000000e+00
8.625259e+00	3.816075e+00	4.327698e-03	777535.000000	0.000000e+00
8.649836e+00	3.798609e+00	4.299333e-03	780633.000000	0.000000e+00
8.674376e+00	3.780450e+00	4.267599e-03	784729.000000	0.000000e+00
8.698927e+00	3.756177e+00	4.226706e-03	789747.000000	0.000000e+00
8.723450e+00	3.732378e+00	4.194231e-03	791893.000000	0.000000e+00
8.747957e+00	3.705246e+00	4.148619e-03	797677.000000	0.000000e+00
8.772521e+00	3.689614e+00	4.113742e-03	804429.000000	0.000000e+00
8.797047e+00	3.681002e+00	4.103870e-03	804535.000000	0.000000e+00
8.821541e+00	3.653751e+00	4.057568e-03	810861.000000	0.000000e+00
8.846076e+00	3.639804e+00	4.028528e-03	816325.000000	0.000000e+00
8.870641e+00	3.603595e+00	3.973697e-03	822399.000000	0.000000e+00
8.895170e+00	3.602001e+00	3.971682e-03	822505.000000	0.000000e+00
8.919713e+00	3.578688e+00	3.921849e-03	832657.000000	0.000000e+00
8.944263e+00	3.555287e+00	3.898067e-03	831861.000000	0.000000e+00
8.968772e+00	3.539154e+00	3.863063e-03	839335.000000	0.000000e+00
8.993334e+00	3.515107e+00	3.824609e-03	844701.000000	0.000000e+00
9.017895e+00	3.500011e+00	3.800892e-03	847945.000000	0.000000e+00
9.042430e+00	3.479299e+00	3.767376e-03	852915.000000	0.000000e+00
9.066970e+00	3.460615e+00	3.738663e-03	856789.000000	0.000000e+00
9.091538e+00	3.445951e+00	3.705322e-03	864901.000000	0.000000e+00
9.116063e+00	3.428261e+00	3.691523e-03	862455.000000	0.000000e+00
9.140573e+00	3.408993e+00	3.647534e-03	873481.000000	0.000000e+00
9.165140e+00	3.390013e+00	3.622336e-03	875841.000000	0.000000e+00
9.189653e+00	3.374337e+00	3.599614e-03	878749.000000	0.000000e+00
9.214176e+00	3.354332e+00	3.562582e-03	886507.000000	0.000000e+00
9.238722e+00	3.338934e+00	3.540980e-03	889137.000000	0.000000e+00
9.263252e+00	3.323716e+00	3.512859e-03	895213.000000	0.000000e+00
9.287810e+00	3.310246e+00	3.488021e-03	900663.000000	0.000000e+00
9.312363e+00	3.289240e+00	3.458985e-03	904261.000000	0.000000e+00
9.336898e+00	3.272501e+00	3.432179e-03	909117.000000	0.000000e+00
9.361428e+00	3.259670e+00	3.411561e-03	912937.000000	0.000000e+00
9.385969e+00	3.239202e+00	3.377081e-03	920011.000000	0.000000e+00
9.410496e+00	3.221156e+00	3.356010e-03	921249.000000	0.000000e+00
9.435027e+00	3.206480e+00	3.324921e-03	930025.000000	0.000000e+00
9.459577e+00	3.189032e+00	3.302778e-03	932307.000000	0.000000e+00
9.484080e+00	3.173027e+00	3.279879e-03	935905.000000	0.000000e+00
9.508599e+00	3.152769e+00	3.245162e-03	943869.000000	0.000000e+00
9.533177e+00	3.144158e+00	3.226747e-03	949465.000000	0.000000e+00
9.557740e+00	3.123203e+00	3.199575e-03	952831.000000	0.000000e+00
9.582283e+00	3.107478e+00	3.175414e-03	957669.000000	0.000000e+00
9.606825e+00	3.095389e+00	3.155236e-03	962425.000000	0.000000e+00
9.631356e+00	3.081254e+00	3.133371e-03	967011.000000	0.000000e+00
9.655881e+00	3.063300e+00	3.108181e-03	971329.000000	0.000000e+00
9.680426e+00	3.054924e+00	3.087898e-03	978757.000000	0.000000e+00
9.704942e+00	3.037360e+00	3.069897e-03	978915.000000	0.000000e+00
9.729497e+00	3.021939e+00	3.034753e-03	991573.000000	0.000000e+00
9.754046e+00	3.007026e+00	3.023664e-03	989025.000000	0.000000e+00
9.778535e+00	2.994055e+00	3.000530e-03	995689.000000	0.000000e+00
9.803103e+00	2.979833e+00	2.970333e-03	1006407.000000	0.000000e+00
9.827649e+00	2.969721e+00	2.964838e-03	1003297.000000	0.000000e+00
9.852180e+00	2.953475e+00	2.930742e-03	1015573.000000	0.000000e+00
9.876731e+00	2.943141e+00	2.921089e-03	1015155.000000	0.000000e+00
9.901284e+00	2.926606e+00	2.890519e-03	1025125.000000	0.000000e+00
9.925835e+00	2.916965e+00	2.879453e-03	1026225.000000	0.000000e+00
9.950350e+00	2.900329e+00	2.855854e-03	1031389.000000	0.000000e+00
9.974902e+00	2.888569e+00	2.832400e-03	1040055.000000	0.000000e+00
9.999429e+00	2.872033e+00	2.817635e-03	1038985.000000	0.000000e+00
1.002392e+01	2.852910e+00	2.787245e-03	1047673.000000	0.000000e+00
1.004849e+01	2.850352e+00	2.774450e-03	1055463.000000	0.000000e+00
1.007303e+01	2.838587e+00	2.762076e-03	1056169.000000	0.000000e+00
1.009756e+01	2.828929e+00	2.741894e-03	1064493.000000	0.000000e+00
1.012209e+01	2.813068e+00	2.723823e-03	1066603.000000	0.000000e+00
1.014664e+01	2.801913e+00	2.700816e-03	1076265.000000	0.000000e+00
1.017120e+01	2.783752e+00	2.680677e-03	1078381.000000	0.000000e+00
1.019572e+01	2.781157e+00	2.673170e-03	1082425.000000	0.000000e+00
1.022025e+01	2.762090e+00	2.645051e-03	1090455.000000	0.000000e+00
1.024479e+01	2.755671e+00	2.635283e-03	1093453.000000	0.000000e+00
1.026933e+01	2.742120e+00	2.614109e-03	1100337.000000	0.000000e+00
1.029386e+01	2.730579e+00	2.598493e-03	1104247.000000	0.000000e+00
1.031842e+01	2.718242e+00	2.577548e-03	1112149.000000	0.000000e+00
1.034296e+01	2.707103e+00	2.563865e-03	1114857.000000	0.000000e+00
1.036749e+01	2.692538e+00	2.544172e-03	1120033.000000	0.000000e+00
1.039203e+01	2.681993e+00	2.525642e-03	1127643.000000	0.000000e+00
1.041655e+01	2.678650e+00	2.521718e-03	1128337.000000	0.000000e+00
1.044111e+01	2.664599e+00	2.493844e-03	1141629.000000	0.000000e+00
1.046570e+01	2.654136e+00	2.483493e-03	1142143.000000	0.000000e+00
1.049021e+01	2.641807e+00	2.469008e-03	1144873.000000	0.000000e+00
1.051473e+01	2.633493e+00	2.451305e-03	1154169.000000	0.000000e+00
1.053925e+01	2.619517e+00	2.437399e-03	1155019.000000	0.000000e+00
1.056380e+01	2.610496e+00	2.415315e-03	1168149.000000	0.000000e+00
1.058835e+01	2.602000e+00	2.409010e-03	1166641.000000	0.000000e+00
1.061283e+01	2.590058e+00	2.393702e-03	1170789.000000	0.000000e+00
1.063739e+01	2.580932e+00	2.370196e-03	1185727.000000	0.000000e+00
1.066197e+01	2.571701e+00	2.363375e-03	1184065.000000	0.000000e+00
1.068650e+01	2.561107e+00	2.346319e-03	1191465.000000	0.000000e+00
1.071103e+01	2.551619e+00	2.334656e-03	1194499.000000	0.000000e+00
1.073555e+01	2.536802e+00	2.313913e-03	1201929.000000	0.000000e+00
1.076011e+01	2.531438e+00	2.301766e-03	1209517.000000	0.000000e+00
1.078466e+01	2.524049e+00	2.292290e-03	1212429.000000	0.000000e+00
1.080918e+01	2.513264e+00	2.278307e-03	1216891.000000	0.000000e+00
1.083370e+01	2.505602e+00	2.265954e-03	1222705.000000	0.000000e+00
1.085823e+01	2.497581e+00	2.251380e-03	1230669.000000	0.000000e+00
1.088282e+01	2.489780e+00	2.236622e-03	1239187.000000	0.000000e+00
1.090737e+01	2.473768e+00	2.223560e-03	1237713.000000	0.000000e+00
1.093189e+01	2.473252e+00	2.215023e-03	1246753.000000	0.000000e+00
1.095642e+01	2.460550e+00	2.200567e-03	1250245.000000	0.000000e+00
1.098096e+01	2.454728e+00	2.186749e-03	1260111.000000	0.000000e+00
1.100552e+01	2.448759e+00	2.179847e-03	1261945.000000	0.000000e+00
1.103005e+01	2.437766e+00	2.164309e-03	1268661.000000	0.000000e+00
1.105458e+01	2.429054e+00	2.151980e-03	1274083.000000	0.000000e+00
1.107911e+01	2.424127e+00	2.143137e-03	1279413.000000	0.000000e+00
1.110366e+01	2.414020e+00	2.127544e-03	1287433.000000	0.000000e+00
1.112821e+01	2.416606e+00	2.126767e-03	1291135.000000	0.000000e+00
1.115273e+01	2.398160e+00	2.106942e-03	1295541.000000	0.000000e+00
1.117726e+01	2.392008e+00	2.095564e-03	1302937.000000	0.000000e+00
1.120181e+01	2.384886e+00	2.083970e-03	1309641.000000	0.000000e+00
1.122634e+01	2.383659e+00	2.080708e-03	1312399.000000	0.000000e+00
1.125085e+01	2.374337e+00	2.067528e-03	1318809.000000	0.000000e+00
1.127541e+01	2.366344e+00	2.052198e-03	1329589.000000	0.000000e+00
1.129999e+01	2.357655e+00	2.043026e-03	1331719.000000	0.000000e+00
1.132451e+01	2.353571e+00	2.036808e-03	1335225.000000	0.000000e+00
1.134903e+01	2.343972e+00	2.022102e-03	1343689.000000	0.000000e+00
1.137357e+01	2.338799e+00	2.014282e-03	1348173.000000	0.000000e+00
1.139811e+01	2.333759e+00	2.003949e-03	1356247.000000	0.000000e+00
1.142265e+01	2.329027e+00	1.997940e-03	1358889.000000	0.000000e+00
1.144718e+01	2.322235e+00	1.986035e-03	1367221.000000	0.000000e+00
1.147174e+01	2.319868e+00	1.979079e-03	1374043.000000	0.000000e+00
1.149628e+01	2.306654e+00	1.965497e-03	1377273.000000	0.000000e+00
1.152079e+01	2.304348e+00	1.960594e-03	1381405.000000	0.000000e+00
1.154533e+01	2.295207e+00	1.944656e-03	1393023.000000	0.000000e+00
1.156988e+01	2.296827e+00	1.945418e-03	1393897.000000	0.000000e+00
1.159441e+01	2.285512e+00	1.929598e-03	1402921.000000	0.000000e+00
1.161895e+01	2.282839e+00	1.924064e-03	1407705.000000	0.000000e+00
1.164349e+01	2.280491e+00	1.917677e-03	1414183.000000	0.000000e+00
1.166804e+01	2.272332e+00	1.907040e-03	1419789.000000	0.000000e+00
1.169259e+01	2.268483e+00	1.898767e-03	1427341.000000	0.000000e+00
1.171712e+01	2.264641e+00	1.894530e-03	1428879.000000	0.000000e+00
1.174164e+01	2.259212e+00	1.883822e-03	1438249.000000	0.000000e+00
1.176619e+01	2.257581e+00	1.877823e-03	1445365.000000	0.000000e+00
1.179072e+01	2.250213e+00	1.870882e-03	1446621.000000	0.000000e+00
1.181525e+01	2.247146e+00	1.861382e-03	1457443.000000	0.000000e+00
1.183979e+01	2.239676e+00	1.852899e-03	1461057.000000	0.000000e+00
1.186435e+01	2.238881e+00	1.846567e-03	1470049.000000	0.000000e+00
1.188889e+01	2.232497e+00	1.839200e-03	1473411.000000	0.000000e+00
1.191343e+01	2.232136e+00	1.834858e-03	1479913.000000	0.000000e+00
1.193797e+01	2.226681e+00	1.826137e-03	1486789.000000	0.000000e+00
1.196251e+01	2.227307e+00	1.823649e-03	1491687.000000	0.000000e+00
1.198703e+01	2.220691e+00	1.814922e-03	1497133.000000	0.000000e+00
1.201156e+01	2.216912e+00	1.807055e-03	1505061.000000	0.000000e+00
1.203612e+01	2.215969e+00	1.802444e-03	1511485.000000	0.000000e+00
1.206065e+01	2.214047e+00	1.798525e-03	1515447.000000	0.000000e+00
1.208515e+01	2.210478e+00	1.793037e-03	1519825.000000	0.000000e+00
1.210971e+01	2.207599e+00	1.781422e-03	1535701.000000	0.000000e+00
1.213428e+01	2.204373e+00	1.780934e-03	1532055.000000	0.000000e+00
1.215881e+01	2.203970e+00	1.773099e-03	1545061.000000	0.000000e+00
1.218336e+01	2.200819e+00	1.770250e-03	1545609.000000	0.000000e+00
1.220787e+01	2.197246e+00	1.763482e-03	1552441.000000	0.000000e+00
1.223242e+01	2.197047e+00	1.756874e-03	1563859.000000	0.000000e+00
1.225696e+01	2.194929e+00	1.755341e-03	1563573.000000	0.000000e+00
1.228148e+01	2.191916e+00	1.747326e-03	1573621.000000	0.000000e+00
1.230602e+01	2.195182e+00	1.747119e-03	1578687.000000	0.000000e+00
1.233056e+01	2.191042e+00	1.740007e-03	1585621.000000	0.000000e+00
1.235512e+01	2.188913e+00	1.733074e-03	1595229.000000	0.000000e+00
1.237965e+01	2.193745e+00	1.737930e-03	1593337.000000	0.000000e+00
1.240419e+01	2.189175e+00	1.725447e-03	1609747.000000	0.000000e+00
1.242874e+01	2.188656e+00	1.726440e-03	1607133.000000	0.000000e+00
1.245325e+01	2.187916e+00	1.720959e-03	1616293.000000	0.000000e+00
1.247780e+01	2.190292e+00	1.716828e-03	1627611.000000	0.000000e+00
1.250235e+01	2.190454e+00	1.717570e-03	1626445.000000	0.000000e+00
1.252688e+01	2.190430e+00	1.710926e-03	1639065.000000	0.000000e+00
1.255143e+01	2.187333e+00	1.707172e-03	1641631.000000	0.000000e+00
1.257596e+01	2.184651e+00	1.703275e-03	1645109.500000	0.000000e+00
1.260049e+01	2.179302e+00	1.700581e-03	1642254.000000	0.000000e+00
1.262503e+01	2.174219e+00	1.698229e-03	1639132.000000	0.000000e+00
1.264958e+01	2.167287e+00	1.693962e-03	1636914.000000	0.000000e+00
1.267411e+01	2.161767e+00	1.692872e-03	1630684.000000	0.000000e+00
1.269864e+01	2.158027e+00	1.690960e-03	1628722.000000	0.000000e+00
1.272316e+01	2.148085e+00	1.685397e-03	1624422.000000	0.000000e+00
1.274773e+01	2.143292e+00	1.680163e-03	1627270.000000	0.000000e+00
1.277225e+01	2.136503e+00	1.682682e-03	1612140.000000	0.000000e+00
1.279677e+01	2.130116e+00	1.673795e-03	1619578.000000	0.000000e+00
1.282133e+01	2.124038e+00	1.673971e-03	1610010.000000	0.000000e+00
1.284587e+01	2.117420e+00	1.668396e-03	1610704.000000	0.000000e+00
1.287043e+01	2.111575e+00	1.666608e-03	1605262.000000	0.000000e+00
1.289495e+01	2.106416e+00	1.665601e-03	1599360.000000	0.000000e+00
1.291951e+01	2.098698e+00	1.658166e-03	1601932.000000	0.000000e+00
1.294403e+01	2.090601e+00	1.658693e-03	1588584.000000	0.000000e+00
1.296853e+01	2.082203e+00	1.650436e-03	1591654.000000	0.000000e+00
1.299309e+01	2.079389e+00	1.649567e-03	1589028.000000	0.000000e+00
1.301763e+01	2.072330e+00	1.647990e-03	1581280.000000	0.000000e+00
1.304217e+01	2.067318e+00	1.644126e-03	1581046.000000	0.000000e+00
1.306670e+01	2.060622e+00	1.641968e-03	1574952.000000	0.000000e+00
1.309123e+01	2.054056e+00	1.638554e-03	1571458.000000	0.000000e+00
1.311579e+01	2.046808e+00	1.632905e-03	1571202.000000	0.000000e+00
1.314034e+01	2.042640e+00	1.633072e-03	1564492.000000	0.000000e+00
1.316488e+01	2.039148e+00	1.632302e-03	1560618.000000	0.000000e+00
1.318940e+01	2.032364e+00	1.629317e-03	1555936.000000	0.000000e+00
1.321393e+01	2.026204e+00	1.626290e-03	1552282.000000	0.000000e+00
1.323848e+01	2.022625e+00	1.623661e-03	1551816.000000	0.000000e+00
1.326302e+01	2.013082e+00	1.620705e-03	1542820.000000	0.000000e+00
1.328757e+01	2.010295e+00	1.617608e-03	1544448.000000	0.000000e+00
1.331210e+01	2.002885e+00	1.616767e-03	1534678.000000	0.000000e+00
1.333662e+01	2.001417e+00	1.616318e-03	1533280.000000	0.000000e+00
1.336117e+01	1.997098e+00	1.613988e-03	1531080.000000	0.000000e+00
1.338570e+01	1.990311e+00	1.612706e-03	1523110.000000	0.000000e+00
1.341022e+01	1.984672e+00	1.609125e-03	1521240.000000	0.000000e+00
1.343476e+01	1.979481e+00	1.607224e-03	1516876.000000	0.000000e+00
1.345932e+01	1.975443e+00	1.604617e-03	1515606.000000	0.000000e+00
1.348389e+01	1.969358e+00	1.602064e-03	1511086.000000	0.000000e+00
1.350843e+01	1.963588e+00	1.601845e-03	1502656.000000	0.000000e+00
1.353293e+01	1.959443e+00	1.600554e-03	1498734.000000	0.000000e+00
1.355748e+01	1.956526e+00	1.598285e-03	1498522.000000	0.000000e+00
1.358203e+01	1.950941e+00	1.597358e-03	1491708.000000	0.000000e+00
1.360658e+01	1.944185e+00	1.592962e-03	1489582.000000	0.000000e+00
1.363111e+01	1.942653e+00	1.596458e-03	1480728.000000	0.000000e+00
1.365563e+01	1.934861e+00	1.590137e-03	1480576.000000	0.000000e+00
1.368019e+01	1.934831e+00	1.592647e-03	1475866.000000	0.000000e+00
1.370473e+01	1.930470e+00	1.592472e-03	1469544.000000	0.000000e+00
1.372924e+01	1.925428e+00	1.591400e-03	1463848.000000	0.000000e+00
1.375380e+01	1.918276e+00	1.583717e-03	1467126.000000	0.000000e+00
1.377836e+01	1.915377e+00	1.588135e-03	1454566.000000	0.000000e+00
1.380287e+01	1.907640e+00	1.583330e-03	1451610.000000	0.000000e+00
1.382737e+01	1.904791e+00	1.584129e-03	1445818.000000	0.000000e+00
1.385191e+01	1.902386e+00	1.582020e-03	1446016.000000	0.000000e+00
1.387648e+01	1.900686e+00	1.583724e-03	1440330.000000	0.000000e+00
1.390103e+01	1.895296e+00	1.581478e-03	1436242.000000	0.000000e+00
1.392557e+01	1.889770e+00	1.581425e-03	1427976.000000	0.000000e+00
1.395012e+01	1.884702e+00	1.576668e-03	1428910.000000	0.000000e+00
1.397464e+01	1.882001e+00	1.581895e-03	1415416.000000	0.000000e+00
1.399917e+01	1.879241e+00	1.576677e-03	1420626.000000	0.000000e+00
1.402372e+01	1.873342e+00	1.578486e-03	1408486.000000	0.000000e+00
1.404824e+01	1.867752e+00	1.574587e-03	1407036.000000	0.000000e+00
1.407278e+01	1.866047e+00	1.575733e-03	1402426.000000	0.000000e+00
1.409731e+01	1.863568e+00	1.577613e-03	1395372.000000	0.000000e+00
1.412183e+01	1.854505e+00	1.571537e-03	1392538.000000	0.000000e+00
1.414639e+01	1.855838e+00	1.573915e-03	1390330.000000	0.000000e+00
1.417094e+01	1.847691e+00	1.572568e-03	1380510.000000	0.000000e+00
1.419546e+01	1.845285e+00	1.571270e-03	1379194.000000	0.000000e+00
1.422001e+01	1.843130e+00	1.573316e-03	1372398.000000	0.000000e+00
1.424455e+01	1.838864e+00	1.571531e-03	1369156.000000	0.000000e+00
1.426908e+01	1.838638e+00	1.576128e-03	1360848.000000	0.000000e+00
1.429362e+01	1.830339e+00	1.568969e-03	1360924.000000	0.000000e+00
1.431818e+01	1.828249e+00	1.572065e-03	1352476.000000	0.000000e+00
1.434273e+01	1.827569e+00	1.573117e-03	1349664.000000	0.000000e+00
1.436724e+01	1.823579e+00	1.576044e-03	1338790.000000	0.000000e+00
1.439177e+01	1.819775e+00	1.570803e-03	1342122.000000	0.000000e+00
1.441633e+01	1.818235e+00	1.575895e-03	1331206.000000	0.000000e+00
1.444087e+01	1.813049e+00	1.572690e-03	1329024.000000	0.000000e+00
1.446541e+01	1.809943e+00	1.574232e-03	1321882.000000	0.000000e+00
1.448996e+01	1.808244e+00	1.574269e-03	1319338.000000	0.000000e+00
1.451448e+01	1.802337e+00	1.575371e-03	1308900.000000	0.000000e+00
1.453902e+01	1.802448e+00	1.574733e-03	1310122.000000	0.000000e+00
1.456356e+01	1.798943e+00	1.577849e-03	1299882.000000	0.000000e+00
1.458809e+01	1.794969e+00	1.576523e-03	1296322.000000	0.000000e+00
1.461262e+01	1.794320e+00	1.578502e-03	1292140.000000	0.000000e+00
1.463716e+01	1.790350e+00	1.579743e-03	1284408.000000	0.000000e+00
1.466171e+01	1.784048e+00	1.574945e-03	1283164.000000	0.000000e+00
1.468625e+01	1.787215e+00	1.583686e-03	1273548.000000	0.000000e+00
1.471078e+01	1.780908e+00	1.580386e-03	1269862.000000	0.000000e+00
1.473534e+01	1.783144e+00	1.584126e-03	1267050.000000	0.000000e+00
1.475987e+01	1.778478e+00	1.587289e-03	1255408.000000	0.000000e+00
1.478439e+01	1.775013e+00	1.584162e-03	1255462.000000	0.000000e+00
1.480894e+01	1.770455e+00	1.585574e-03	1246800.000000	0.000000e+00
1.483348e+01	1.768849e+00	1.585725e-03	1244302.000000	0.000000e+00
1.485802e+01	1.763543e+00	1.586831e-03	1235124.000000	0.000000e+00
1.488256e+01	1.763243e+00	1.587909e-03	1233028.000000	0.000000e+00
1.490708e+01	1.761617e+00	1.593124e-03	1222710.000000	0.000000e+00
1.493162e+01	1.761990e+00	1.593921e-03	1222006.000000	0.000000e+00
1.495618e+01	1.757161e+00	1.593631e-03	1215760.000000	0.000000e+00
1.498071e+01	1.755679e+00	1.598156e-03	1206846.000000	0.000000e+00
1.500525e+01	1.754543e+00	1.598706e-03	1204456.000000	0.000000e+00
1.502980e+01	1.750339e+00	1.599402e-03	1197648.000000	0.000000e+00
1.505434e+01	1.749453e+00	1.603312e-03	1190608.000000	0.000000e+00
1.507886e+01	1.750122e+00	1.606971e-03	1186098.000000	0.000000e+00
1.510342e+01	1.742782e+00	1.603541e-03	1181206.000000	0.000000e+00
1.512796e+01	1.744928e+00	1.611326e-03	1172704.000000	0.000000e+00
1.515246e+01	1.746638e+00	1.616550e-03	1167420.000000	0.000000e+00
1.517700e+01	1.740642e+00	1.613896e-03	1163236.000000	0.000000e+00
1.520157e+01	1.741542e+00	1.617552e-03	1159182.000000	0.000000e+00
1.522611e+01	1.738155e+00	1.622541e-03	1147588.000000	0.000000e+00
1.525063e+01	1.739963e+00	1.625172e-03	1146256.000000	0.000000e+00
1.527518e+01	1.735021e+00	1.626435e-03	1137984.000000	0.000000e+00
1.529972e+01	1.732258e+00	1.627394e-03	1133026.000000	0.000000e+00
1.532424e+01	1.737563e+00	1.637889e-03	1125414.000000	0.000000e+00
1.534877e+01	1.733660e+00	1.637405e-03	1121026.000000	0.000000e+00
1.537332e+01	1.734703e+00	1.642552e-03	1115352.000000	0.000000e+00
1.539786e+01	1.733748e+00	1.647259e-03	1107766.000000	0.000000e+00
1.542240e+01	1.730418e+00	1.647186e-03	1103614.000000	0.000000e+00
1.544694e+01	1.730550e+00	1.653538e-03	1095318.000000	0.000000e+00
1.547149e+01	1.730146e+00	1.656414e-03	1091008.000000	0.000000e+00
1.549603e+01	1.728673e+00	1.660288e-03	1084074.000000	0.000000e+00
1.552054e+01	1.727959e+00	1.667243e-03	1074160.000000	0.000000e+00
1.554506e+01	1.727260e+00	1.667280e-03	1073244.000000	0.000000e+00
1.556963e+01	1.726819e+00	1.672071e-03	1066558.000000	0.000000e+00
1.559418e+01	1.724979e+00	1.677091e-03	1057924.000000	0.000000e+00
1.561873e+01	1.727688e+00	1.682809e-03	1054050.000000	0.000000e+00
1.564327e+01	1.725723e+00	1.688735e-03	1044286.000000	0.000000e+00
1.566780e+01	1.723203e+00	1.688436e-03	1041606.000000	0.000000e+00
1.569233e+01	1.723966e+00	1.698017e-03	1030798.000000	0.000000e+00
1.571685e+01	1.722745e+00	1.699492e-03	1027552.000000	0.000000e+00
1.574141e+01	1.722398e+00	1.704311e-03	1021338.000000	0.000000e+00
1.576595e+01	1.723743e+00	1.712361e-03	1013338.000000	0.000000e+00
1.579049e+01	1.722372e+00	1.715366e-03	1008186.000000	0.000000e+00
1.581502e+01	1.722475e+00	1.722997e-03	999394.000000	0.000000e+00
1.583955e+01	1.721261e+00	1.725842e-03	994698.000000	0.000000e+00
1.586407e+01	1.720251e+00	1.731487e-03	987064.000000	0.000000e+00
1.588861e+01	1.722683e+00	1.739245e-03	981046.000000	0.000000e+00
1.591315e+01	1.721876e+00	1.743474e-03	975378.000000	0.000000e+00
1.593770e+01	1.724359e+00	1.752589e-03	968044.000000	0.000000e+00
1.596225e+01	1.724936e+00	1.759143e-03	961488.000000	0.000000e+00
1.598677e+01	1.724776e+00	1.766527e-03	953290.000000	0.000000e+00
1.601131e+01	1.724111e+00	1.769769e-03	949068.000000	0.000000e+00
1.603586e+01	1.724260e+00	1.777525e-03	940966.000000	0.000000e+00
1.606040e+01	1.727648e+00	1.787613e-03	934036.000000	0.000000e+00
1.608493e+01	1.727962e+00	1.794095e-03	927636.000000	0.000000e+00
1.610947e+01	1.726618e+00	1.800315e-03	919804.000000	0.000000e+00
1.613400e+01	1.728790e+00	1.808308e-03	913986.000000	0.000000e+00
1.615854e+01	1.732764e+00	1.818867e-03	907564.000000	0.000000e+00
1.618310e+01	1.734775e+00	1.828126e-03	900480.000000	0.000000e+00
1.620765e+01	1.735550e+00	1.836165e-03	893410.000000	0.000000e+00
1.623216e+01	1.733362e+00	1.844227e-03	883384.000000	0.000000e+00
1.625669e+01	1.735888e+00	1.849434e-03	880980.000000	0.000000e+00
1.628123e+01	1.735263e+00	1.859073e-03	871240.000000	0.000000e+00
1.630580e+01	1.740542e+00	1.868830e-03	867420.000000	0.000000e+00
1.633036e+01	1.738701e+00	1.877601e-03	857518.000000	0.000000e+00
1.635486e+01	1.742649e+00	1.891691e-03	848632.000000	0.000000e+00
1.637939e+01	1.743666e+00	1.896175e-03	845610.000000	0.000000e+00
1.640395e+01	1.743636e+00	1.906637e-03	836326.000000	0.000000e+00
1.642848e+01	1.746977e+00	1.918363e-03	829302.000000	0.000000e+00
1.645298e+01	1.752002e+00	1.934197e-03	820480.000000	0.000000e+00
1.647753e+01	1.749906e+00	1.935969e-03	817020.000000	0.000000e+00
1.650209e+01	1.751333e+00	1.947884e-03	808372.000000	0.000000e+00
1.652660e+01	1.751217e+00	1.960028e-03	798280.000000	0.000000e+00
1.655114e+01	1.752037e+00	1.964194e-03	795642.000000	0.000000e+00
1.657571e+01	1.755076e+00	1.979303e-03	786262.000000	0.000000e+00
1.660025e+01	1.758740e+00	1.994097e-03	777876.000000	0.000000e+00
1.662478e+01	1.759619e+00	2.002129e-03	772420.000000	0.000000e+00
1.664931e+01	1.760550e+00	2.016274e-03	762426.000000	0.000000e+00
1.667386e+01	1.767217e+00	2.028651e-03	758866.000000	0.000000e+00
1.669842e+01	1.766453e+00	2.042064e-03	748282.000000	0.000000e+00
1.672293e+01	1.768500e+00	2.054668e-03	740844.000000	0.000000e+00
1.674748e+01	1.769827e+00	2.063049e-03	735940.000000	0.000000e+00
1.677204e+01	1.776833e+00	2.085554e-03	725856.000000	0.000000e+00
1.679655e+01	1.778192e+00	2.097598e-03	718642.000000	0.000000e+00
1.682107e+01	1.780836e+00	2.111112e-03	711582.000000	0.000000e+00
1.684563e+01	1.781101e+00	2.121607e-03	704770.000000	0.000000e+00
1.687018e+01	1.785704e+00	2.139097e-03	696880.000000	0.000000e+00
1.689472e+01	1.785261e+00	2.152490e-03	687894.000000	0.000000e+00
1.691924e+01	1.788370e+00	2.165888e-03	681778.000000	0.000000e+00
1.694378e+01	1.784747e+00	2.176342e-03	672510.000000	0.000000e+00
1.696830e+01	1.799059e+00	2.204733e-03	665854.000000	0.000000e+00
1.699283e+01	1.800318e+00	2.220052e-03	657616.000000	0.000000e+00
1.701740e+01	1.799631e+00	2.229117e-03	651780.000000	0.000000e+00
1.704195e+01	1.802351e+00	2.249367e-03	642034.000000	0.000000e+00
1.706646e+01	1.802240e+00	2.265158e-03	633036.000000	0.000000e+00
1.709097e+01	1.811219e+00	2.286054e-03	627724.000000	0.000000e+00
1.711553e+01	1.807021e+00	2.296335e-03	619236.000000	0.000000e+00
1.714008e+01	1.808928e+00	2.314559e-03	610810.000000	0.000000e+00
1.716463e+01	1.818403e+00	2.338287e-03	604762.000000	0.000000e+00
1.718918e+01	1.812176e+00	2.351783e-03	593754.000000	0.000000e+00
1.721369e+01	1.824154e+00	2.379383e-03	587752.000000	0.000000e+00
1.723823e+01	1.818276e+00	2.389996e-03	578796.000000	0.000000e+00
1.726278e+01	1.828955e+00	2.418419e-03	571930.000000	0.000000e+00
1.728731e+01	1.822388e+00	2.428866e-03	562956.000000	0.000000e+00
1.731188e+01	1.825583e+00	2.447968e-03	556150.000000	0.000000e+00
1.733641e+01	1.828050e+00	2.473199e-03	546334.000000	0.000000e+00
1.736091e+01	1.827759e+00	2.492825e-03	537594.000000	0.000000e+00
1.738543e+01	1.836758e+00	2.517382e-03	532360.000000	0.000000e+00
1.741000e+01	1.832352e+00	2.536171e-03	521988.000000	0.000000e+00
1.743456e+01	1.834134e+00	2.553582e-03	515896.000000	0.000000e+00
1.745909e+01	1.831430e+00	2.576378e-03	505314.000000	0.000000e+00
1.748363e+01	1.830759e+00	2.592565e-03	498658.000000	0.000000e+00
1.750818e+01	1.834661e+00	2.620767e-03	490066.000000	0.000000e+00
1.753269e+01	1.826043e+00	2.635749e-03	479970.000000	0.000000e+00
1.755722e+01	1.835634e+00	2.665001e-03	474436.000000	0.000000e+00
1.758176e+01	1.832048e+00	2.689597e-03	463980.000000	0.000000e+00
1.760629e+01	1.829832e+00	2.707421e-03	456784.000000	0.000000e+00
1.763083e+01	1.830143e+00	2.733182e-03	448366.000000	0.000000e+00
1.765539e+01	1.827411e+00	2.755233e-03	439902.000000	0.000000e+00
1.767993e+01	1.824106e+00	2.777998e-03	431158.000000	0.000000e+00
1.770446e+01	1.816594e+00	2.793841e-03	422778.000000	0.000000e+00
1.772897e+01	1.818795e+00	2.828146e-03	413584.000000	0.000000e+00
1.775351e+01	1.808483e+00	2.836551e-03	406488.000000	0.000000e+00
1.777808e+01	1.799962e+00	2.854011e-03	397754.500000	0.000000e+00
1.780261e+01	1.792332e+00	2.873165e-03	389149.000000	0.000000e+00
1.782713e+01	1.799176e+00	2.910248e-03	382197.000000	0.000000e+00
1.785169e+01	1.792934e+00	2.925400e-03	375628.000000	0.000000e+00
1.787623e+01	1.787473e+00	2.947555e-03	367752.000000	0.000000e+00
1.790076e+01	1.788728e+00	2.973304e-03	361918.000000	0.000000e+00
1.792530e+01	1.784204e+00	2.993976e-03	355134.000000	0.000000e+00
1.794985e+01	1.780581e+00	3.015479e-03	348667.000000	0.000000e+00
1.797440e+01	1.782568e+00	3.043880e-03	342955.000000	0.000000e+00
1.799891e+01	1.780586e+00	3.073065e-03	335724.000000	0.000000e+00
1.802344e+01	1.777044e+00	3.088593e-03	331036.000000	0.000000e+00
1.804802e+01	1.783492e+00	3.126393e-03	325428.000000	0.000000e+00
1.807255e+01	1.783220e+00	3.160958e-03	318253.000000	0.000000e+00
1.809707e+01	1.778026e+00	3.172836e-03	314037.000000	0.000000e+00
1.812164e+01	1.777225e+00	3.201562e-03	308149.000000	0.000000e+00
1.814617e+01	1.782145e+00	3.241566e-03	302257.000000	0.000000e+00
1.817068e+01	1.782979e+00	3.271014e-03	297117.000000	0.000000e+00
1.819523e+01	1.777939e+00	3.286596e-03	292645.000000	0.000000e+00
1.821979e+01	1.780155e+00	3.322630e-03	287046.000000	0.000000e+00
1.824431e+01	1.775063e+00	3.346621e-03	281329.000000	0.000000e+00
1.826883e+01	1.778326e+00	3.377006e-03	277306.000000	0.000000e+00
1.829337e+01	1.781917e+00	3.415402e-03	272202.000000	0.000000e+00
1.831793e+01	1.780090e+00	3.440355e-03	267718.000000	0.000000e+00
1.834250e+01	1.783775e+00	3.478414e-03	262977.000000	0.000000e+00
1.836701e+01	1.785397e+00	3.521343e-03	257071.000000	0.000000e+00
1.839152e+01	1.792547e+00	3.558532e-03	253746.000000	0.000000e+00
1.841609e+01	1.780507e+00	3.566368e-03	249250.000000	0.000000e+00
1.844064e+01	1.786262e+00	3.614893e-03	244174.000000	0.000000e+00
1.846515e+01	1.790565e+00	3.654291e-03	240090.000000	0.000000e+00
1.848971e+01	1.792689e+00	3.690199e-03	235999.000000	0.000000e+00
1.851428e+01	1.790295e+00	3.718614e-03	231786.000000	0.000000e+00
1.853881e+01	1.796057e+00	3.769213e-03	227059.000000	0.000000e+00
1.856328e+01	1.794556e+00	3.805495e-03	222378.000000	0.000000e+00
1.858784e+01	1.805060e+00	3.846697e-03	220195.000000	0.000000e+00
1.861244e+01	1.802858e+00	3.888125e-03	215002.000000	0.000000e+00
1.863693e+01	1.798882e+00	3.920472e-03	210537.000000	0.000000e+00
1.866143e+01	1.812756e+00	3.981715e-03	207271.000000	0.000000e+00
1.868601e+01	1.809888e+00	4.008427e-03	203871.000000	0.000000e+00
1.871055e+01	1.809295e+00	4.053232e-03	199258.000000	0.000000e+00
1.873503e+01	1.821521e+00	4.121436e-03	195331.000000	0.000000e+00
1.875958e+01	1.812692e+00	4.126806e-03	192939.000000	0.000000e+00
1.878417e+01	1.819166e+00	4.191193e-03	188395.000000	0.000000e+00
1.880870e+01	1.825247e+00	4.243808e-03	184983.000000	0.000000e+00
1.883322e+01	1.828339e+00	4.294917e-03	181219.000000	0.000000e+00
1.885775e+01	1.838835e+00	4.359940e-03	177879.000000	0.000000e+00
1.888231e+01	1.836993e+00	4.395889e-03	174631.000000	0.000000e+00
1.890684e+01	1.832603e+00	4.433009e-03	170899.000000	0.000000e+00
1.893134e+01	1.855209e+00	4.533661e-03	167451.000000	0.000000e+00
1.895590e+01	1.859797e+00	4.580240e-03	164875.000000	0.000000e+00
1.898046e+01	1.853458e+00	4.621200e-03	160863.000000	0.000000e+00
1.900495e+01	1.864698e+00	4.697106e-03	157600.000000	0.000000e+00
1.902946e+01	1.856318e+00	4.717321e-03	154851.000000	0.000000e+00
1.905406e+01	1.867530e+00	4.788239e-03	152119.000000	0.000000e+00
1.907863e+01	1.871111e+00	4.856981e-03	148411.000000	0.000000e+00
1.910311e+01	1.874870e+00	4.924635e-03	144942.000000	0.000000e+00
1.912765e+01	1.884523e+00	4.983088e-03	143023.000000	0.000000e+00
1.915226e+01	1.889438e+00	5.055898e-03	139659.000000	0.000000e+00
1.917678e+01	1.892984e+00	5.128551e-03	136240.000000	0.000000e+00
1.920124e+01	1.903251e+00	5.210594e-03	133419.000000	0.000000e+00
1.922581e+01	1.893317e+00	5.223166e-03	131395.000000	0.000000e+00
1.925040e+01	1.900882e+00	5.314705e-03	127924.000000	0.000000e+00
1.927489e+01	1.912057e+00	5.407702e-03	125019.000000	0.000000e+00
1.929941e+01	1.914467e+00	5.464287e-03	122752.000000	0.000000e+00
1.932402e+01	1.926243e+00	5.553025e-03	120327.000000	0.000000e+00
1.934855e+01	1.925372e+00	5.636879e-03	116668.000000	0.000000e+00
1.937298e+01	1.948323e+00	5.764800e-03	114223.000000	0.000000e+00
1.939755e+01	1.954187e+00	5.818740e-03	112791.000000	0.000000e+00
1.942217e+01	1.944054e+00	5.879961e-03	109312.000000	0.000000e+00
1.944667e+01	1.954615e+00	5.977667e-03	106920.000000	0.000000e+00
1.947113e+01	1.972289e+00	6.115662e-03	104005.000000	0.000000e+00
1.949570e+01	1.974371e+00	6.157775e-03	102804.000000	0.000000e+00
1.952032e+01	1.986203e+00	6.292545e-03	99631.000000	0.000000e+00
1.954482e+01	1.985381e+00	6.371128e-03	97108.000000	0.000000e+00
1.956930e+01	1.998835e+00	6.487297e-03	94935.000000	0.000000e+00
1.959391e+01	1.993738e+00	6.532528e-03	93148.000000	0.000000e+00
1.961850e+01	2.018388e+00	6.714990e-03	90348.000000	0.000000e+00
1.964294e+01	2.011068e+00	6.790777e-03	87703.000000	0.000000e+00
1.966740e+01	2.029109e+00	6.916148e-03	86076.000000	0.000000e+00
1.969204e+01	2.040316e+00	7.023057e-03	84400.000000	0.000000e+00
1.971660e+01	2.045004e+00	7.170776e-03	81331.000000	0.000000e+00
1.974103e+01	2.065006e+00	7.326033e-03	79452.000000	0.000000e+00
1.976563e+01	2.067484e+00	7.395201e-03	78160.000000	0.000000e+00
1.979032e+01	2.087655e+00	7.585206e-03	75750.000000	0.000000e+00
1.981482e+01	2.095429e+00	7.747734e-03	73147.000000	0.000000e+00
1.983914e+01	2.103942e+00	7.906428e-03	70812.000000	0.000000e+00
1.986374e+01	2.117972e+00	7.969060e-03	70636.000000	0.000000e+00
1.988844e+01	2.118894e+00	8.151038e-03	67576.000000	0.000000e+00
1.991292e+01	2.151630e+00	8.392585e-03	65727.000000	0.000000e+00
1.993736e+01	2.146503e+00	8.502352e-03	63736.000000	0.000000e+00
1.996197e+01	2.154437e+00	8.604816e-03	62688.000000	0.000000e+00
1.998658e+01	2.159547e+00	8.798441e-03	60244.000000	0.000000e+00
2.001095e+01	2.171237e+00	9.009982e-03	58072.000000	0.000000e+00
2.003547e+01	2.194539e+00	9.156083e-03	57447.000000	0.000000e+00
2.006019e+01	2.211691e+00	9.397421e-03	55390.000000	0.000000e+00
2.008472e+01	2.241542e+00	9.703373e-03	53364.000000	0.000000e+00
2.010903e+01	2.237871e+00	9.883525e-03	51268.000000	0.000000e+00
2.013363e+01	2.234143e+00	9.879016e-03	51144.000000	0.000000e+00
2.015842e+01	2.243209e+00	1.015745e-02	48772.000000	0.000000e+00
2.018288e+01	2.250986e+00	1.040207e-02	46828.000000	0.000000e+00
2.020721e+01	2.287375e+00	1.073849e-02	45372.000000	0.000000e+00
2.023181e+01	2.311153e+00	1.095112e-02	44539.000000	0.000000e+00
2.025650e+01	2.305188e+00	1.115297e-02	42720.000000	0.000000e+00
2.028095e+01	2.327363e+00	1.150301e-02	40936.000000	0.000000e+00
2.030542e+01	2.340454e+00	1.170549e-02	39978.000000	0.000000e+00
2.033011e+01	2.361903e+00	1.202052e-02	38608.000000	0.000000e+00
2.035466e+01	2.363201e+00	1.230366e-02	36892.000000	0.000000e+00
2.037892e+01	2.377529e+00	1.267083e-02	35208.000000	0.000000e+00
2.040348e+01	2.392597e+00	1.278532e-02	35020.000000	0.000000e+00
2.042837e+01	2.408712e+00	1.318541e-02	33372.000000	0.000000e+00
2.045281e+01	2.422289e+00	1.366542e-02	31420.000000	0.000000e+00
2.047697e+01	2.459884e+00	1.412048e-02	30348.000000	0.000000e+00
2.050165e+01	2.474868e+00	1.427914e-02	30040.000000	0.000000e+00
2.052659e+01	2.487691e+00	1.472858e-02	28528.000000	0.000000e+00
2.055100e+01	2.510914e+00	1.538904e-02	26622.000000	0.000000e+00
2.057510e+01	2.527650e+00	1.574257e-02	25780.000000	0.000000e+00
2.059985e+01	2.548704e+00	1.597565e-02	25452.000000	0.000000e+00
2.062477e+01	2.595065e+00	1.675805e-02	23980.000000	0.000000e+00
2.064904e+01	2.611140e+00	1.752325e-02	22204.000000	0.000000e+00
2.067328e+01	2.625585e+00	1.773234e-02	21924.000000	0.000000e+00
2.069813e+01	2.627531e+00	1.810928e-02	21052.000000	0.000000e+00
2.072282e+01	2.659680e+00	1.893598e-02	19728.000000	0.000000e+00
2.074689e+01	2.725974e+00	2.014218e-02	18316.000000	0.000000e+00
2.077148e+01	2.726209e+00	2.003158e-02	18522.000000	0.000000e+00
2.079650e+01	2.749282e+00	2.105138e-02	17056.000000	0.000000e+00
2.082086e+01	2.772451e+00	2.198628e-02	15901.000000	0.000000e+00
2.084494e+01	2.785479e+00	2.264393e-02	15132.000000	0.000000e+00
2.086988e+01	2.771964e+00	2.262093e-02	15016.000000	0.000000e+00
2.089484e+01	2.850834e+00	2.448173e-02	13560.000000	0.000000e+00
2.091874e+01	2.888915e+00	2.590565e-02	12436.000000	0.000000e+00
2.094286e+01	2.858120e+00	2.575823e-02	12312.000000	0.000000e+00
2.096835e+01	2.949231e+00	2.690474e-02	12016.000000	0.000000e+00
2.099333e+01	2.917567e+00	2.858986e-02	10414.000000	0.000000e+00
2.101635e+01	2.988481e+00	3.102917e-02	9276.000000	0.000000e+00
2.104066e+01	3.076865e+00	3.082883e-02	9961.000000	0.000000e+00
2.106684e+01	3.047206e+00	3.172108e-02	9228.000000	0.000000e+00
2.109169e+01	3.114660e+00	3.542132e-02	7732.000000	0.000000e+00
2.111385e+01	3.154356e+00	3.837654e-02	6756.000000	0.000000e+00
2.113864e+01	3.213394e+00	3.648758e-02	7756.000000	0.000000e+00
2.116547e+01	3.165352e+00	3.832920e-02	6820.000000	0.000000e+00
2.118998e+01	3.226878e+00	4.408403e-02	5358.000000	0.000000e+00
2.121167e+01	3.364686e+00	4.761719e-02	4993.000000	0.000000e+00
2.123701e+01	3.318305e+00	4.466289e-02	5520.000000	0.000000e+00
2.126409e+01	3.241799e+00	4.683037e-02	4792.000000	0.000000e+00
2.128812e+01	3.463789e+00	5.909148e-02	3436.000000	0.000000e+00
2.130920e+01	3.303754e+00	5.600387e-02	3480.000000	0.000000e+00
2.133536e+01	3.461879e+00	5.675212e-02	3721.000000	0.000000e+00
2.136298e+01	3.508182e+00	6.268609e-02	3132.000000	0.000000e+00
2.138535e+01	3.354052e+00	7.963299e-02	1774.000000	0.000000e+00
2.140616e+01	3.587887e+00	7.305502e-02	2412.000000	0.000000e+00
2.143360e+01	3.549080e+00	7.546111e-02	2212.000000	0.000000e+00
2.146162e+01	3.667986e+00	8.558017e-02	1837.000000	0.000000e+00
2.148292e+01	3.720873e+00	1.302566e-01	816.000000	0.000000e+00
2.150387e+01	3.726030e+00	1.005934e-01	1372.000000	0.000000e+00
2.153200e+01	3.942216e+00	1.192969e-01	1092.000000	0.000000e+00
2.156014e+01	3.612011e+00	1.243305e-01	844.000000	0.000000e+00
2.158178e+01	4.056130e+00	2.202987e-01	339.000000	0.000000e+00
2.160234e+01	4.317052e+00	1.871679e-01	532.000000	0.000000e+00
2.163046e+01	3.858936e+00	2.022632e-01	364.000000	0.000000e+00
2.165853e+01	4.428625e+00	2.932929e-01	228.000000	0.000000e+00
2.168066e+01	4.350862e+00	5.092299e-01	73.000000	0.000000e+00
2.170037e+01	4.158258e+00	4.537032e-01	84.000000	0.000000e+00
2.172766e+01	5.695000e+00	1.076254e+00	28.000000	0.000000e+00
2.175143e+01	1.460040e+00	8.429542e-01	3.000000	0.000000e+00
