# [<k> (h/Mpc)]	[<P_0(k)> (Mpc/h)^3]	[<P_0(k)> (Mpc/h)^3]
0.0347642200	6876.4910000000	6878.1500000000
0.0589028200	5128.5350000000	5127.5950000000
0.0837808700	2931.7010000000	2932.2800000000
0.1087368000	2260.3050000000	2260.3810000000
0.1341836000	1676.3840000000	1676.2550000000
0.1581206000	1171.9720000000	1171.9950000000
0.1826843000	961.3799000000	961.4130000000
0.2073525000	804.7350000000	804.7427000000
0.2322407000	704.3992000000	704.4868000000
0.2568838000	601.6574000000	601.6719000000
0.2811185000	507.4005000000	507.3714000000
0.3057758000	446.9819000000	446.9133000000
0.3308750000	421.9695000000	422.0255000000
0.3553459000	367.6573000000	367.6845000000
0.3797184000	323.6865000000	323.6871000000
0.4042043000	305.3206000000	305.3105000000
0.4287408000	270.5314000000	270.5436000000
0.4533372000	251.9309000000	251.9177000000
0.4779960000	243.5012000000	243.5043000000
0.5026630000	215.5953000000	215.5997000000
0.5271488000	196.2832000000	196.3038000000
0.5515428000	187.4008000000	187.3899000000
0.5762241000	175.7377000000	175.7458000000
0.6007286000	172.0920000000	172.0941000000
0.6252569000	163.5224000000	163.5280000000
0.6499966000	155.5116000000	155.5127000000
0.6746858000	148.4454000000	148.4419000000
0.6991271000	137.8763000000	137.8878000000
0.7235757000	134.8894000000	134.9009000000
0.7479714000	129.2976000000	129.2828000000
0.7726133000	124.1239000000	124.1297000000
0.7972413000	118.7197000000	118.6980000000
0.8218513000	113.5546000000	113.5818000000
0.8464491000	113.3099000000	113.2913000000
0.8709767000	108.0343000000	108.0448000000
0.8955547000	103.9915000000	103.9870000000
0.9199772000	101.4829000000	101.4897000000
0.9444963000	98.8787200000	98.8763100000
0.9690846000	95.4780300000	95.4827500000
0.9935517000	92.9035400000	92.9005200000
1.0180990000	91.7749700000	91.7735200000
1.0426790000	88.7004200000	88.6993400000
1.0673530000	86.0026100000	86.0112100000
1.0920040000	84.3174300000	84.3095100000
1.1165490000	80.5043800000	80.5001300000
1.1409670000	81.1185500000	81.1216600000
1.1654100000	77.4262900000	77.4309400000
1.1899420000	77.4915600000	77.4863400000
1.2143400000	74.5339100000	74.5349400000
1.2388240000	73.6610000000	73.6532500000
1.2636160000	70.8433400000	70.8495400000
1.2882780000	70.4855600000	70.4956300000
1.3126980000	69.0567900000	69.0501300000
1.3371290000	67.1480400000	67.1499100000
1.3618460000	66.6678400000	66.6705000000
1.3864590000	64.6725900000	64.6698800000
1.4107600000	63.5691900000	63.5804800000
1.4352940000	62.3449100000	62.3409800000
1.4599660000	60.8969900000	60.8996000000
1.4845530000	60.2386900000	60.2386400000
1.5090590000	59.0902800000	59.0948700000
1.5335650000	58.4839000000	58.4851900000
1.5582840000	56.8189300000	56.8181100000
1.5828180000	55.9385500000	55.9358900000
1.6072590000	54.9947900000	55.0063200000
1.6318090000	54.7437000000	54.7420100000
1.6563660000	53.6361600000	53.6428800000
1.6809250000	52.7164700000	52.7116800000
1.7052570000	51.1731600000	51.1795600000
1.7298060000	51.0378000000	51.0431900000
1.7544620000	49.4955600000	49.5004400000
1.7789920000	49.2046200000	49.2075400000
1.8034110000	49.0685100000	49.0768800000
1.8279630000	47.8448100000	47.8497000000
1.8526470000	47.3562200000	47.3634700000
1.8772490000	46.3661100000	46.3689800000
1.9017330000	46.1037800000	46.1080700000
1.9262410000	45.1878400000	45.1954900000
1.9508300000	44.0466400000	44.0542400000
1.9753080000	43.6467700000	43.6488300000
1.9997290000	43.3653200000	43.3623400000
2.0244190000	42.7139300000	42.7193100000
2.0491260000	41.9065300000	41.9089900000
2.0735080000	41.1944300000	41.2059300000
2.0978460000	40.7597500000	40.7620300000
2.1224730000	40.3392900000	40.3438600000
2.1471060000	39.8342800000	39.8420500000
2.1716010000	39.1191400000	39.1204500000
2.1961580000	38.4497200000	38.4496700000
2.2207350000	38.3638800000	38.3690000000
2.2452510000	37.7484000000	37.7523600000
2.2697290000	37.1539000000	37.1589200000
2.2942710000	36.4937800000	36.4967500000
2.3189280000	36.1305900000	36.1330600000
2.3435380000	35.6045100000	35.6138600000
2.3680260000	35.0636200000	35.0692600000
2.3924230000	34.6122200000	34.6190000000
2.4168630000	34.0032200000	34.0064200000
2.4415090000	33.4706800000	33.4701300000
2.4660800000	33.2472500000	33.2589200000
2.4905750000	32.7015800000	32.7069300000
2.5151860000	31.9925200000	31.9977800000
2.5397770000	31.7983000000	31.8088100000
2.5642150000	31.4056600000	31.4156600000
2.5887070000	30.8597500000	30.8641300000
2.6133370000	30.6181800000	30.6234900000
2.6379250000	30.3470400000	30.3525000000
2.6624200000	29.9281900000	29.9319600000
2.6869630000	29.5925600000	29.5984400000
2.7115150000	29.3281500000	29.3334900000
2.7359820000	29.0024700000	29.0106700000
2.7605730000	28.5924300000	28.5993500000
2.7852370000	28.2342500000	28.2406800000
2.8096710000	27.8427000000	27.8511600000
2.8341510000	27.4605400000	27.4674800000
2.8587220000	27.2217800000	27.2280800000
2.8832500000	26.7824200000	26.7891400000
2.9078190000	26.4580300000	26.4626700000
2.9323350000	26.1598800000	26.1696000000
2.9569140000	25.8147200000	25.8238600000
2.9814490000	25.5818400000	25.5934300000
3.0058760000	25.3882400000	25.3955800000
3.0304030000	24.9451700000	24.9509700000
3.0550410000	24.5137900000	24.5216800000
3.0796920000	24.3074800000	24.3127600000
3.1042410000	23.8502700000	23.8591200000
3.1287100000	23.7948300000	23.8013900000
3.1531230000	23.3952000000	23.4035900000
3.1776190000	23.2865600000	23.2952200000
3.2021850000	22.8360200000	22.8423700000
3.2267080000	22.6892100000	22.6971800000
3.2513210000	22.4311500000	22.4374100000
3.2758820000	22.0802600000	22.0908100000
3.3003930000	21.6543800000	21.6636400000
3.3249550000	21.7063900000	21.7132200000
3.3495280000	21.4468700000	21.4568800000
3.3740870000	21.1091200000	21.1156700000
3.3985410000	21.0012300000	21.0096400000
3.4230110000	20.7747400000	20.7835000000
3.4475460000	20.4589900000	20.4715500000
3.4721760000	20.2000000000	20.2055600000
3.4967720000	19.9713400000	19.9830400000
3.5213020000	19.7116500000	19.7212600000
3.5458450000	19.4709900000	19.4807900000
3.5703510000	19.2855700000	19.2958400000
3.5948170000	19.0953900000	19.1009500000
3.6193400000	18.8974000000	18.9056300000
3.6439210000	18.7336900000	18.7474300000
3.6685010000	18.4624500000	18.4698700000
3.6930830000	18.2918400000	18.2999500000
3.7176360000	18.1440300000	18.1541600000
3.7421230000	17.9098300000	17.9185800000
3.7666230000	17.6895800000	17.7000800000
3.7912110000	17.5203100000	17.5292200000
3.8157400000	17.3678600000	17.3784700000
3.8402500000	17.1213500000	17.1286300000
3.8648160000	17.0067600000	17.0140900000
3.8894160000	16.7893700000	16.7988400000
3.9139840000	16.6746500000	16.6827000000
3.9384390000	16.4986200000	16.5073000000
3.9628560000	16.3891200000	16.3964900000
3.9874080000	16.0906200000	16.1014500000
4.0119510000	15.9051000000	15.9120800000
4.0365020000	15.8069600000	15.8155000000
4.0611010000	15.6533800000	15.6612700000
4.0856320000	15.4494200000	15.4581700000
4.1102260000	15.3501900000	15.3580100000
4.1347600000	15.1386000000	15.1487700000
4.1592470000	15.0164900000	15.0251300000
4.1838070000	14.8921900000	14.9030000000
4.2083210000	14.6836400000	14.6929700000
4.2328390000	14.5623900000	14.5702400000
4.2573760000	14.4322000000	14.4431000000
4.2819440000	14.2565200000	14.2649400000
4.3065050000	14.0871200000	14.0981700000
4.3310330000	13.9759300000	13.9847700000
4.3556170000	13.9126200000	13.9261900000
4.3801610000	13.7771100000	13.7857000000
4.4046760000	13.6403900000	13.6513400000
4.4292490000	13.4836400000	13.4940300000
4.4537720000	13.4112300000	13.4211900000
4.4782820000	13.2726800000	13.2832700000
4.5027770000	13.1376000000	13.1477400000
4.5272890000	12.9707900000	12.9804100000
4.5518890000	12.8906600000	12.9023000000
4.5764260000	12.6777600000	12.6889900000
4.6008930000	12.6122800000	12.6232900000
4.6254670000	12.5218600000	12.5312800000
4.6500350000	12.3764700000	12.3863400000
4.6745410000	12.2452800000	12.2556800000
4.6991040000	12.1634600000	12.1744800000
4.7236700000	12.0246300000	12.0333700000
4.7481820000	11.9221900000	11.9330000000
4.7726820000	11.8277100000	11.8376000000
4.7972030000	11.6955600000	11.7068600000
4.8217550000	11.5907400000	11.5996600000
4.8463610000	11.4969100000	11.5092900000
4.8709150000	11.3688500000	11.3783400000
4.8954260000	11.2854700000	11.2944300000
4.9199520000	11.2008800000	11.2126500000
4.9444960000	11.0345900000	11.0448400000
4.9690130000	10.9571200000	10.9671700000
4.9935620000	10.8690000000	10.8799000000
5.0181380000	10.7766400000	10.7857500000
5.0426420000	10.7045800000	10.7152600000
5.0672150000	10.5768800000	10.5876700000
5.0917750000	10.4768000000	10.4873100000
5.1163090000	10.4136700000	10.4259200000
5.1408380000	10.2911900000	10.3011900000
5.1653330000	10.2086600000	10.2211300000
5.1898180000	10.1419100000	10.1511900000
5.2143510000	10.0417600000	10.0529400000
5.2389470000	9.9724010000	9.9839080000
5.2634790000	9.8560640000	9.8661550000
5.2880020000	9.7903230000	9.8011610000
5.3125460000	9.7082290000	9.7194410000
5.3371210000	9.6222490000	9.6329810000
5.3616720000	9.5348900000	9.5459030000
5.3861960000	9.4642640000	9.4752700000
5.4107150000	9.3797700000	9.3919480000
5.4352440000	9.3017990000	9.3119080000
5.4598230000	9.2292370000	9.2398470000
5.4843890000	9.1658020000	9.1768650000
5.5088890000	9.1151080000	9.1263240000
5.5334640000	8.9879700000	8.9991280000
5.5580360000	8.9124920000	8.9235320000
5.5824840000	8.8539270000	8.8636220000
5.6069560000	8.7983090000	8.8096850000
5.6315600000	8.7308740000	8.7419320000
5.6561680000	8.6601710000	8.6696180000
5.6806980000	8.5767840000	8.5886350000
5.7052040000	8.5109030000	8.5223370000
5.7297040000	8.4414350000	8.4518810000
5.7542320000	8.3635630000	8.3753490000
5.7787720000	8.3073350000	8.3176940000
5.8033420000	8.2346420000	8.2462510000
5.8279020000	8.1740480000	8.1845850000
5.8524090000	8.1299540000	8.1422350000
5.8769570000	8.0633040000	8.0727360000
5.9015340000	7.9762010000	7.9869090000
5.9260300000	7.9152230000	7.9265600000
5.9505480000	7.8743990000	7.8841280000
5.9751370000	7.8117510000	7.8231830000
5.9996570000	7.7377360000	7.7493010000
6.0241610000	7.6868170000	7.6977740000
6.0487140000	7.6315490000	7.6423150000
6.0732670000	7.5595830000	7.5697820000
6.0978680000	7.4935960000	7.5053850000
6.1223690000	7.4578590000	7.4690100000
6.1468670000	7.3911320000	7.4006670000
6.1714520000	7.3315570000	7.3435960000
6.1959740000	7.2995220000	7.3099170000
6.2204440000	7.2179640000	7.2304020000
6.2449860000	7.1767060000	7.1870490000
6.2695880000	7.1319920000	7.1427930000
6.2941240000	7.0789950000	7.0909560000
6.3186330000	7.0108260000	7.0225760000
6.3432020000	6.9613040000	6.9712920000
6.3677700000	6.9158700000	6.9268130000
6.3922880000	6.8628610000	6.8743410000
6.4168370000	6.8153240000	6.8267540000
6.4413830000	6.7781720000	6.7900870000
6.4659130000	6.7083310000	6.7199680000
6.4904330000	6.6625090000	6.6738290000
6.5149460000	6.6055000000	6.6167570000
6.5395180000	6.5638700000	6.5747640000
6.5640590000	6.5221540000	6.5338930000
6.5885870000	6.4727450000	6.4836670000
6.6131100000	6.4323710000	6.4436440000
6.6376220000	6.3764970000	6.3874380000
6.6621720000	6.3191380000	6.3305420000
6.6866930000	6.2846110000	6.2954990000
6.7112270000	6.2376270000	6.2491470000
6.7357770000	6.1998990000	6.2113560000
6.7603230000	6.1653420000	6.1763360000
6.7848550000	6.1084920000	6.1200390000
6.8094270000	6.0866410000	6.0988090000
6.8339790000	6.0352200000	6.0472720000
6.8585030000	5.9661710000	5.9774410000
6.8830550000	5.9471860000	5.9574530000
6.9075840000	5.8986900000	5.9105980000
6.9321340000	5.8529080000	5.8632570000
6.9566690000	5.8133290000	5.8245800000
6.9812210000	5.7776090000	5.7888860000
7.0057530000	5.7298730000	5.7419410000
7.0302330000	5.7106660000	5.7229330000
7.0547820000	5.6629020000	5.6739790000
7.0793430000	5.6171230000	5.6292450000
7.1038830000	5.5846830000	5.5960420000
7.1284240000	5.5494020000	5.5623500000
7.1529650000	5.5103420000	5.5212660000
7.1775010000	5.4737230000	5.4852280000
7.2020130000	5.4459190000	5.4578320000
7.2265770000	5.3956300000	5.4074850000
7.2511250000	5.3835530000	5.3954730000
7.2756510000	5.3281810000	5.3409770000
7.3002260000	5.2953350000	5.3069290000
7.3247590000	5.2425890000	5.2545620000
7.3492990000	5.2172060000	5.2301110000
7.3738250000	5.1940950000	5.2060850000
7.3983120000	5.1620160000	5.1737640000
7.4228920000	5.1142850000	5.1258950000
7.4474420000	5.0816010000	5.0942610000
7.4719560000	5.0512570000	5.0631840000
7.4964990000	5.0221440000	5.0337290000
7.5210140000	4.9774990000	4.9888860000
7.5455570000	4.9551130000	4.9670430000
7.5700860000	4.9391380000	4.9507350000
7.5946130000	4.8962900000	4.9077550000
7.6191720000	4.8746200000	4.8861020000
7.6437560000	4.8360990000	4.8477920000
7.6682630000	4.7993200000	4.8109030000
7.6927770000	4.7656860000	4.7771400000
7.7173710000	4.7430710000	4.7548630000
7.7419290000	4.7109200000	4.7227710000
7.7664570000	4.6861340000	4.6982900000
7.7909530000	4.6594170000	4.6714840000
7.8154890000	4.6230070000	4.6346970000
7.8400500000	4.5931410000	4.6049260000
7.8645880000	4.5681660000	4.5793570000
7.8891260000	4.5384200000	4.5504670000
7.9136430000	4.5139330000	4.5262570000
7.9381810000	4.4780250000	4.4900950000
7.9627600000	4.4578440000	4.4697210000
7.9873110000	4.4379480000	4.4499800000
8.0118110000	4.3977390000	4.4091990000
8.0363250000	4.3821350000	4.3943800000
8.0608680000	4.3574010000	4.3699950000
8.0854460000	4.3331070000	4.3450520000
8.1099890000	4.2974960000	4.3095760000
8.1344710000	4.2736270000	4.2862960000
8.1590380000	4.2433320000	4.2553820000
8.1835980000	4.2146410000	4.2261200000
8.2080730000	4.2001950000	4.2127480000
8.2325900000	4.1652930000	4.1778410000
8.2571440000	4.1544870000	4.1656710000
8.2817100000	4.1272020000	4.1398370000
8.3062710000	4.1082060000	4.1198880000
8.3308260000	4.0738490000	4.0865620000
8.3553740000	4.0451910000	4.0569860000
8.3799010000	4.0356430000	4.0479050000
8.4044180000	4.0113050000	4.0237030000
8.4289280000	3.9902000000	4.0016230000
8.4535040000	3.9612200000	3.9732930000
8.4780510000	3.9405560000	3.9531120000
8.5025800000	3.9170940000	3.9290990000
8.5271380000	3.8904440000	3.9033910000
8.5516340000	3.8730680000	3.8851770000
8.5761560000	3.8467960000	3.8587100000
8.6006970000	3.8262680000	3.8383530000
8.6252590000	3.8036030000	3.8160750000
8.6498360000	3.7870740000	3.7986090000
8.6743760000	3.7679340000	3.7804500000
8.6989270000	3.7435490000	3.7561770000
8.7234500000	3.7206110000	3.7323780000
8.7479570000	3.6930340000	3.7052460000
8.7725210000	3.6771360000	3.6896140000
8.7970470000	3.6683150000	3.6810020000
8.8215410000	3.6414640000	3.6537510000
8.8460760000	3.6275660000	3.6398040000
8.8706410000	3.5914140000	3.6035950000
8.8951700000	3.5896090000	3.6020010000
8.9197130000	3.5661910000	3.5786880000
8.9442630000	3.5421880000	3.5552870000
8.9687720000	3.5265540000	3.5391540000
8.9933340000	3.5021360000	3.5151070000
9.0178950000	3.4876740000	3.5000110000
9.0424300000	3.4658200000	3.4792990000
9.0669700000	3.4476060000	3.4606150000
9.0915380000	3.4327450000	3.4459510000
9.1160630000	3.4163240000	3.4282610000
9.1405730000	3.3959640000	3.4089930000
9.1651400000	3.3771910000	3.3900130000
9.1896530000	3.3616000000	3.3743370000
9.2141760000	3.3417580000	3.3543320000
9.2387220000	3.3254920000	3.3389340000
9.2632520000	3.3108660000	3.3237160000
9.2878100000	3.2977980000	3.3102460000
9.3123630000	3.2759740000	3.2892400000
9.3368980000	3.2602880000	3.2725010000
9.3614280000	3.2464480000	3.2596700000
9.3859690000	3.2262250000	3.2392020000
9.4104960000	3.2073670000	3.2211560000
9.4350270000	3.1940990000	3.2064800000
9.4595770000	3.1756430000	3.1890320000
9.4840800000	3.1599580000	3.1730270000
9.5085990000	3.1389630000	3.1527690000
9.5331770000	3.1308170000	3.1441580000
9.5577400000	3.1097950000	3.1232030000
9.5822830000	3.0945200000	3.1074780000
9.6068250000	3.0821160000	3.0953890000
9.6313560000	3.0675450000	3.0812540000
9.6558810000	3.0498150000	3.0633000000
9.6804260000	3.0413190000	3.0549240000
9.7049420000	3.0237520000	3.0373600000
9.7294970000	3.0082000000	3.0219390000
9.7540460000	2.9941720000	3.0070260000
9.7785350000	2.9804790000	2.9940550000
9.8031030000	2.9658140000	2.9798330000
9.8276490000	2.9562660000	2.9697210000
9.8521800000	2.9397020000	2.9534750000
9.8767310000	2.9288980000	2.9431410000
9.9012840000	2.9123580000	2.9266060000
9.9258350000	2.9033370000	2.9169650000
9.9503500000	2.8854470000	2.9003290000
9.9749020000	2.8751750000	2.8885690000
9.9994290000	2.8584350000	2.8720330000
10.0239200000	2.8397890000	2.8529100000
10.0484900000	2.8360620000	2.8503520000
10.0730300000	2.8246550000	2.8385870000
10.0975600000	2.8147770000	2.8289290000
10.1220900000	2.7991840000	2.8130680000
10.1466400000	2.7879970000	2.8019130000
10.1712000000	2.7695670000	2.7837520000
10.1957200000	2.7673650000	2.7811570000
10.2202500000	2.7481250000	2.7620900000
10.2447900000	2.7412690000	2.7556710000
10.2693300000	2.7280740000	2.7421200000
10.2938600000	2.7164520000	2.7305790000
10.3184200000	2.7044520000	2.7182420000
10.3429600000	2.6928760000	2.7071030000
10.3674900000	2.6787010000	2.6925380000
10.3920300000	2.6673690000	2.6819930000
10.4165500000	2.6642870000	2.6786500000
10.4411100000	2.6503270000	2.6645990000
10.4657000000	2.6394790000	2.6541360000
10.4902100000	2.6277080000	2.6418070000
10.5147300000	2.6187870000	2.6334930000
10.5392500000	2.6046710000	2.6195170000
10.5638000000	2.5958940000	2.6104960000
10.5883500000	2.5871100000	2.6020000000
10.6128300000	2.5753900000	2.5900580000
10.6373900000	2.5661460000	2.5809320000
10.6619700000	2.5567870000	2.5717010000
10.6865000000	2.5469350000	2.5611070000
10.7110300000	2.5364410000	2.5516190000
10.7355500000	2.5219540000	2.5368020000
10.7601100000	2.5170820000	2.5314380000
10.7846600000	2.5091170000	2.5240490000
10.8091800000	2.4986650000	2.5132640000
10.8337000000	2.4903570000	2.5056020000
10.8582300000	2.4826280000	2.4975810000
10.8828200000	2.4747490000	2.4897800000
10.9073700000	2.4586020000	2.4737680000
10.9318900000	2.4585120000	2.4732520000
10.9564200000	2.4461590000	2.4605500000
10.9809600000	2.4394040000	2.4547280000
11.0055200000	2.4336470000	2.4487590000
11.0300500000	2.4226550000	2.4377660000
11.0545800000	2.4141070000	2.4290540000
11.0791100000	2.4089800000	2.4241270000
11.1036600000	2.3989690000	2.4140200000
11.1282100000	2.4009690000	2.4166060000
11.1527300000	2.3832450000	2.3981600000
11.1772600000	2.3767400000	2.3920080000
11.2018100000	2.3693600000	2.3848860000
11.2263400000	2.3678450000	2.3836590000
11.2508500000	2.3582010000	2.3743370000
11.2754100000	2.3510830000	2.3663440000
11.2999900000	2.3421570000	2.3576550000
11.3245100000	2.3379990000	2.3535710000
11.3490300000	2.3278470000	2.3439720000
11.3735700000	2.3234930000	2.3387990000
11.3981100000	2.3182650000	2.3337590000
11.4226500000	2.3131110000	2.3290270000
11.4471800000	2.3060120000	2.3222350000
11.4717400000	2.3041020000	2.3198680000
11.4962800000	2.2901350000	2.3066540000
11.5207900000	2.2883900000	2.3043480000
11.5453300000	2.2792190000	2.2952070000
11.5698800000	2.2810350000	2.2968270000
11.5944100000	2.2692400000	2.2855120000
11.6189500000	2.2669390000	2.2828390000
11.6434900000	2.2636860000	2.2804910000
11.6680400000	2.2566260000	2.2723320000
11.6925900000	2.2523210000	2.2684830000
11.7171200000	2.2485890000	2.2646410000
11.7416400000	2.2420970000	2.2592120000
11.7661900000	2.2416020000	2.2575810000
11.7907200000	2.2337090000	2.2502130000
11.8152500000	2.2309300000	2.2471460000
11.8397900000	2.2238030000	2.2396760000
11.8643500000	2.2223550000	2.2388810000
11.8888900000	2.2157990000	2.2324970000
11.9134300000	2.2150400000	2.2321360000
11.9379700000	2.2096050000	2.2266810000
11.9625100000	2.2098870000	2.2273070000
11.9870300000	2.2036120000	2.2206910000
12.0115600000	2.1999280000	2.2169120000
12.0361200000	2.1987900000	2.2159690000
12.0606500000	2.1968180000	2.2140470000
12.0851500000	2.1930890000	2.2104780000
12.1097100000	2.1903340000	2.2075990000
12.1342800000	2.1880140000	2.2043730000
12.1588100000	2.1860630000	2.2039700000
12.1833600000	2.1827970000	2.2008190000
12.2078700000	2.1799140000	2.1972460000
12.2324200000	2.1790810000	2.1970470000
12.2569600000	2.1774000000	2.1949290000
12.2814800000	2.1744050000	2.1919160000
12.3060200000	2.1769200000	2.1951820000
12.3305600000	2.1734060000	2.1910420000
12.3551200000	2.1709010000	2.1889130000
12.3796500000	2.1753950000	2.1937450000
12.4041900000	2.1706530000	2.1891750000
12.4287400000	2.1702300000	2.1886560000
12.4532500000	2.1691870000	2.1879160000
12.4778000000	2.1718040000	2.1902920000
12.5023500000	2.1725970000	2.1904540000
12.5268800000	2.1721740000	2.1904300000
12.5514300000	2.1685780000	2.1873330000
12.5759600000	2.1658520000	2.1846510000
12.6004900000	2.1598980000	2.1793020000
12.6250300000	2.1559100000	2.1742190000
12.6495800000	2.1479450000	2.1672870000
12.6741100000	2.1429740000	2.1617670000
12.6986400000	2.1388330000	2.1580270000
12.7231600000	2.1295780000	2.1480850000
12.7477300000	2.1247870000	2.1432920000
12.7722500000	2.1172630000	2.1365030000
12.7967700000	2.1114000000	2.1301160000
12.8213300000	2.1051700000	2.1240380000
12.8458700000	2.0980240000	2.1174200000
12.8704300000	2.0921480000	2.1115750000
12.8949500000	2.0868510000	2.1064160000
12.9195100000	2.0793600000	2.0986980000
12.9440300000	2.0713380000	2.0906010000
12.9685300000	2.0629980000	2.0822030000
12.9930900000	2.0601120000	2.0793890000
13.0176300000	2.0531890000	2.0723300000
13.0421700000	2.0476330000	2.0673180000
13.0667000000	2.0412960000	2.0606220000
13.0912300000	2.0349170000	2.0540560000
13.1157900000	2.0271150000	2.0468080000
13.1403400000	2.0231770000	2.0426400000
13.1648800000	2.0196300000	2.0391480000
13.1894000000	2.0132320000	2.0323640000
13.2139300000	2.0067080000	2.0262040000
13.2384800000	2.0026960000	2.0226250000
13.2630200000	1.9935440000	2.0130820000
13.2875700000	1.9906390000	2.0102950000
13.3121000000	1.9838150000	2.0028850000
13.3366200000	1.9815820000	2.0014170000
13.3611700000	1.9770920000	1.9970980000
13.3857000000	1.9699540000	1.9903110000
13.4102200000	1.9647880000	1.9846720000
13.4347600000	1.9600630000	1.9794810000
13.4593200000	1.9561840000	1.9754430000
13.4838900000	1.9487560000	1.9693580000
13.5084300000	1.9430010000	1.9635880000
13.5329300000	1.9396080000	1.9594430000
13.5574800000	1.9361060000	1.9565260000
13.5820300000	1.9310350000	1.9509410000
13.6065800000	1.9237310000	1.9441850000
13.6311100000	1.9229630000	1.9426530000
13.6556300000	1.9139320000	1.9348610000
13.6801900000	1.9141190000	1.9348310000
13.7047300000	1.9091750000	1.9304700000
13.7292400000	1.9049820000	1.9254280000
13.7538000000	1.8975040000	1.9182760000
13.7783600000	1.8947060000	1.9153770000
13.8028700000	1.8862410000	1.9076400000
13.8273700000	1.8845530000	1.9047910000
13.8519100000	1.8819410000	1.9023860000
13.8764800000	1.8796770000	1.9006860000
13.9010300000	1.8738640000	1.8952960000
13.9255700000	1.8688110000	1.8897700000
13.9501200000	1.8630900000	1.8847020000
13.9746400000	1.8613780000	1.8820010000
13.9991700000	1.8580590000	1.8792410000
14.0237200000	1.8523510000	1.8733420000
14.0482400000	1.8459530000	1.8677520000
14.0727800000	1.8443710000	1.8660470000
14.0973100000	1.8421290000	1.8635680000
14.1218300000	1.8331620000	1.8545050000
14.1463900000	1.8340870000	1.8558380000
14.1709400000	1.8264310000	1.8476910000
14.1954600000	1.8236510000	1.8452850000
14.2200100000	1.8216760000	1.8431300000
14.2445500000	1.8163510000	1.8388640000
14.2690800000	1.8168600000	1.8386380000
14.2936200000	1.8084310000	1.8303390000
14.3181800000	1.8068690000	1.8282490000
14.3427300000	1.8050570000	1.8275690000
14.3672400000	1.8009780000	1.8235790000
14.3917700000	1.7976470000	1.8197750000
14.4163300000	1.7959590000	1.8182350000
14.4408700000	1.7912990000	1.8130490000
14.4654100000	1.7873800000	1.8099430000
14.4899600000	1.7854680000	1.8082440000
14.5144800000	1.7805150000	1.8023370000
14.5390200000	1.7793600000	1.8024480000
14.5635600000	1.7760830000	1.7989430000
14.5880900000	1.7722930000	1.7949690000
14.6126200000	1.7712350000	1.7943200000
14.6371600000	1.7680920000	1.7903500000
14.6617100000	1.7616560000	1.7840480000
14.6862500000	1.7646190000	1.7872150000
14.7107800000	1.7588510000	1.7809080000
14.7353400000	1.7597700000	1.7831440000
14.7598700000	1.7559790000	1.7784780000
14.7843900000	1.7523710000	1.7750130000
14.8089400000	1.7473130000	1.7704550000
14.8334800000	1.7462440000	1.7688490000
14.8580200000	1.7402990000	1.7635430000
14.8825600000	1.7407120000	1.7632430000
14.9070800000	1.7392720000	1.7616170000
14.9316200000	1.7383900000	1.7619900000
14.9561800000	1.7337900000	1.7571610000
14.9807100000	1.7333760000	1.7556790000
15.0052500000	1.7312790000	1.7545430000
15.0298000000	1.7272480000	1.7503390000
15.0543400000	1.7260690000	1.7494530000
15.0788600000	1.7264830000	1.7501220000
15.1034200000	1.7200330000	1.7427820000
15.1279600000	1.7218040000	1.7449280000
15.1524600000	1.7225670000	1.7466380000
15.1770000000	1.7166870000	1.7406420000
15.2015700000	1.7180400000	1.7415420000
15.2261100000	1.7147100000	1.7381550000
15.2506300000	1.7164100000	1.7399630000
15.2751800000	1.7109020000	1.7350210000
15.2997200000	1.7082450000	1.7322580000
15.3242400000	1.7132070000	1.7375630000
15.3487700000	1.7099800000	1.7336600000
15.3733200000	1.7112790000	1.7347030000
15.3978600000	1.7086530000	1.7337480000
15.4224000000	1.7062790000	1.7304180000
15.4469400000	1.7059880000	1.7305500000
15.4714900000	1.7069890000	1.7301460000
15.4960300000	1.7041790000	1.7286730000
15.5205400000	1.7044960000	1.7279590000
15.5450600000	1.7033070000	1.7272600000
15.5696300000	1.7022440000	1.7268190000
15.5941800000	1.7008350000	1.7249790000
15.6187300000	1.7029720000	1.7276880000
15.6432700000	1.7011700000	1.7257230000
15.6678000000	1.6989730000	1.7232030000
15.6923300000	1.6986140000	1.7239660000
15.7168500000	1.6983730000	1.7227450000
15.7414100000	1.6979300000	1.7223980000
15.7659500000	1.6989000000	1.7237430000
15.7904900000	1.6979140000	1.7223720000
15.8150200000	1.6966360000	1.7224750000
15.8395500000	1.6957770000	1.7212610000
15.8640700000	1.6948090000	1.7202510000
15.8886100000	1.6975400000	1.7226830000
15.9131500000	1.6962550000	1.7218760000
15.9377000000	1.6981390000	1.7243590000
15.9622500000	1.6981910000	1.7249360000
15.9867700000	1.6992140000	1.7247760000
16.0113100000	1.6980390000	1.7241110000
16.0358600000	1.6980830000	1.7242600000
16.0604000000	1.7008870000	1.7276480000
16.0849300000	1.7022670000	1.7279620000
16.1094700000	1.6996480000	1.7266180000
16.1340000000	1.7016450000	1.7287900000
16.1585400000	1.7061170000	1.7327640000
16.1831000000	1.7086040000	1.7347750000
16.2076500000	1.7087200000	1.7355500000
16.2321600000	1.7054830000	1.7333620000
16.2566900000	1.7086060000	1.7358880000
16.2812300000	1.7073790000	1.7352630000
16.3058000000	1.7137130000	1.7405420000
16.3303600000	1.7110510000	1.7387010000
16.3548600000	1.7136420000	1.7426490000
16.3793900000	1.7152890000	1.7436660000
16.4039500000	1.7155460000	1.7436360000
16.4284800000	1.7181910000	1.7469770000
16.4529800000	1.7237080000	1.7520020000
16.4775300000	1.7210950000	1.7499060000
16.5020900000	1.7238810000	1.7513330000
16.5266000000	1.7233990000	1.7512170000
16.5511400000	1.7232430000	1.7520370000
16.5757100000	1.7257990000	1.7550760000
16.6002500000	1.7297700000	1.7587400000
16.6247800000	1.7304560000	1.7596190000
16.6493100000	1.7324030000	1.7605500000
16.6738600000	1.7384420000	1.7672170000
16.6984200000	1.7362490000	1.7664530000
16.7229300000	1.7387970000	1.7685000000
16.7474800000	1.7405250000	1.7698270000
16.7720400000	1.7467180000	1.7768330000
16.7965500000	1.7492060000	1.7781920000
16.8210700000	1.7511960000	1.7808360000
16.8456300000	1.7502590000	1.7811010000
16.8701800000	1.7565680000	1.7857040000
16.8947200000	1.7548450000	1.7852610000
16.9192400000	1.7555630000	1.7883700000
16.9437800000	1.7534860000	1.7847470000
16.9683000000	1.7675190000	1.7990590000
16.9928300000	1.7690690000	1.8003180000
17.0174000000	1.7688540000	1.7996310000
17.0419500000	1.7707540000	1.8023510000
17.0664600000	1.7713760000	1.8022400000
17.0909700000	1.7811910000	1.8112190000
17.1155300000	1.7759420000	1.8070210000
17.1400800000	1.7775620000	1.8089280000
17.1646300000	1.7867630000	1.8184030000
17.1891800000	1.7820200000	1.8121760000
17.2136900000	1.7921780000	1.8241540000
17.2382300000	1.7866880000	1.8182760000
17.2627800000	1.7964010000	1.8289550000
17.2873100000	1.7916760000	1.8223880000
17.3118800000	1.7937870000	1.8255830000
17.3364100000	1.7965560000	1.8280500000
17.3609100000	1.7967380000	1.8277590000
17.3854300000	1.8065190000	1.8367580000
17.4100000000	1.8007390000	1.8323520000
17.4345600000	1.8028270000	1.8341340000
17.4590900000	1.7988770000	1.8314300000
17.4836300000	1.7986330000	1.8307590000
17.5081800000	1.8028710000	1.8346610000
17.5326900000	1.7935300000	1.8260430000
17.5572200000	1.8019820000	1.8356340000
17.5817600000	1.8006270000	1.8320480000
17.6062900000	1.7956130000	1.8298320000
17.6308300000	1.7958470000	1.8301430000
17.6553900000	1.7934480000	1.8274110000
17.6799300000	1.7913380000	1.8241060000
17.7044600000	1.7835350000	1.8165940000
17.7289700000	1.7850030000	1.8187950000
17.7535100000	1.7728600000	1.8084830000
17.7780800000	1.7660840000	1.7999620000
17.8026100000	1.7574540000	1.7923320000
17.8271300000	1.7643230000	1.7991760000
17.8516900000	1.7584160000	1.7929340000
17.8762300000	1.7537690000	1.7874730000
17.9007600000	1.7549590000	1.7887280000
17.9253000000	1.7494620000	1.7842040000
17.9498500000	1.7474770000	1.7805810000
17.9744000000	1.7484850000	1.7825680000
17.9989100000	1.7453440000	1.7805860000
18.0234400000	1.7406320000	1.7770440000
18.0480200000	1.7463830000	1.7834920000
18.0725500000	1.7468250000	1.7832200000
18.0970700000	1.7431060000	1.7780260000
18.1216400000	1.7430780000	1.7772250000
18.1461700000	1.7471010000	1.7821450000
18.1706800000	1.7481350000	1.7829790000
18.1952300000	1.7445630000	1.7779390000
18.2197900000	1.7450590000	1.7801550000
18.2443100000	1.7393920000	1.7750630000
18.2688300000	1.7443660000	1.7783260000
18.2933700000	1.7472600000	1.7819170000
18.3179300000	1.7468450000	1.7800900000
18.3425000000	1.7506770000	1.7837750000
18.3670100000	1.7512060000	1.7853970000
18.3915200000	1.7560230000	1.7925470000
18.4160900000	1.7437060000	1.7805070000
18.4406400000	1.7491780000	1.7862620000
18.4651500000	1.7553440000	1.7905650000
18.4897100000	1.7566310000	1.7926890000
18.5142800000	1.7538490000	1.7902950000
18.5388100000	1.7587480000	1.7960570000
18.5632800000	1.7587580000	1.7945560000
18.5878400000	1.7689270000	1.8050600000
18.6124400000	1.7662610000	1.8028580000
18.6369300000	1.7625230000	1.7988820000
18.6614300000	1.7742770000	1.8127560000
18.6860100000	1.7733580000	1.8098880000
18.7105500000	1.7710870000	1.8092950000
18.7350300000	1.7823750000	1.8215210000
18.7595800000	1.7734770000	1.8126920000
18.7841700000	1.7802030000	1.8191660000
18.8087000000	1.7854980000	1.8252470000
18.8332200000	1.7907730000	1.8283390000
18.8577500000	1.8017020000	1.8388350000
18.8823100000	1.7963780000	1.8369930000
18.9068400000	1.7939250000	1.8326030000
18.9313400000	1.8144240000	1.8552090000
18.9559000000	1.8197790000	1.8597970000
18.9804600000	1.8147210000	1.8534580000
19.0049500000	1.8213300000	1.8646980000
19.0294600000	1.8180630000	1.8563180000
19.0540600000	1.8250210000	1.8675300000
19.0786300000	1.8278550000	1.8711110000
19.1031100000	1.8314520000	1.8748700000
19.1276500000	1.8437170000	1.8845230000
19.1522600000	1.8481710000	1.8894380000
19.1767800000	1.8514400000	1.8929840000
19.2012400000	1.8629680000	1.9032510000
19.2258100000	1.8499550000	1.8933170000
19.2504000000	1.8595810000	1.9008820000
19.2748900000	1.8704710000	1.9120570000
19.2994100000	1.8730240000	1.9144670000
19.3240200000	1.8833350000	1.9262430000
19.3485500000	1.8821770000	1.9253720000
19.3729800000	1.9055030000	1.9483230000
19.3975500000	1.9123620000	1.9541870000
19.4221700000	1.9014880000	1.9440540000
19.4466700000	1.9128150000	1.9546150000
19.4711300000	1.9278970000	1.9722890000
19.4957000000	1.9266640000	1.9743710000
19.5203200000	1.9397420000	1.9862030000
19.5448200000	1.9396170000	1.9853810000
19.5693000000	1.9555270000	1.9988350000
19.5939100000	1.9477120000	1.9937380000
19.6185000000	1.9666220000	2.0183880000
19.6429400000	1.9655130000	2.0110680000
19.6674000000	1.9841830000	2.0291090000
19.6920400000	1.9917400000	2.0403160000
19.7166000000	1.9945920000	2.0450040000
19.7410300000	2.0157700000	2.0650060000
19.7656300000	2.0220570000	2.0674840000
19.7903200000	2.0424500000	2.0876550000
19.8148200000	2.0418880000	2.0954290000
19.8391400000	2.0491130000	2.1039420000
19.8637400000	2.0642660000	2.1179720000
19.8884400000	2.0721660000	2.1188940000
19.9129200000	2.1033050000	2.1516300000
19.9373600000	2.0919250000	2.1465030000
19.9619700000	2.1035720000	2.1544370000
19.9865800000	2.1140580000	2.1595470000
20.0109500000	2.1169670000	2.1712370000
20.0354700000	2.1416260000	2.1945390000
20.0601900000	2.1563110000	2.2116910000
20.0847200000	2.1837000000	2.2415420000
20.1090300000	2.1778090000	2.2378710000
20.1336300000	2.1815260000	2.2341430000
20.1584200000	2.1875300000	2.2432090000
20.1828800000	2.1971520000	2.2509860000
20.2072100000	2.2427090000	2.2873750000
20.2318100000	2.2495850000	2.3111530000
20.2565000000	2.2438190000	2.3051880000
20.2809500000	2.2765310000	2.3273630000
20.3054200000	2.2832560000	2.3404540000
20.3301100000	2.3019430000	2.3619030000
20.3546600000	2.3076900000	2.3632010000
20.3789200000	2.3132070000	2.3775290000
20.4034800000	2.3313580000	2.3925970000
20.4283700000	2.3440590000	2.4087120000
20.4528100000	2.3537220000	2.4222890000
20.4769700000	2.3858100000	2.4598840000
20.5016500000	2.4070960000	2.4748680000
20.5265900000	2.4152660000	2.4876910000
20.5510000000	2.4477620000	2.5109140000
20.5751000000	2.4532450000	2.5276500000
20.5998500000	2.4753210000	2.5487040000
20.6247700000	2.5232780000	2.5950650000
20.6490400000	2.5441220000	2.6111400000
20.6732800000	2.5586580000	2.6255850000
20.6981300000	2.5488070000	2.6275310000
20.7228200000	2.5803990000	2.6596800000
20.7468900000	2.6390750000	2.7259740000
20.7714800000	2.6458410000	2.7262090000
20.7965000000	2.6645830000	2.7492820000
20.8208600000	2.6944060000	2.7724510000
20.8449400000	2.7024990000	2.7854790000
20.8698800000	2.6997700000	2.7719640000
20.8948400000	2.7713540000	2.8508340000
20.9187400000	2.8125920000	2.8889150000
20.9428600000	2.7967470000	2.8581200000
20.9683500000	2.8468360000	2.9492310000
20.9933300000	2.8191090000	2.9175670000
21.0163500000	2.8993890000	2.9884810000
21.0406600000	2.9598170000	3.0768650000
21.0668400000	2.9809900000	3.0472060000
21.0916900000	3.0346820000	3.1146600000
21.1138500000	3.0437650000	3.1543560000
21.1386400000	3.1189410000	3.2133940000
21.1654700000	3.0649720000	3.1653520000
21.1899800000	3.1352720000	3.2268780000
21.2116700000	3.2630320000	3.3646860000
21.2370100000	3.2352950000	3.3183050000
21.2640900000	3.1520920000	3.2417990000
21.2881200000	3.3484300000	3.4637890000
21.3092000000	3.2172980000	3.3037540000
21.3353600000	3.3637130000	3.4618790000
21.3629800000	3.4125660000	3.5081820000
21.3853500000	3.2475300000	3.3540520000
21.4061600000	3.4744720000	3.5878870000
21.4336000000	3.3770800000	3.5490800000
21.4616200000	3.5867190000	3.6679860000
21.4829200000	3.5382680000	3.7208730000
21.5038700000	3.5346160000	3.7260300000
21.5320000000	3.8132600000	3.9422160000
21.5601400000	3.5083590000	3.6120110000
21.5817800000	3.9636170000	4.0561300000
21.6023400000	4.0989890000	4.3170520000
21.6304600000	3.7911630000	3.8589360000
21.6585300000	4.3196780000	4.4286250000
21.6806600000	4.1380880000	4.3508620000
21.7003700000	3.9677360000	4.1582580000
21.7276600000	5.7646430000	5.6950000000
21.7514300000	1.1929320000	1.4600400000