# [<k> (h/Mpc)]	[<P_0(k)> (Mpc/h)^3]	[ErrorBar (Mpc/h)^3]	nModes	[<P_2(k)> (Mpc/h)^3]
3.476422e-02	2.183938e+02	6.057154e+01	13.000000	0.000000e+00
5.890282e-02	1.658147e+02	2.886464e+01	33.000000	0.000000e+00
8.378087e-02	9.205458e+01	1.035695e+01	79.000000	0.000000e+00
1.087368e-01	6.842226e+01	6.325640e+00	117.000000	0.000000e+00
1.341836e-01	5.148254e+01	3.595696e+00	205.000000	0.000000e+00
1.581206e-01	3.405036e+01	2.221200e+00	235.000000	0.000000e+00
1.826843e-01	3.134650e+01	1.631834e+00	369.000000	0.000000e+00
2.073525e-01	2.207542e+01	1.060877e+00	433.000000	0.000000e+00
2.322407e-01	1.979807e+01	8.185496e-01	585.000000	0.000000e+00
2.568838e-01	1.649640e+01	6.330739e-01	679.000000	0.000000e+00
2.811185e-01	1.339106e+01	4.696451e-01	813.000000	0.000000e+00
3.057758e-01	1.157860e+01	3.689247e-01	985.000000	0.000000e+00
3.308750e-01	9.784900e+00	2.844880e-01	1183.000000	0.000000e+00
3.553459e-01	8.330564e+00	2.338533e-01	1269.000000	0.000000e+00
3.797184e-01	7.381120e+00	1.882718e-01	1537.000000	0.000000e+00
4.042043e-01	6.613979e+00	1.626771e-01	1653.000000	0.000000e+00
4.287408e-01	5.583868e+00	1.260303e-01	1963.000000	0.000000e+00
4.533372e-01	5.048868e+00	1.096285e-01	2121.000000	0.000000e+00
4.779960e-01	4.578050e+00	9.319699e-02	2413.000000	0.000000e+00
5.026630e-01	4.017112e+00	7.825708e-02	2635.000000	0.000000e+00
5.271488e-01	3.651014e+00	6.806809e-02	2877.000000	0.000000e+00
5.515428e-01	3.362490e+00	5.973102e-02	3169.000000	0.000000e+00
5.762241e-01	3.036712e+00	5.127855e-02	3507.000000	0.000000e+00
6.007286e-01	2.832721e+00	4.666433e-02	3685.000000	0.000000e+00
6.252569e-01	2.541993e+00	3.938826e-02	4165.000000	0.000000e+00
6.499966e-01	2.366162e+00	3.576483e-02	4377.000000	0.000000e+00
6.746858e-01	2.219013e+00	3.184676e-02	4855.000000	0.000000e+00
6.991271e-01	1.987409e+00	2.830792e-02	4929.000000	0.000000e+00
7.235757e-01	1.899132e+00	2.542138e-02	5581.000000	0.000000e+00
7.479714e-01	1.764877e+00	2.341955e-02	5679.000000	0.000000e+00
7.726133e-01	1.626117e+00	2.035033e-02	6385.000000	0.000000e+00
7.972413e-01	1.532571e+00	1.893218e-02	6553.000000	0.000000e+00
8.218513e-01	1.415757e+00	1.677245e-02	7125.000000	0.000000e+00
8.464491e-01	1.314774e+00	1.523563e-02	7447.000000	0.000000e+00
8.709767e-01	1.251751e+00	1.405753e-02	7929.000000	0.000000e+00
8.955547e-01	1.162792e+00	1.272274e-02	8353.000000	0.000000e+00
9.199772e-01	1.098374e+00	1.172537e-02	8775.000000	0.000000e+00
9.444963e-01	1.048987e+00	1.086990e-02	9313.000000	0.000000e+00
9.690846e-01	9.707463e-01	9.785570e-03	9841.000000	0.000000e+00
9.935517e-01	9.243622e-01	9.156590e-03	10191.000000	0.000000e+00
1.018099e+00	8.653685e-01	8.289868e-03	10897.000000	0.000000e+00
1.042679e+00	8.229713e-01	7.741520e-03	11301.000000	0.000000e+00
1.067353e+00	7.881032e-01	7.186882e-03	12025.000000	0.000000e+00
1.092004e+00	7.414368e-01	6.652133e-03	12423.000000	0.000000e+00
1.116549e+00	7.125329e-01	6.244285e-03	13021.000000	0.000000e+00
1.140967e+00	6.782880e-01	5.858423e-03	13405.000000	0.000000e+00
1.165410e+00	6.483728e-01	5.432042e-03	14247.000000	0.000000e+00
1.189942e+00	6.105701e-01	5.043967e-03	14653.000000	0.000000e+00
1.214340e+00	5.909082e-01	4.772066e-03	15333.000000	0.000000e+00
1.238824e+00	5.526478e-01	4.376045e-03	15949.000000	0.000000e+00
1.263616e+00	5.398144e-01	4.133022e-03	17059.000000	0.000000e+00
1.288278e+00	5.078128e-01	3.883682e-03	17097.000000	0.000000e+00
1.312698e+00	4.879004e-01	3.640136e-03	17965.000000	0.000000e+00
1.337129e+00	4.753952e-01	3.492250e-03	18531.000000	0.000000e+00
1.361846e+00	4.522690e-01	3.224821e-03	19669.000000	0.000000e+00
1.386459e+00	4.349490e-01	3.083814e-03	19893.000000	0.000000e+00
1.410760e+00	4.171404e-01	2.914501e-03	20485.000000	0.000000e+00
1.435294e+00	4.006670e-01	2.716714e-03	21751.000000	0.000000e+00
1.459966e+00	3.835384e-01	2.573619e-03	22209.000000	0.000000e+00
1.484553e+00	3.717955e-01	2.449365e-03	23041.000000	0.000000e+00
1.509059e+00	3.594710e-01	2.335458e-03	23691.000000	0.000000e+00
1.533565e+00	3.424922e-01	2.190025e-03	24457.000000	0.000000e+00
1.558284e+00	3.327770e-01	2.071900e-03	25797.000000	0.000000e+00
1.582818e+00	3.240342e-01	2.024147e-03	25627.000000	0.000000e+00
1.607259e+00	3.091973e-01	1.874199e-03	27217.000000	0.000000e+00
1.631809e+00	2.978838e-01	1.794709e-03	27549.000000	0.000000e+00
1.656366e+00	2.919081e-01	1.719697e-03	28813.000000	0.000000e+00
1.680925e+00	2.787126e-01	1.626730e-03	29355.000000	0.000000e+00
1.705257e+00	2.714113e-01	1.569166e-03	29917.000000	0.000000e+00
1.729806e+00	2.611169e-01	1.467667e-03	31653.000000	0.000000e+00
1.754462e+00	2.537068e-01	1.419351e-03	31951.000000	0.000000e+00
1.778992e+00	2.456723e-01	1.351134e-03	33061.000000	0.000000e+00
1.803411e+00	2.378194e-01	1.297469e-03	33597.000000	0.000000e+00
1.827963e+00	2.289356e-01	1.220283e-03	35197.000000	0.000000e+00
1.852647e+00	2.231167e-01	1.178830e-03	35823.000000	0.000000e+00
1.877249e+00	2.177887e-01	1.133011e-03	36949.000000	0.000000e+00
1.901733e+00	2.088316e-01	1.081158e-03	37309.000000	0.000000e+00
1.926241e+00	2.038890e-01	1.031441e-03	39075.000000	0.000000e+00
1.950830e+00	1.986364e-01	1.001059e-03	39373.000000	0.000000e+00
1.975308e+00	1.941809e-01	9.609502e-04	40833.000000	0.000000e+00
1.999729e+00	1.884697e-01	9.284900e-04	41203.000000	0.000000e+00
2.024419e+00	1.807345e-01	8.646791e-04	43689.000000	0.000000e+00
2.049126e+00	1.760462e-01	8.439510e-04	43513.000000	0.000000e+00
2.073508e+00	1.731438e-01	8.213621e-04	44437.000000	0.000000e+00
2.097846e+00	1.666522e-01	7.799845e-04	45651.000000	0.000000e+00
2.122473e+00	1.639884e-01	7.525491e-04	47485.000000	0.000000e+00
2.147106e+00	1.583422e-01	7.230236e-04	47961.000000	0.000000e+00
2.171601e+00	1.545416e-01	6.971031e-04	49147.000000	0.000000e+00
2.196158e+00	1.506197e-01	6.714131e-04	50325.000000	0.000000e+00
2.220735e+00	1.459080e-01	6.420192e-04	51649.000000	0.000000e+00
2.245251e+00	1.441654e-01	6.312792e-04	52153.000000	0.000000e+00
2.269729e+00	1.391738e-01	5.992251e-04	53943.000000	0.000000e+00
2.294271e+00	1.361887e-01	5.823167e-04	54697.000000	0.000000e+00
2.318928e+00	1.337791e-01	5.615965e-04	56745.000000	0.000000e+00
2.343538e+00	1.292638e-01	5.413931e-04	57007.000000	0.000000e+00
2.368026e+00	1.261463e-01	5.217245e-04	58461.000000	0.000000e+00
2.392423e+00	1.233683e-01	5.077229e-04	59041.000000	0.000000e+00
2.416863e+00	1.208131e-01	4.890978e-04	61015.000000	0.000000e+00
2.441509e+00	1.180666e-01	4.717496e-04	62637.000000	0.000000e+00
2.466080e+00	1.147711e-01	4.566471e-04	63169.000000	0.000000e+00
2.490575e+00	1.123750e-01	4.421164e-04	64605.000000	0.000000e+00
2.515186e+00	1.096026e-01	4.250623e-04	66487.000000	0.000000e+00
2.539777e+00	1.078950e-01	4.167320e-04	67033.000000	0.000000e+00
2.564215e+00	1.055080e-01	4.038895e-04	68241.000000	0.000000e+00
2.588707e+00	1.027573e-01	3.884111e-04	69991.000000	0.000000e+00
2.613337e+00	1.000643e-01	3.742060e-04	71505.000000	0.000000e+00
2.637925e+00	9.871875e-02	3.661049e-04	72709.000000	0.000000e+00
2.662420e+00	9.688157e-02	3.574187e-04	73473.000000	0.000000e+00
2.686963e+00	9.470135e-02	3.440548e-04	75763.000000	0.000000e+00
2.711515e+00	9.199435e-02	3.331271e-04	76261.000000	0.000000e+00
2.735982e+00	9.057294e-02	3.243343e-04	77985.000000	0.000000e+00
2.760573e+00	8.818182e-02	3.117484e-04	80011.000000	0.000000e+00
2.785237e+00	8.703660e-02	3.057985e-04	81009.000000	0.000000e+00
2.809671e+00	8.498060e-02	2.974898e-04	81601.000000	0.000000e+00
2.834151e+00	8.323299e-02	2.870427e-04	84081.000000	0.000000e+00
2.858722e+00	8.164030e-02	2.797624e-04	85159.000000	0.000000e+00
2.883250e+00	8.004845e-02	2.719137e-04	86665.000000	0.000000e+00
2.907819e+00	7.922612e-02	2.665552e-04	88341.000000	0.000000e+00
2.932335e+00	7.723371e-02	2.581941e-04	89479.000000	0.000000e+00
2.956914e+00	7.578581e-02	2.505114e-04	91521.000000	0.000000e+00
2.981449e+00	7.445834e-02	2.449168e-04	92425.000000	0.000000e+00
3.005876e+00	7.259052e-02	2.372962e-04	93579.000000	0.000000e+00
3.030403e+00	7.147914e-02	2.303371e-04	96301.000000	0.000000e+00
3.055041e+00	7.025527e-02	2.248160e-04	97657.000000	0.000000e+00
3.079692e+00	6.857662e-02	2.175195e-04	99393.000000	0.000000e+00
3.104241e+00	6.700446e-02	2.116804e-04	100195.000000	0.000000e+00
3.128710e+00	6.615621e-02	2.074393e-04	101709.000000	0.000000e+00
3.153123e+00	6.482944e-02	2.019805e-04	103021.000000	0.000000e+00
3.177619e+00	6.396282e-02	1.968255e-04	105607.000000	0.000000e+00
3.202185e+00	6.243386e-02	1.910364e-04	106809.000000	0.000000e+00
3.226708e+00	6.127089e-02	1.859145e-04	108613.000000	0.000000e+00
3.251321e+00	6.043735e-02	1.815820e-04	110781.000000	0.000000e+00
3.275882e+00	5.928582e-02	1.774333e-04	111643.000000	0.000000e+00
3.300393e+00	5.819956e-02	1.726291e-04	113661.000000	0.000000e+00
3.324955e+00	5.730157e-02	1.687817e-04	115261.000000	0.000000e+00
3.349528e+00	5.636055e-02	1.644381e-04	117475.000000	0.000000e+00
3.374087e+00	5.530747e-02	1.607415e-04	118389.000000	0.000000e+00
3.398541e+00	5.423962e-02	1.565678e-04	120013.000000	0.000000e+00
3.423011e+00	5.356573e-02	1.534218e-04	121899.000000	0.000000e+00
3.447546e+00	5.265662e-02	1.494642e-04	124117.000000	0.000000e+00
3.472176e+00	5.175179e-02	1.454086e-04	126669.000000	0.000000e+00
3.496772e+00	5.086654e-02	1.427569e-04	126961.000000	0.000000e+00
3.521302e+00	5.000492e-02	1.387448e-04	129895.000000	0.000000e+00
3.545845e+00	4.927706e-02	1.364283e-04	130461.000000	0.000000e+00
3.570351e+00	4.833027e-02	1.323640e-04	133321.000000	0.000000e+00
3.594817e+00	4.776381e-02	1.306647e-04	133623.000000	0.000000e+00
3.619340e+00	4.697809e-02	1.267306e-04	137413.000000	0.000000e+00
3.643921e+00	4.613024e-02	1.240701e-04	138241.000000	0.000000e+00
3.668501e+00	4.565988e-02	1.216145e-04	140961.000000	0.000000e+00
3.693083e+00	4.486680e-02	1.189574e-04	142255.000000	0.000000e+00
3.717636e+00	4.399617e-02	1.158737e-04	144165.000000	0.000000e+00
3.742123e+00	4.348895e-02	1.140625e-04	145369.000000	0.000000e+00
3.766623e+00	4.288895e-02	1.114126e-04	148191.000000	0.000000e+00
3.791211e+00	4.198397e-02	1.083325e-04	150193.000000	0.000000e+00
3.815740e+00	4.146345e-02	1.065349e-04	151477.000000	0.000000e+00
3.840250e+00	4.104882e-02	1.046840e-04	153759.000000	0.000000e+00
3.864816e+00	4.024908e-02	1.018651e-04	156121.000000	0.000000e+00
3.889416e+00	3.970702e-02	9.982154e-05	158229.000000	0.000000e+00
3.913984e+00	3.907093e-02	9.779567e-05	159613.000000	0.000000e+00
3.938439e+00	3.853444e-02	9.608091e-05	160851.000000	0.000000e+00
3.962856e+00	3.785860e-02	9.378616e-05	162949.000000	0.000000e+00
3.987408e+00	3.738879e-02	9.153010e-05	166861.000000	0.000000e+00
4.011951e+00	3.668724e-02	8.978954e-05	166947.000000	0.000000e+00
4.036502e+00	3.637413e-02	8.801106e-05	170809.000000	0.000000e+00
4.061101e+00	3.580178e-02	8.631546e-05	172041.000000	0.000000e+00
4.085632e+00	3.522421e-02	8.448996e-05	173809.000000	0.000000e+00
4.110226e+00	3.484744e-02	8.274175e-05	177375.000000	0.000000e+00
4.134760e+00	3.449102e-02	8.198749e-05	176977.000000	0.000000e+00
4.159247e+00	3.381547e-02	7.952092e-05	180829.000000	0.000000e+00
4.183807e+00	3.345530e-02	7.829514e-05	182583.000000	0.000000e+00
4.208321e+00	3.304364e-02	7.701141e-05	184105.000000	0.000000e+00
4.232839e+00	3.245271e-02	7.498772e-05	187293.000000	0.000000e+00
4.257376e+00	3.204781e-02	7.384816e-05	188329.000000	0.000000e+00
4.281944e+00	3.153398e-02	7.188176e-05	192451.000000	0.000000e+00
4.306505e+00	3.118245e-02	7.105571e-05	192585.000000	0.000000e+00
4.331033e+00	3.082467e-02	6.960507e-05	196117.000000	0.000000e+00
4.355617e+00	3.047864e-02	6.845987e-05	198207.000000	0.000000e+00
4.380161e+00	2.990272e-02	6.693198e-05	199597.000000	0.000000e+00
4.404676e+00	2.958910e-02	6.574430e-05	202557.000000	0.000000e+00
4.429249e+00	2.913331e-02	6.436874e-05	204847.000000	0.000000e+00
4.453772e+00	2.879840e-02	6.339800e-05	206341.000000	0.000000e+00
4.478282e+00	2.845746e-02	6.221536e-05	209217.000000	0.000000e+00
4.502777e+00	2.811304e-02	6.127405e-05	210505.000000	0.000000e+00
4.527289e+00	2.777294e-02	5.999456e-05	214299.000000	0.000000e+00
4.551889e+00	2.735262e-02	5.877664e-05	216565.000000	0.000000e+00
4.576426e+00	2.705477e-02	5.796875e-05	217821.000000	0.000000e+00
4.600893e+00	2.660067e-02	5.669543e-05	220135.000000	0.000000e+00
4.625467e+00	2.633427e-02	5.560346e-05	224305.000000	0.000000e+00
4.650035e+00	2.606159e-02	5.495328e-05	224913.000000	0.000000e+00
4.674541e+00	2.575355e-02	5.396601e-05	227737.000000	0.000000e+00
4.699104e+00	2.531976e-02	5.269978e-05	230835.000000	0.000000e+00
4.723670e+00	2.510468e-02	5.203369e-05	232777.000000	0.000000e+00
4.748182e+00	2.475674e-02	5.113666e-05	234381.000000	0.000000e+00
4.772682e+00	2.447615e-02	5.020762e-05	237655.000000	0.000000e+00
4.797203e+00	2.424254e-02	4.955545e-05	239317.000000	0.000000e+00
4.821755e+00	2.394413e-02	4.851953e-05	243537.000000	0.000000e+00
4.846361e+00	2.363980e-02	4.773751e-05	245227.000000	0.000000e+00
4.870915e+00	2.328248e-02	4.682140e-05	247269.000000	0.000000e+00
4.895426e+00	2.309390e-02	4.622248e-05	249625.000000	0.000000e+00
4.919952e+00	2.276850e-02	4.532564e-05	252337.000000	0.000000e+00
4.944496e+00	2.246325e-02	4.445433e-05	255339.000000	0.000000e+00
4.969013e+00	2.224171e-02	4.391916e-05	256465.000000	0.000000e+00
4.993562e+00	2.207489e-02	4.318683e-05	261273.000000	0.000000e+00
5.018138e+00	2.178766e-02	4.254404e-05	262267.000000	0.000000e+00
5.042642e+00	2.154765e-02	4.188307e-05	264681.000000	0.000000e+00
5.067215e+00	2.126241e-02	4.098873e-05	269089.000000	0.000000e+00
5.091775e+00	2.101622e-02	4.049429e-05	269353.000000	0.000000e+00
5.116309e+00	2.073899e-02	3.961728e-05	274035.000000	0.000000e+00
5.140838e+00	2.055463e-02	3.924805e-05	274273.000000	0.000000e+00
5.165333e+00	2.032540e-02	3.851353e-05	278517.000000	0.000000e+00
5.189818e+00	2.012758e-02	3.807572e-05	279439.000000	0.000000e+00
5.214351e+00	1.986838e-02	3.723276e-05	284757.000000	0.000000e+00
5.238947e+00	1.972839e-02	3.686391e-05	286405.000000	0.000000e+00
5.263479e+00	1.944930e-02	3.620876e-05	288523.000000	0.000000e+00
5.288002e+00	1.922701e-02	3.560209e-05	291657.000000	0.000000e+00
5.312546e+00	1.904058e-02	3.509386e-05	294373.000000	0.000000e+00
5.337121e+00	1.877956e-02	3.441159e-05	297825.000000	0.000000e+00
5.361672e+00	1.864839e-02	3.408289e-05	299371.000000	0.000000e+00
5.386196e+00	1.836471e-02	3.338415e-05	302613.000000	0.000000e+00
5.410715e+00	1.822943e-02	3.302818e-05	304633.000000	0.000000e+00
5.435244e+00	1.803646e-02	3.247168e-05	308527.000000	0.000000e+00
5.459823e+00	1.791731e-02	3.211002e-05	311361.000000	0.000000e+00
5.484389e+00	1.768579e-02	3.155657e-05	314101.000000	0.000000e+00
5.508889e+00	1.748480e-02	3.116542e-05	314757.000000	0.000000e+00
5.533464e+00	1.734230e-02	3.055539e-05	322135.000000	0.000000e+00
5.558036e+00	1.717162e-02	3.034949e-05	320125.000000	0.000000e+00
5.582484e+00	1.696279e-02	2.977041e-05	324657.000000	0.000000e+00
5.606956e+00	1.683782e-02	2.947069e-05	326431.000000	0.000000e+00
5.631560e+00	1.660392e-02	2.874696e-05	333609.000000	0.000000e+00
5.656168e+00	1.646282e-02	2.852866e-05	333001.000000	0.000000e+00
5.680698e+00	1.628988e-02	2.807328e-05	336705.000000	0.000000e+00
5.705204e+00	1.610597e-02	2.768497e-05	338443.000000	0.000000e+00
5.729704e+00	1.594452e-02	2.725735e-05	342181.000000	0.000000e+00
5.754232e+00	1.580743e-02	2.690640e-05	345153.000000	0.000000e+00
5.778772e+00	1.565481e-02	2.651382e-05	348619.000000	0.000000e+00
5.803342e+00	1.551295e-02	2.616830e-05	351429.000000	0.000000e+00
5.827902e+00	1.531004e-02	2.570634e-05	354709.000000	0.000000e+00
5.852409e+00	1.519793e-02	2.547841e-05	355815.000000	0.000000e+00
5.876957e+00	1.503152e-02	2.499300e-05	361717.000000	0.000000e+00
5.901534e+00	1.492677e-02	2.478022e-05	362845.000000	0.000000e+00
5.926030e+00	1.476052e-02	2.442574e-05	365181.000000	0.000000e+00
5.950548e+00	1.457940e-02	2.397335e-05	369847.000000	0.000000e+00
5.975137e+00	1.440176e-02	2.357585e-05	373161.000000	0.000000e+00
5.999657e+00	1.434865e-02	2.346615e-05	373885.000000	0.000000e+00
6.024161e+00	1.417802e-02	2.303050e-05	378987.000000	0.000000e+00
6.048714e+00	1.406038e-02	2.277072e-05	381277.000000	0.000000e+00
6.073267e+00	1.392069e-02	2.242133e-05	385477.000000	0.000000e+00
6.097868e+00	1.380836e-02	2.214389e-05	388845.000000	0.000000e+00
6.122369e+00	1.369309e-02	2.196553e-05	388615.000000	0.000000e+00
6.146867e+00	1.352927e-02	2.152430e-05	395085.000000	0.000000e+00
6.171452e+00	1.342786e-02	2.130116e-05	397381.000000	0.000000e+00
6.195974e+00	1.328485e-02	2.100858e-05	399871.000000	0.000000e+00
6.220444e+00	1.313725e-02	2.073315e-05	401493.000000	0.000000e+00
6.244986e+00	1.299774e-02	2.032542e-05	408937.000000	0.000000e+00
6.269588e+00	1.292600e-02	2.019217e-05	409791.000000	0.000000e+00
6.294124e+00	1.278958e-02	1.990089e-05	413017.000000	0.000000e+00
6.318633e+00	1.270586e-02	1.970526e-05	415761.000000	0.000000e+00
6.343202e+00	1.260698e-02	1.943299e-05	420865.000000	0.000000e+00
6.367770e+00	1.243783e-02	1.912908e-05	422767.000000	0.000000e+00
6.392288e+00	1.240744e-02	1.902273e-05	425421.000000	0.000000e+00
6.416837e+00	1.225494e-02	1.867721e-05	430525.000000	0.000000e+00
6.441383e+00	1.211434e-02	1.843695e-05	431739.000000	0.000000e+00
6.465913e+00	1.202710e-02	1.820356e-05	436525.000000	0.000000e+00
6.490433e+00	1.191200e-02	1.799164e-05	438357.000000	0.000000e+00
6.514946e+00	1.182311e-02	1.777598e-05	442381.000000	0.000000e+00
6.539518e+00	1.172122e-02	1.752054e-05	447559.000000	0.000000e+00
6.564059e+00	1.164533e-02	1.740357e-05	447741.000000	0.000000e+00
6.588587e+00	1.148782e-02	1.705218e-05	453853.000000	0.000000e+00
6.613110e+00	1.141081e-02	1.692710e-05	454431.000000	0.000000e+00
6.637622e+00	1.133076e-02	1.670700e-05	459961.000000	0.000000e+00
6.662172e+00	1.122481e-02	1.650048e-05	462769.000000	0.000000e+00
6.686693e+00	1.110994e-02	1.627913e-05	465759.000000	0.000000e+00
6.711227e+00	1.099607e-02	1.604015e-05	469957.000000	0.000000e+00
6.735777e+00	1.092961e-02	1.588376e-05	473481.000000	0.000000e+00
6.760323e+00	1.084420e-02	1.571384e-05	476245.000000	0.000000e+00
6.784855e+00	1.075597e-02	1.552001e-05	480303.000000	0.000000e+00
6.809427e+00	1.066075e-02	1.531469e-05	484573.000000	0.000000e+00
6.833979e+00	1.060044e-02	1.519796e-05	486493.000000	0.000000e+00
6.858503e+00	1.050233e-02	1.499399e-05	490611.000000	0.000000e+00
6.883055e+00	1.042698e-02	1.483122e-05	494269.000000	0.000000e+00
6.907584e+00	1.028990e-02	1.459191e-05	497277.000000	0.000000e+00
6.932134e+00	1.022662e-02	1.443832e-05	501685.000000	0.000000e+00
6.956669e+00	1.016774e-02	1.432026e-05	504135.000000	0.000000e+00
6.981221e+00	1.004630e-02	1.407939e-05	509149.000000	0.000000e+00
7.005753e+00	9.978246e-03	1.396379e-05	510625.000000	0.000000e+00
7.030233e+00	9.888080e-03	1.378616e-05	514443.000000	0.000000e+00
7.054782e+00	9.819483e-03	1.361674e-05	520033.000000	0.000000e+00
7.079343e+00	9.754659e-03	1.349115e-05	522789.000000	0.000000e+00
7.103883e+00	9.652193e-03	1.330851e-05	526009.000000	0.000000e+00
7.128424e+00	9.565316e-03	1.313309e-05	530475.000000	0.000000e+00
7.152965e+00	9.524858e-03	1.304661e-05	532993.000000	0.000000e+00
7.177501e+00	9.441298e-03	1.287748e-05	537529.000000	0.000000e+00
7.202013e+00	9.379062e-03	1.276694e-05	539691.000000	0.000000e+00
7.226577e+00	9.304060e-03	1.258412e-05	546637.000000	0.000000e+00
7.251125e+00	9.204283e-03	1.244553e-05	546957.000000	0.000000e+00
7.275651e+00	9.127652e-03	1.227812e-05	552655.000000	0.000000e+00
7.300226e+00	9.059773e-03	1.214267e-05	556681.000000	0.000000e+00
7.324759e+00	9.011109e-03	1.205775e-05	558501.000000	0.000000e+00
7.349299e+00	8.930915e-03	1.189001e-05	564193.000000	0.000000e+00
7.373825e+00	8.852743e-03	1.177178e-05	565551.000000	0.000000e+00
7.398312e+00	8.793626e-03	1.164915e-05	569833.000000	0.000000e+00
7.422892e+00	8.735989e-03	1.149682e-05	577389.000000	0.000000e+00
7.447442e+00	8.669195e-03	1.141939e-05	576331.000000	0.000000e+00
7.471956e+00	8.591864e-03	1.125403e-05	582853.000000	0.000000e+00
7.496499e+00	8.539070e-03	1.115578e-05	585897.000000	0.000000e+00
7.521014e+00	8.452894e-03	1.101746e-05	588637.000000	0.000000e+00
7.545557e+00	8.399251e-03	1.088656e-05	595251.000000	0.000000e+00
7.570086e+00	8.339096e-03	1.080316e-05	595849.000000	0.000000e+00
7.594613e+00	8.263865e-03	1.064863e-05	602253.000000	0.000000e+00
7.619172e+00	8.185501e-03	1.051618e-05	605863.000000	0.000000e+00
7.643756e+00	8.139517e-03	1.041413e-05	610873.000000	0.000000e+00
7.668263e+00	8.073005e-03	1.033343e-05	610353.000000	0.000000e+00
7.692777e+00	8.024229e-03	1.020225e-05	618607.000000	0.000000e+00
7.717371e+00	7.959293e-03	1.009055e-05	622185.000000	0.000000e+00
7.741929e+00	7.919437e-03	1.001548e-05	625237.000000	0.000000e+00
7.766457e+00	7.861883e-03	9.920573e-06	628029.000000	0.000000e+00
7.790953e+00	7.790921e-03	9.800288e-06	631975.000000	0.000000e+00
7.815489e+00	7.743253e-03	9.697836e-06	637525.000000	0.000000e+00
7.840050e+00	7.696678e-03	9.607309e-06	641805.000000	0.000000e+00
7.864588e+00	7.624753e-03	9.498914e-06	644323.000000	0.000000e+00
7.889126e+00	7.590583e-03	9.419388e-06	649389.000000	0.000000e+00
7.913643e+00	7.538538e-03	9.338138e-06	651709.000000	0.000000e+00
7.938181e+00	7.470012e-03	9.206752e-06	658309.000000	0.000000e+00
7.962760e+00	7.401212e-03	9.092322e-06	662607.000000	0.000000e+00
7.987311e+00	7.362763e-03	9.033983e-06	664237.000000	0.000000e+00
8.011811e+00	7.326085e-03	8.962492e-06	668169.000000	0.000000e+00
8.036325e+00	7.276723e-03	8.866046e-06	673615.000000	0.000000e+00
8.060868e+00	7.226954e-03	8.779159e-06	677649.000000	0.000000e+00
8.085446e+00	7.181138e-03	8.683587e-06	683893.000000	0.000000e+00
8.109989e+00	7.117116e-03	8.606095e-06	683905.000000	0.000000e+00
8.134471e+00	7.063325e-03	8.510333e-06	688851.000000	0.000000e+00
8.159038e+00	7.011853e-03	8.397646e-06	697189.000000	0.000000e+00
8.183598e+00	6.950796e-03	8.330139e-06	696249.000000	0.000000e+00
8.208073e+00	6.925659e-03	8.269510e-06	701395.000000	0.000000e+00
8.232590e+00	6.876328e-03	8.180906e-06	706497.000000	0.000000e+00
8.257144e+00	6.833439e-03	8.096781e-06	712285.000000	0.000000e+00
8.281710e+00	6.786885e-03	8.022620e-06	715663.000000	0.000000e+00
8.306271e+00	6.727483e-03	7.928101e-06	720057.000000	0.000000e+00
8.330826e+00	6.686197e-03	7.854788e-06	724585.000000	0.000000e+00
8.355374e+00	6.639758e-03	7.785890e-06	727257.000000	0.000000e+00
8.379901e+00	6.604036e-03	7.715170e-06	732703.000000	0.000000e+00
8.404418e+00	6.557388e-03	7.649582e-06	734829.000000	0.000000e+00
8.428928e+00	6.520177e-03	7.576025e-06	740689.000000	0.000000e+00
8.453504e+00	6.466472e-03	7.476920e-06	747979.000000	0.000000e+00
8.478051e+00	6.428933e-03	7.438519e-06	746973.000000	0.000000e+00
8.502580e+00	6.396693e-03	7.355198e-06	756349.000000	0.000000e+00
8.527138e+00	6.338678e-03	7.287123e-06	756633.000000	0.000000e+00
8.551634e+00	6.306558e-03	7.226520e-06	761599.000000	0.000000e+00
8.576156e+00	6.267182e-03	7.155263e-06	767173.000000	0.000000e+00
8.600697e+00	6.216584e-03	7.078662e-06	771261.000000	0.000000e+00
8.625259e+00	6.183359e-03	7.012365e-06	777535.000000	0.000000e+00
8.649836e+00	6.148458e-03	6.958934e-06	780633.000000	0.000000e+00
8.674376e+00	6.100497e-03	6.886608e-06	784729.000000	0.000000e+00
8.698927e+00	6.057060e-03	6.815817e-06	789747.000000	0.000000e+00
8.723450e+00	6.019915e-03	6.764834e-06	791893.000000	0.000000e+00
8.747957e+00	5.998924e-03	6.716760e-06	797677.000000	0.000000e+00
8.772521e+00	5.951946e-03	6.636134e-06	804429.000000	0.000000e+00
8.797047e+00	5.925561e-03	6.606280e-06	804535.000000	0.000000e+00
8.821541e+00	5.870049e-03	6.518813e-06	810861.000000	0.000000e+00
8.846076e+00	5.833768e-03	6.456804e-06	816325.000000	0.000000e+00
8.870641e+00	5.817617e-03	6.415106e-06	822399.000000	0.000000e+00
8.895170e+00	5.761016e-03	6.352283e-06	822505.000000	0.000000e+00
8.919713e+00	5.749234e-03	6.300527e-06	832657.000000	0.000000e+00
8.944263e+00	5.710909e-03	6.261521e-06	831861.000000	0.000000e+00
8.968772e+00	5.673855e-03	6.193135e-06	839335.000000	0.000000e+00
8.993334e+00	5.643292e-03	6.140179e-06	844701.000000	0.000000e+00
9.017895e+00	5.586068e-03	6.066279e-06	847945.000000	0.000000e+00
9.042430e+00	5.563825e-03	6.024494e-06	852915.000000	0.000000e+00
9.066970e+00	5.540353e-03	5.985501e-06	856789.000000	0.000000e+00
9.091538e+00	5.501575e-03	5.915669e-06	864901.000000	0.000000e+00
9.116063e+00	5.475319e-03	5.895779e-06	862455.000000	0.000000e+00
9.140573e+00	5.442069e-03	5.822873e-06	873481.000000	0.000000e+00
9.165140e+00	5.401610e-03	5.771790e-06	875841.000000	0.000000e+00
9.189653e+00	5.370706e-03	5.729266e-06	878749.000000	0.000000e+00
9.214176e+00	5.333780e-03	5.664923e-06	886507.000000	0.000000e+00
9.238722e+00	5.318218e-03	5.640034e-06	889137.000000	0.000000e+00
9.263252e+00	5.289396e-03	5.590400e-06	895213.000000	0.000000e+00
9.287810e+00	5.248893e-03	5.530782e-06	900663.000000	0.000000e+00
9.312363e+00	5.222975e-03	5.492513e-06	904261.000000	0.000000e+00
9.336898e+00	5.194826e-03	5.448301e-06	909117.000000	0.000000e+00
9.361428e+00	5.156099e-03	5.396359e-06	912937.000000	0.000000e+00
9.385969e+00	5.131038e-03	5.349445e-06	920011.000000	0.000000e+00
9.410496e+00	5.102076e-03	5.315675e-06	921249.000000	0.000000e+00
9.435027e+00	5.078793e-03	5.266392e-06	930025.000000	0.000000e+00
9.459577e+00	5.051326e-03	5.231497e-06	932307.000000	0.000000e+00
9.484080e+00	5.028719e-03	5.198063e-06	935905.000000	0.000000e+00
9.508599e+00	4.986760e-03	5.132898e-06	943869.000000	0.000000e+00
9.533177e+00	4.961402e-03	5.091725e-06	949465.000000	0.000000e+00
9.557740e+00	4.944402e-03	5.065308e-06	952831.000000	0.000000e+00
9.582283e+00	4.911561e-03	5.018938e-06	957669.000000	0.000000e+00
9.606825e+00	4.887667e-03	4.982165e-06	962425.000000	0.000000e+00
9.631356e+00	4.854295e-03	4.936401e-06	967011.000000	0.000000e+00
9.655881e+00	4.840406e-03	4.911324e-06	971329.000000	0.000000e+00
9.680426e+00	4.812318e-03	4.864261e-06	978757.000000	0.000000e+00
9.704942e+00	4.790437e-03	4.841753e-06	978915.000000	0.000000e+00
9.729497e+00	4.766418e-03	4.786629e-06	991573.000000	0.000000e+00
9.754046e+00	4.744155e-03	4.770404e-06	989025.000000	0.000000e+00
9.778535e+00	4.719676e-03	4.729883e-06	995689.000000	0.000000e+00
9.803103e+00	4.695667e-03	4.680696e-06	1006407.000000	0.000000e+00
9.827649e+00	4.655473e-03	4.647817e-06	1003297.000000	0.000000e+00
9.852180e+00	4.642527e-03	4.606795e-06	1015573.000000	0.000000e+00
9.876731e+00	4.625153e-03	4.590500e-06	1015155.000000	0.000000e+00
9.901284e+00	4.596083e-03	4.539411e-06	1025125.000000	0.000000e+00
9.925835e+00	4.576314e-03	4.517462e-06	1026225.000000	0.000000e+00
9.950350e+00	4.550947e-03	4.481160e-06	1031389.000000	0.000000e+00
9.974902e+00	4.527886e-03	4.439840e-06	1040055.000000	0.000000e+00
9.999429e+00	4.499506e-03	4.414283e-06	1038985.000000	0.000000e+00
1.002392e+01	4.480670e-03	4.377540e-06	1047673.000000	0.000000e+00
1.004849e+01	4.465937e-03	4.347014e-06	1055463.000000	0.000000e+00
1.007303e+01	4.443298e-03	4.323532e-06	1056169.000000	0.000000e+00
1.009756e+01	4.420335e-03	4.284338e-06	1064493.000000	0.000000e+00
1.012209e+01	4.402136e-03	4.262477e-06	1066603.000000	0.000000e+00
1.014664e+01	4.386606e-03	4.228332e-06	1076265.000000	0.000000e+00
1.017120e+01	4.364415e-03	4.202812e-06	1078381.000000	0.000000e+00
1.019572e+01	4.334169e-03	4.165881e-06	1082425.000000	0.000000e+00
1.022025e+01	4.322163e-03	4.139017e-06	1090455.000000	0.000000e+00
1.024479e+01	4.304695e-03	4.116634e-06	1093453.000000	0.000000e+00
1.026933e+01	4.271834e-03	4.072410e-06	1100337.000000	0.000000e+00
1.029386e+01	4.250837e-03	4.045212e-06	1104247.000000	0.000000e+00
1.031842e+01	4.241033e-03	4.021520e-06	1112149.000000	0.000000e+00
1.034296e+01	4.222195e-03	3.998791e-06	1114857.000000	0.000000e+00
1.036749e+01	4.210484e-03	3.978475e-06	1120033.000000	0.000000e+00
1.039203e+01	4.184841e-03	3.940880e-06	1127643.000000	0.000000e+00
1.041655e+01	4.166867e-03	3.922746e-06	1128337.000000	0.000000e+00
1.044111e+01	4.149977e-03	3.884036e-06	1141629.000000	0.000000e+00
1.046570e+01	4.140825e-03	3.874598e-06	1142143.000000	0.000000e+00
1.049021e+01	4.108681e-03	3.839934e-06	1144873.000000	0.000000e+00
1.051473e+01	4.102577e-03	3.818757e-06	1154169.000000	0.000000e+00
1.053925e+01	4.079086e-03	3.795494e-06	1155019.000000	0.000000e+00
1.056380e+01	4.059826e-03	3.756283e-06	1168149.000000	0.000000e+00
1.058835e+01	4.053094e-03	3.752477e-06	1166641.000000	0.000000e+00
1.061283e+01	4.031018e-03	3.725422e-06	1170789.000000	0.000000e+00
1.063739e+01	4.014245e-03	3.686477e-06	1185727.000000	0.000000e+00
1.066197e+01	4.001348e-03	3.677211e-06	1184065.000000	0.000000e+00
1.068650e+01	3.980660e-03	3.646821e-06	1191465.000000	0.000000e+00
1.071103e+01	3.966604e-03	3.629326e-06	1194499.000000	0.000000e+00
1.073555e+01	3.949889e-03	3.602845e-06	1201929.000000	0.000000e+00
1.076011e+01	3.933137e-03	3.576293e-06	1209517.000000	0.000000e+00
1.078466e+01	3.925887e-03	3.565411e-06	1212429.000000	0.000000e+00
1.080918e+01	3.920557e-03	3.554037e-06	1216891.000000	0.000000e+00
1.083370e+01	3.892741e-03	3.520421e-06	1222705.000000	0.000000e+00
1.085823e+01	3.886765e-03	3.503626e-06	1230669.000000	0.000000e+00
1.088282e+01	3.872944e-03	3.479147e-06	1239187.000000	0.000000e+00
1.090737e+01	3.855484e-03	3.465524e-06	1237713.000000	0.000000e+00
1.093189e+01	3.845149e-03	3.443681e-06	1246753.000000	0.000000e+00
1.095642e+01	3.829471e-03	3.424847e-06	1250245.000000	0.000000e+00
1.098096e+01	3.817788e-03	3.401006e-06	1260111.000000	0.000000e+00
1.100552e+01	3.803427e-03	3.385749e-06	1261945.000000	0.000000e+00
1.103005e+01	3.787074e-03	3.362257e-06	1268661.000000	0.000000e+00
1.105458e+01	3.780698e-03	3.349448e-06	1274083.000000	0.000000e+00
1.107911e+01	3.768444e-03	3.331630e-06	1279413.000000	0.000000e+00
1.110366e+01	3.752119e-03	3.306849e-06	1287433.000000	0.000000e+00
1.112821e+01	3.745117e-03	3.295942e-06	1291135.000000	0.000000e+00
1.115273e+01	3.738660e-03	3.284659e-06	1295541.000000	0.000000e+00
1.117726e+01	3.723142e-03	3.261729e-06	1302937.000000	0.000000e+00
1.120181e+01	3.711326e-03	3.243045e-06	1309641.000000	0.000000e+00
1.122634e+01	3.707116e-03	3.235961e-06	1312399.000000	0.000000e+00
1.125085e+01	3.692465e-03	3.215329e-06	1318809.000000	0.000000e+00
1.127541e+01	3.681073e-03	3.192389e-06	1329589.000000	0.000000e+00
1.129999e+01	3.665938e-03	3.176719e-06	1331719.000000	0.000000e+00
1.132451e+01	3.656814e-03	3.164650e-06	1335225.000000	0.000000e+00
1.134903e+01	3.651905e-03	3.150431e-06	1343689.000000	0.000000e+00
1.137357e+01	3.641801e-03	3.136486e-06	1348173.000000	0.000000e+00
1.139811e+01	3.633233e-03	3.119779e-06	1356247.000000	0.000000e+00
1.142265e+01	3.620531e-03	3.105848e-06	1358889.000000	0.000000e+00
1.144718e+01	3.620662e-03	3.096482e-06	1367221.000000	0.000000e+00
1.147174e+01	3.606884e-03	3.077032e-06	1374043.000000	0.000000e+00
1.149628e+01	3.597826e-03	3.065704e-06	1377273.000000	0.000000e+00
1.152079e+01	3.590463e-03	3.054851e-06	1381405.000000	0.000000e+00
1.154533e+01	3.579747e-03	3.033005e-06	1393023.000000	0.000000e+00
1.156988e+01	3.574419e-03	3.027542e-06	1393897.000000	0.000000e+00
1.159441e+01	3.576499e-03	3.019545e-06	1402921.000000	0.000000e+00
1.161895e+01	3.567738e-03	3.007025e-06	1407705.000000	0.000000e+00
1.164349e+01	3.550639e-03	2.985752e-06	1414183.000000	0.000000e+00
1.166804e+01	3.547407e-03	2.977139e-06	1419789.000000	0.000000e+00
1.169259e+01	3.541086e-03	2.963962e-06	1427341.000000	0.000000e+00
1.171712e+01	3.543144e-03	2.964088e-06	1428879.000000	0.000000e+00
1.174164e+01	3.532325e-03	2.945395e-06	1438249.000000	0.000000e+00
1.176619e+01	3.525237e-03	2.932240e-06	1445365.000000	0.000000e+00
1.179072e+01	3.516104e-03	2.923374e-06	1446621.000000	0.000000e+00
1.181525e+01	3.512223e-03	2.909286e-06	1457443.000000	0.000000e+00
1.183979e+01	3.508619e-03	2.902703e-06	1461057.000000	0.000000e+00
1.186435e+01	3.509295e-03	2.894369e-06	1470049.000000	0.000000e+00
1.188889e+01	3.501622e-03	2.884744e-06	1473411.000000	0.000000e+00
1.191343e+01	3.499194e-03	2.876404e-06	1479913.000000	0.000000e+00
1.193797e+01	3.488088e-03	2.860637e-06	1486789.000000	0.000000e+00
1.196251e+01	3.492257e-03	2.859350e-06	1491687.000000	0.000000e+00
1.198703e+01	3.482144e-03	2.845880e-06	1497133.000000	0.000000e+00
1.201156e+01	3.482217e-03	2.838434e-06	1505061.000000	0.000000e+00
1.203612e+01	3.476093e-03	2.827415e-06	1511485.000000	0.000000e+00
1.206065e+01	3.478229e-03	2.825451e-06	1515447.000000	0.000000e+00
1.208515e+01	3.474844e-03	2.818633e-06	1519825.000000	0.000000e+00
1.210971e+01	3.474023e-03	2.803363e-06	1535701.000000	0.000000e+00
1.213428e+01	3.472613e-03	2.805558e-06	1532055.000000	0.000000e+00
1.215881e+01	3.467034e-03	2.789236e-06	1545061.000000	0.000000e+00
1.218336e+01	3.466671e-03	2.788450e-06	1545609.000000	0.000000e+00
1.220787e+01	3.464001e-03	2.780164e-06	1552441.000000	0.000000e+00
1.223242e+01	3.461289e-03	2.767828e-06	1563859.000000	0.000000e+00
1.225696e+01	3.467805e-03	2.773292e-06	1563573.000000	0.000000e+00
1.228148e+01	3.461330e-03	2.759262e-06	1573621.000000	0.000000e+00
1.230602e+01	3.465478e-03	2.758133e-06	1578687.000000	0.000000e+00
1.233056e+01	3.471127e-03	2.756581e-06	1585621.000000	0.000000e+00
1.235512e+01	3.459919e-03	2.739393e-06	1595229.000000	0.000000e+00
1.237965e+01	3.468041e-03	2.747454e-06	1593337.000000	0.000000e+00
1.240419e+01	3.465435e-03	2.731360e-06	1609747.000000	0.000000e+00
1.242874e+01	3.465932e-03	2.733973e-06	1607133.000000	0.000000e+00
1.245325e+01	3.469028e-03	2.728650e-06	1616293.000000	0.000000e+00
1.247780e+01	3.478189e-03	2.726327e-06	1627611.000000	0.000000e+00
1.250235e+01	3.481825e-03	2.730155e-06	1626445.000000	0.000000e+00
1.252688e+01	3.482387e-03	2.720063e-06	1639065.000000	0.000000e+00
1.255143e+01	3.475410e-03	2.712491e-06	1641631.000000	0.000000e+00
1.257596e+01	3.458742e-03	2.696627e-06	1645109.500000	0.000000e+00
1.260049e+01	3.427748e-03	2.674784e-06	1642254.000000	0.000000e+00
1.262503e+01	3.384998e-03	2.643939e-06	1639132.000000	0.000000e+00
1.264958e+01	3.343486e-03	2.613284e-06	1636914.000000	0.000000e+00
1.267411e+01	3.301450e-03	2.585353e-06	1630684.000000	0.000000e+00
1.269864e+01	3.267531e-03	2.560331e-06	1628722.000000	0.000000e+00
1.272316e+01	3.227485e-03	2.532298e-06	1624422.000000	0.000000e+00
1.274773e+01	3.191410e-03	2.501801e-06	1627270.000000	0.000000e+00
1.277225e+01	3.154842e-03	2.484713e-06	1612140.000000	0.000000e+00
1.279677e+01	3.115738e-03	2.448274e-06	1619578.000000	0.000000e+00
1.282133e+01	3.087386e-03	2.433193e-06	1610010.000000	0.000000e+00
1.284587e+01	3.057750e-03	2.409318e-06	1610704.000000	0.000000e+00
1.287043e+01	3.018810e-03	2.382664e-06	1605262.000000	0.000000e+00
1.289495e+01	2.987685e-03	2.362445e-06	1599360.000000	0.000000e+00
1.291951e+01	2.950795e-03	2.331401e-06	1601932.000000	0.000000e+00
1.294403e+01	2.933035e-03	2.327084e-06	1588584.000000	0.000000e+00
1.296853e+01	2.901383e-03	2.299751e-06	1591654.000000	0.000000e+00
1.299309e+01	2.870458e-03	2.277118e-06	1589028.000000	0.000000e+00
1.301763e+01	2.835958e-03	2.255254e-06	1581280.000000	0.000000e+00
1.304217e+01	2.811211e-03	2.235740e-06	1581046.000000	0.000000e+00
1.306670e+01	2.788910e-03	2.222290e-06	1574952.000000	0.000000e+00
1.309123e+01	2.756942e-03	2.199259e-06	1571458.000000	0.000000e+00
1.311579e+01	2.728264e-03	2.176559e-06	1571202.000000	0.000000e+00
1.314034e+01	2.708495e-03	2.165416e-06	1564492.000000	0.000000e+00
1.316488e+01	2.675076e-03	2.141351e-06	1560618.000000	0.000000e+00
1.318940e+01	2.652330e-03	2.126335e-06	1555936.000000	0.000000e+00
1.321393e+01	2.635097e-03	2.115004e-06	1552282.000000	0.000000e+00
1.323848e+01	2.610388e-03	2.095487e-06	1551816.000000	0.000000e+00
1.326302e+01	2.587343e-03	2.083034e-06	1542820.000000	0.000000e+00
1.328757e+01	2.560205e-03	2.060099e-06	1544448.000000	0.000000e+00
1.331210e+01	2.545824e-03	2.055037e-06	1534678.000000	0.000000e+00
1.333662e+01	2.516551e-03	2.032333e-06	1533280.000000	0.000000e+00
1.336117e+01	2.497857e-03	2.018685e-06	1531080.000000	0.000000e+00
1.338570e+01	2.477035e-03	2.007088e-06	1523110.000000	0.000000e+00
1.341022e+01	2.456424e-03	1.991611e-06	1521240.000000	0.000000e+00
1.343476e+01	2.437359e-03	1.978994e-06	1516876.000000	0.000000e+00
1.345932e+01	2.413693e-03	1.960599e-06	1515606.000000	0.000000e+00
1.348389e+01	2.398326e-03	1.951028e-06	1511086.000000	0.000000e+00
1.350843e+01	2.377543e-03	1.939539e-06	1502656.000000	0.000000e+00
1.353293e+01	2.357358e-03	1.925587e-06	1498734.000000	0.000000e+00
1.355748e+01	2.344184e-03	1.914962e-06	1498522.000000	0.000000e+00
1.358203e+01	2.322252e-03	1.901373e-06	1491708.000000	0.000000e+00
1.360658e+01	2.307394e-03	1.890556e-06	1489582.000000	0.000000e+00
1.363111e+01	2.292022e-03	1.883567e-06	1480728.000000	0.000000e+00
1.365563e+01	2.270136e-03	1.865677e-06	1480576.000000	0.000000e+00
1.368019e+01	2.254122e-03	1.855470e-06	1475866.000000	0.000000e+00
1.370473e+01	2.243551e-03	1.850736e-06	1469544.000000	0.000000e+00
1.372924e+01	2.228216e-03	1.841659e-06	1463848.000000	0.000000e+00
1.375380e+01	2.211207e-03	1.825558e-06	1467126.000000	0.000000e+00
1.377836e+01	2.196077e-03	1.820878e-06	1454566.000000	0.000000e+00
1.380287e+01	2.182441e-03	1.811413e-06	1451610.000000	0.000000e+00
1.382737e+01	2.166860e-03	1.802080e-06	1445818.000000	0.000000e+00
1.385191e+01	2.149097e-03	1.787185e-06	1446016.000000	0.000000e+00
1.387648e+01	2.133549e-03	1.777754e-06	1440330.000000	0.000000e+00
1.390103e+01	2.121026e-03	1.769832e-06	1436242.000000	0.000000e+00
1.392557e+01	2.110724e-03	1.766327e-06	1427976.000000	0.000000e+00
1.395012e+01	2.094206e-03	1.751931e-06	1428910.000000	0.000000e+00
1.397464e+01	2.083879e-03	1.751582e-06	1415416.000000	0.000000e+00
1.399917e+01	2.070006e-03	1.736727e-06	1420626.000000	0.000000e+00
1.402372e+01	2.061667e-03	1.737170e-06	1408486.000000	0.000000e+00
1.404824e+01	2.044722e-03	1.723779e-06	1407036.000000	0.000000e+00
1.407278e+01	2.035072e-03	1.718462e-06	1402426.000000	0.000000e+00
1.409731e+01	2.023603e-03	1.713091e-06	1395372.000000	0.000000e+00
1.412183e+01	2.009187e-03	1.702617e-06	1392538.000000	0.000000e+00
1.414639e+01	2.000435e-03	1.696545e-06	1390330.000000	0.000000e+00
1.417094e+01	1.992824e-03	1.696091e-06	1380510.000000	0.000000e+00
1.419546e+01	1.975351e-03	1.682022e-06	1379194.000000	0.000000e+00
1.422001e+01	1.970559e-03	1.682091e-06	1372398.000000	0.000000e+00
1.424455e+01	1.959325e-03	1.674480e-06	1369156.000000	0.000000e+00
1.426908e+01	1.949149e-03	1.670861e-06	1360848.000000	0.000000e+00
1.429362e+01	1.941025e-03	1.663850e-06	1360924.000000	0.000000e+00
1.431818e+01	1.928589e-03	1.658345e-06	1352476.000000	0.000000e+00
1.434273e+01	1.922578e-03	1.654897e-06	1349664.000000	0.000000e+00
1.436724e+01	1.909046e-03	1.649910e-06	1338790.000000	0.000000e+00
1.439177e+01	1.901691e-03	1.641512e-06	1342122.000000	0.000000e+00
1.441633e+01	1.893912e-03	1.641486e-06	1331206.000000	0.000000e+00
1.444087e+01	1.883543e-03	1.633839e-06	1329024.000000	0.000000e+00
1.446541e+01	1.876956e-03	1.632517e-06	1321882.000000	0.000000e+00
1.448996e+01	1.868130e-03	1.626406e-06	1319338.000000	0.000000e+00
1.451448e+01	1.859611e-03	1.625432e-06	1308900.000000	0.000000e+00
1.453902e+01	1.849049e-03	1.615447e-06	1310122.000000	0.000000e+00
1.456356e+01	1.841814e-03	1.615451e-06	1299882.000000	0.000000e+00
1.458809e+01	1.836347e-03	1.612866e-06	1296322.000000	0.000000e+00
1.461262e+01	1.830495e-03	1.610326e-06	1292140.000000	0.000000e+00
1.463716e+01	1.821693e-03	1.607399e-06	1284408.000000	0.000000e+00
1.466171e+01	1.815960e-03	1.603117e-06	1283164.000000	0.000000e+00
1.468625e+01	1.807928e-03	1.602040e-06	1273548.000000	0.000000e+00
1.471078e+01	1.803346e-03	1.600298e-06	1269862.000000	0.000000e+00
1.473534e+01	1.794411e-03	1.594135e-06	1267050.000000	0.000000e+00
1.475987e+01	1.789346e-03	1.596989e-06	1255408.000000	0.000000e+00
1.478439e+01	1.785851e-03	1.593835e-06	1255462.000000	0.000000e+00
1.480894e+01	1.773816e-03	1.588584e-06	1246800.000000	0.000000e+00
1.483348e+01	1.769293e-03	1.586123e-06	1244302.000000	0.000000e+00
1.485802e+01	1.765576e-03	1.588660e-06	1235124.000000	0.000000e+00
1.488256e+01	1.763514e-03	1.588153e-06	1233028.000000	0.000000e+00
1.490708e+01	1.754704e-03	1.586873e-06	1222710.000000	0.000000e+00
1.493162e+01	1.747543e-03	1.580852e-06	1222006.000000	0.000000e+00
1.495618e+01	1.742371e-03	1.580217e-06	1215760.000000	0.000000e+00
1.498071e+01	1.739883e-03	1.583777e-06	1206846.000000	0.000000e+00
1.500525e+01	1.733338e-03	1.579384e-06	1204456.000000	0.000000e+00
1.502980e+01	1.725654e-03	1.576845e-06	1197648.000000	0.000000e+00
1.505434e+01	1.726729e-03	1.582485e-06	1190608.000000	0.000000e+00
1.507886e+01	1.716986e-03	1.576545e-06	1186098.000000	0.000000e+00
1.510342e+01	1.714544e-03	1.577560e-06	1181206.000000	0.000000e+00
1.512796e+01	1.708950e-03	1.578102e-06	1172704.000000	0.000000e+00
1.515246e+01	1.708611e-03	1.581356e-06	1167420.000000	0.000000e+00
1.517700e+01	1.706218e-03	1.581978e-06	1163236.000000	0.000000e+00
1.520157e+01	1.699158e-03	1.578186e-06	1159182.000000	0.000000e+00
1.522611e+01	1.695078e-03	1.582329e-06	1147588.000000	0.000000e+00
1.525063e+01	1.690073e-03	1.578573e-06	1146256.000000	0.000000e+00
1.527518e+01	1.689112e-03	1.583399e-06	1137984.000000	0.000000e+00
1.529972e+01	1.685734e-03	1.583686e-06	1133026.000000	0.000000e+00
1.532424e+01	1.684614e-03	1.587977e-06	1125414.000000	0.000000e+00
1.534877e+01	1.683785e-03	1.590299e-06	1121026.000000	0.000000e+00
1.537332e+01	1.676696e-03	1.587626e-06	1115352.000000	0.000000e+00
1.539786e+01	1.673729e-03	1.590234e-06	1107766.000000	0.000000e+00
1.542240e+01	1.668072e-03	1.587838e-06	1103614.000000	0.000000e+00
1.544694e+01	1.671053e-03	1.596688e-06	1095318.000000	0.000000e+00
1.547149e+01	1.665774e-03	1.594785e-06	1091008.000000	0.000000e+00
1.549603e+01	1.666198e-03	1.600284e-06	1084074.000000	0.000000e+00
1.552054e+01	1.663594e-03	1.605140e-06	1074160.000000	0.000000e+00
1.554506e+01	1.660316e-03	1.602660e-06	1073244.000000	0.000000e+00
1.556963e+01	1.657392e-03	1.604844e-06	1066558.000000	0.000000e+00
1.559418e+01	1.657578e-03	1.611561e-06	1057924.000000	0.000000e+00
1.561873e+01	1.653673e-03	1.610716e-06	1054050.000000	0.000000e+00
1.564327e+01	1.651827e-03	1.616423e-06	1044286.000000	0.000000e+00
1.566780e+01	1.650955e-03	1.617646e-06	1041606.000000	0.000000e+00
1.569233e+01	1.650280e-03	1.625439e-06	1030798.000000	0.000000e+00
1.571685e+01	1.646898e-03	1.624669e-06	1027552.000000	0.000000e+00
1.574141e+01	1.648567e-03	1.631255e-06	1021338.000000	0.000000e+00
1.576595e+01	1.648254e-03	1.637371e-06	1013338.000000	0.000000e+00
1.579049e+01	1.647393e-03	1.640691e-06	1008186.000000	0.000000e+00
1.581502e+01	1.645220e-03	1.645718e-06	999394.000000	0.000000e+00
1.583955e+01	1.648457e-03	1.652844e-06	994698.000000	0.000000e+00
1.586407e+01	1.641858e-03	1.652582e-06	987064.000000	0.000000e+00
1.588861e+01	1.645507e-03	1.661327e-06	981046.000000	0.000000e+00
1.591315e+01	1.643695e-03	1.664312e-06	975378.000000	0.000000e+00
1.593770e+01	1.643086e-03	1.669986e-06	968044.000000	0.000000e+00
1.596225e+01	1.645812e-03	1.678449e-06	961488.000000	0.000000e+00
1.598677e+01	1.640428e-03	1.680137e-06	953290.000000	0.000000e+00
1.601131e+01	1.640743e-03	1.684193e-06	949068.000000	0.000000e+00
1.603586e+01	1.645110e-03	1.695930e-06	940966.000000	0.000000e+00
1.606040e+01	1.640724e-03	1.697672e-06	934036.000000	0.000000e+00
1.608493e+01	1.645044e-03	1.708004e-06	927636.000000	0.000000e+00
1.610947e+01	1.642594e-03	1.712705e-06	919804.000000	0.000000e+00
1.613400e+01	1.644530e-03	1.720173e-06	913986.000000	0.000000e+00
1.615854e+01	1.644010e-03	1.725703e-06	907564.000000	0.000000e+00
1.618310e+01	1.642516e-03	1.730902e-06	900480.000000	0.000000e+00
1.620765e+01	1.641237e-03	1.736385e-06	893410.000000	0.000000e+00
1.623216e+01	1.639603e-03	1.744472e-06	883384.000000	0.000000e+00
1.625669e+01	1.646425e-03	1.754118e-06	880980.000000	0.000000e+00
1.628123e+01	1.641816e-03	1.758958e-06	871240.000000	0.000000e+00
1.630580e+01	1.645311e-03	1.766579e-06	867420.000000	0.000000e+00
1.633036e+01	1.647302e-03	1.778900e-06	857518.000000	0.000000e+00
1.635486e+01	1.644706e-03	1.785371e-06	848632.000000	0.000000e+00
1.637939e+01	1.649121e-03	1.793360e-06	845610.000000	0.000000e+00
1.640395e+01	1.650333e-03	1.804611e-06	836326.000000	0.000000e+00
1.642848e+01	1.652287e-03	1.814384e-06	829302.000000	0.000000e+00
1.645298e+01	1.650557e-03	1.822202e-06	820480.000000	0.000000e+00
1.647753e+01	1.651706e-03	1.827328e-06	817020.000000	0.000000e+00
1.650209e+01	1.657227e-03	1.843216e-06	808372.000000	0.000000e+00
1.652660e+01	1.651626e-03	1.848562e-06	798280.000000	0.000000e+00
1.655114e+01	1.655524e-03	1.855994e-06	795642.000000	0.000000e+00
1.657571e+01	1.656201e-03	1.867796e-06	786262.000000	0.000000e+00
1.660025e+01	1.656183e-03	1.877817e-06	777876.000000	0.000000e+00
1.662478e+01	1.664008e-03	1.893340e-06	772420.000000	0.000000e+00
1.664931e+01	1.659448e-03	1.900487e-06	762426.000000	0.000000e+00
1.667386e+01	1.663345e-03	1.909413e-06	758866.000000	0.000000e+00
1.669842e+01	1.661880e-03	1.921175e-06	748282.000000	0.000000e+00
1.672293e+01	1.666531e-03	1.936199e-06	740844.000000	0.000000e+00
1.674748e+01	1.666474e-03	1.942573e-06	735940.000000	0.000000e+00
1.677204e+01	1.666950e-03	1.956579e-06	725856.000000	0.000000e+00
1.679655e+01	1.670074e-03	1.970059e-06	718642.000000	0.000000e+00
1.682107e+01	1.669878e-03	1.979576e-06	711582.000000	0.000000e+00
1.684563e+01	1.674107e-03	1.994157e-06	704770.000000	0.000000e+00
1.687018e+01	1.673591e-03	2.004797e-06	696880.000000	0.000000e+00
1.689472e+01	1.675654e-03	2.020336e-06	687894.000000	0.000000e+00
1.691924e+01	1.679397e-03	2.033911e-06	681778.000000	0.000000e+00
1.694378e+01	1.674295e-03	2.041656e-06	672510.000000	0.000000e+00
1.696830e+01	1.685461e-03	2.065519e-06	665854.000000	0.000000e+00
1.699283e+01	1.679779e-03	2.071410e-06	657616.000000	0.000000e+00
1.701740e+01	1.681179e-03	2.082397e-06	651780.000000	0.000000e+00
1.704195e+01	1.681574e-03	2.098635e-06	642034.000000	0.000000e+00
1.706646e+01	1.676800e-03	2.107497e-06	633036.000000	0.000000e+00
1.709097e+01	1.688755e-03	2.131485e-06	627724.000000	0.000000e+00
1.711553e+01	1.683251e-03	2.139050e-06	619236.000000	0.000000e+00
1.714008e+01	1.682270e-03	2.152498e-06	610810.000000	0.000000e+00
1.716463e+01	1.681581e-03	2.162347e-06	604762.000000	0.000000e+00
1.718918e+01	1.678973e-03	2.178916e-06	593754.000000	0.000000e+00
1.721369e+01	1.680085e-03	2.191463e-06	587752.000000	0.000000e+00
1.723823e+01	1.676386e-03	2.203491e-06	578796.000000	0.000000e+00
1.726278e+01	1.683204e-03	2.225694e-06	571930.000000	0.000000e+00
1.728731e+01	1.674588e-03	2.231879e-06	562956.000000	0.000000e+00
1.731188e+01	1.678763e-03	2.251092e-06	556150.000000	0.000000e+00
1.733641e+01	1.673191e-03	2.263688e-06	546334.000000	0.000000e+00
1.736091e+01	1.667002e-03	2.273573e-06	537594.000000	0.000000e+00
1.738543e+01	1.675731e-03	2.296685e-06	532360.000000	0.000000e+00
1.741000e+01	1.662495e-03	2.301071e-06	521988.000000	0.000000e+00
1.743456e+01	1.666507e-03	2.320204e-06	515896.000000	0.000000e+00
1.745909e+01	1.653706e-03	2.326364e-06	505314.000000	0.000000e+00
1.748363e+01	1.646535e-03	2.331683e-06	498658.000000	0.000000e+00
1.750818e+01	1.650065e-03	2.357078e-06	490066.000000	0.000000e+00
1.753269e+01	1.635819e-03	2.361176e-06	479970.000000	0.000000e+00
1.755722e+01	1.639015e-03	2.379546e-06	474436.000000	0.000000e+00
1.758176e+01	1.622791e-03	2.382390e-06	463980.000000	0.000000e+00
1.760629e+01	1.615000e-03	2.389556e-06	456784.000000	0.000000e+00
1.763083e+01	1.604882e-03	2.396773e-06	448366.000000	0.000000e+00
1.765539e+01	1.591930e-03	2.400191e-06	439902.000000	0.000000e+00
1.767993e+01	1.590148e-03	2.421694e-06	431158.000000	0.000000e+00
1.770446e+01	1.579046e-03	2.428503e-06	422778.000000	0.000000e+00
1.772897e+01	1.566136e-03	2.435272e-06	413584.000000	0.000000e+00
1.775351e+01	1.540234e-03	2.415811e-06	406488.000000	0.000000e+00
1.777808e+01	1.527420e-03	2.421870e-06	397754.500000	0.000000e+00
1.780261e+01	1.517411e-03	2.432458e-06	389149.000000	0.000000e+00
1.782713e+01	1.508653e-03	2.440314e-06	382197.000000	0.000000e+00
1.785169e+01	1.493492e-03	2.436822e-06	375628.000000	0.000000e+00
1.787623e+01	1.492492e-03	2.461129e-06	367752.000000	0.000000e+00
1.790076e+01	1.481138e-03	2.462014e-06	361918.000000	0.000000e+00
1.792530e+01	1.476742e-03	2.478041e-06	355134.000000	0.000000e+00
1.794985e+01	1.470578e-03	2.490478e-06	348667.000000	0.000000e+00
1.797440e+01	1.466733e-03	2.504566e-06	342955.000000	0.000000e+00
1.799891e+01	1.459087e-03	2.518199e-06	335724.000000	0.000000e+00
1.802344e+01	1.446214e-03	2.513594e-06	331036.000000	0.000000e+00
1.804802e+01	1.451499e-03	2.544424e-06	325428.000000	0.000000e+00
1.807255e+01	1.447321e-03	2.565539e-06	318253.000000	0.000000e+00
1.809707e+01	1.444504e-03	2.577676e-06	314037.000000	0.000000e+00
1.812164e+01	1.438892e-03	2.592076e-06	308149.000000	0.000000e+00
1.814617e+01	1.426575e-03	2.594815e-06	302257.000000	0.000000e+00
1.817068e+01	1.428742e-03	2.621139e-06	297117.000000	0.000000e+00
1.819523e+01	1.428624e-03	2.640872e-06	292645.000000	0.000000e+00
1.821979e+01	1.424531e-03	2.658865e-06	287046.000000	0.000000e+00
1.824431e+01	1.428788e-03	2.693771e-06	281329.000000	0.000000e+00
1.826883e+01	1.424954e-03	2.705958e-06	277306.000000	0.000000e+00
1.829337e+01	1.421857e-03	2.725274e-06	272202.000000	0.000000e+00
1.831793e+01	1.425226e-03	2.754515e-06	267718.000000	0.000000e+00
1.834250e+01	1.419837e-03	2.768723e-06	262977.000000	0.000000e+00
1.836701e+01	1.419435e-03	2.799554e-06	257071.000000	0.000000e+00
1.839152e+01	1.417635e-03	2.814263e-06	253746.000000	0.000000e+00
1.841609e+01	1.419744e-03	2.843757e-06	249250.000000	0.000000e+00
1.844064e+01	1.417476e-03	2.868574e-06	244174.000000	0.000000e+00
1.846515e+01	1.414855e-03	2.887520e-06	240090.000000	0.000000e+00
1.848971e+01	1.410574e-03	2.903627e-06	235999.000000	0.000000e+00
1.851428e+01	1.420142e-03	2.949770e-06	231786.000000	0.000000e+00
1.853881e+01	1.421758e-03	2.983707e-06	227059.000000	0.000000e+00
1.856328e+01	1.426963e-03	3.025986e-06	222378.000000	0.000000e+00
1.858784e+01	1.420740e-03	3.027685e-06	220195.000000	0.000000e+00
1.861244e+01	1.428283e-03	3.080301e-06	215002.000000	0.000000e+00
1.863693e+01	1.431693e-03	3.120224e-06	210537.000000	0.000000e+00
1.866143e+01	1.428202e-03	3.137043e-06	207271.000000	0.000000e+00
1.868601e+01	1.425803e-03	3.157780e-06	203871.000000	0.000000e+00
1.871055e+01	1.434512e-03	3.213634e-06	199258.000000	0.000000e+00
1.873503e+01	1.437031e-03	3.251476e-06	195331.000000	0.000000e+00
1.875958e+01	1.440051e-03	3.278444e-06	192939.000000	0.000000e+00
1.878417e+01	1.443289e-03	3.325206e-06	188395.000000	0.000000e+00
1.880870e+01	1.443571e-03	3.356388e-06	184983.000000	0.000000e+00
1.883322e+01	1.449474e-03	3.404934e-06	181219.000000	0.000000e+00
1.885775e+01	1.451933e-03	3.442581e-06	177879.000000	0.000000e+00
1.888231e+01	1.456756e-03	3.485991e-06	174631.000000	0.000000e+00
1.890684e+01	1.462212e-03	3.537046e-06	170899.000000	0.000000e+00
1.893134e+01	1.461556e-03	3.571672e-06	167451.000000	0.000000e+00
1.895590e+01	1.470323e-03	3.621057e-06	164875.000000	0.000000e+00
1.898046e+01	1.471679e-03	3.669314e-06	160863.000000	0.000000e+00
1.900495e+01	1.475984e-03	3.717949e-06	157600.000000	0.000000e+00
1.902946e+01	1.482218e-03	3.766647e-06	154851.000000	0.000000e+00
1.905406e+01	1.485437e-03	3.808575e-06	152119.000000	0.000000e+00
1.907863e+01	1.499010e-03	3.891092e-06	148411.000000	0.000000e+00
1.910311e+01	1.498739e-03	3.936670e-06	144942.000000	0.000000e+00
1.912765e+01	1.502251e-03	3.972276e-06	143023.000000	0.000000e+00
1.915226e+01	1.502223e-03	4.019758e-06	139659.000000	0.000000e+00
1.917678e+01	1.514411e-03	4.102905e-06	136240.000000	0.000000e+00
1.920124e+01	1.523789e-03	4.171729e-06	133419.000000	0.000000e+00
1.922581e+01	1.536912e-03	4.239940e-06	131395.000000	0.000000e+00
1.925040e+01	1.541071e-03	4.308704e-06	127924.000000	0.000000e+00
1.927489e+01	1.542586e-03	4.362762e-06	125019.000000	0.000000e+00
1.929941e+01	1.542838e-03	4.403583e-06	122752.000000	0.000000e+00
1.932402e+01	1.561266e-03	4.500857e-06	120327.000000	0.000000e+00
1.934855e+01	1.564008e-03	4.578920e-06	116668.000000	0.000000e+00
1.937298e+01	1.569651e-03	4.644365e-06	114223.000000	0.000000e+00
1.939755e+01	1.583576e-03	4.715216e-06	112791.000000	0.000000e+00
1.942217e+01	1.582925e-03	4.787694e-06	109312.000000	0.000000e+00
1.944667e+01	1.599587e-03	4.891908e-06	106920.000000	0.000000e+00
1.947113e+01	1.604452e-03	4.975076e-06	104005.000000	0.000000e+00
1.949570e+01	1.610396e-03	5.022591e-06	102804.000000	0.000000e+00
1.952032e+01	1.617159e-03	5.123368e-06	99631.000000	0.000000e+00
1.954482e+01	1.634097e-03	5.243851e-06	97108.000000	0.000000e+00
1.956930e+01	1.649728e-03	5.354257e-06	94935.000000	0.000000e+00
1.959391e+01	1.648955e-03	5.402839e-06	93148.000000	0.000000e+00
1.961850e+01	1.673783e-03	5.568520e-06	90348.000000	0.000000e+00
1.964294e+01	1.672039e-03	5.645976e-06	87703.000000	0.000000e+00
1.966740e+01	1.689826e-03	5.759715e-06	86076.000000	0.000000e+00
1.969204e+01	1.696895e-03	5.840954e-06	84400.000000	0.000000e+00
1.971660e+01	1.712583e-03	6.005146e-06	81331.000000	0.000000e+00
1.974103e+01	1.720572e-03	6.104083e-06	79452.000000	0.000000e+00
1.976563e+01	1.718406e-03	6.146580e-06	78160.000000	0.000000e+00
1.979032e+01	1.732747e-03	6.295696e-06	75750.000000	0.000000e+00
1.981482e+01	1.753373e-03	6.483001e-06	73147.000000	0.000000e+00
1.983914e+01	1.754200e-03	6.592129e-06	70812.000000	0.000000e+00
1.986374e+01	1.780372e-03	6.698812e-06	70636.000000	0.000000e+00
1.988844e+01	1.797771e-03	6.915732e-06	67576.000000	0.000000e+00
1.991292e+01	1.825467e-03	7.120362e-06	65727.000000	0.000000e+00
1.993736e+01	1.813379e-03	7.182838e-06	63736.000000	0.000000e+00
1.996197e+01	1.834151e-03	7.325595e-06	62688.000000	0.000000e+00
1.998658e+01	1.836398e-03	7.481867e-06	60244.000000	0.000000e+00
2.001095e+01	1.871196e-03	7.764899e-06	58072.000000	0.000000e+00
2.003547e+01	1.887293e-03	7.874185e-06	57447.000000	0.000000e+00
2.006019e+01	1.891072e-03	8.035120e-06	55390.000000	0.000000e+00
2.008472e+01	1.879358e-03	8.135520e-06	53364.000000	0.000000e+00
2.010903e+01	1.916279e-03	8.463219e-06	51268.000000	0.000000e+00
2.013363e+01	1.947441e-03	8.611265e-06	51144.000000	0.000000e+00
2.015842e+01	1.941267e-03	8.790223e-06	48772.000000	0.000000e+00
2.018288e+01	1.988962e-03	9.191232e-06	46828.000000	0.000000e+00
2.020721e+01	1.984253e-03	9.315434e-06	45372.000000	0.000000e+00
2.023181e+01	2.000350e-03	9.478416e-06	44539.000000	0.000000e+00
2.025650e+01	2.012061e-03	9.734764e-06	42720.000000	0.000000e+00
2.028095e+01	2.046693e-03	1.011579e-05	40936.000000	0.000000e+00
2.030542e+01	2.046125e-03	1.023344e-05	39978.000000	0.000000e+00
2.033011e+01	2.102935e-03	1.070255e-05	38608.000000	0.000000e+00
2.035466e+01	2.092246e-03	1.089298e-05	36892.000000	0.000000e+00
2.037892e+01	2.121403e-03	1.130583e-05	35208.000000	0.000000e+00
2.040348e+01	2.135181e-03	1.140976e-05	35020.000000	0.000000e+00
2.042837e+01	2.154545e-03	1.179409e-05	33372.000000	0.000000e+00
2.045281e+01	2.182485e-03	1.231256e-05	31420.000000	0.000000e+00
2.047697e+01	2.186404e-03	1.255063e-05	30348.000000	0.000000e+00
2.050165e+01	2.203960e-03	1.271609e-05	30040.000000	0.000000e+00
2.052659e+01	2.250054e-03	1.332163e-05	28528.000000	0.000000e+00
2.055100e+01	2.281635e-03	1.398382e-05	26622.000000	0.000000e+00
2.057510e+01	2.283052e-03	1.421917e-05	25780.000000	0.000000e+00
2.059985e+01	2.304581e-03	1.444545e-05	25452.000000	0.000000e+00
2.062477e+01	2.346002e-03	1.514969e-05	23980.000000	0.000000e+00
2.064904e+01	2.324272e-03	1.559809e-05	22204.000000	0.000000e+00
2.067328e+01	2.377432e-03	1.605640e-05	21924.000000	0.000000e+00
2.069813e+01	2.436896e-03	1.679540e-05	21052.000000	0.000000e+00
2.072282e+01	2.442471e-03	1.738953e-05	19728.000000	0.000000e+00
2.074689e+01	2.462544e-03	1.819570e-05	18316.000000	0.000000e+00
2.077148e+01	2.440700e-03	1.793372e-05	18522.000000	0.000000e+00
2.079650e+01	2.507507e-03	1.920010e-05	17056.000000	0.000000e+00
2.082086e+01	2.554599e-03	2.025865e-05	15901.000000	0.000000e+00
2.084494e+01	2.556250e-03	2.078046e-05	15132.000000	0.000000e+00
2.086988e+01	2.565202e-03	2.093362e-05	15016.000000	0.000000e+00
2.089484e+01	2.639725e-03	2.266882e-05	13560.000000	0.000000e+00
2.091874e+01	2.593109e-03	2.325308e-05	12436.000000	0.000000e+00
2.094286e+01	2.679460e-03	2.414810e-05	12312.000000	0.000000e+00
2.096835e+01	2.712243e-03	2.474278e-05	12016.000000	0.000000e+00
2.099333e+01	2.759516e-03	2.704109e-05	10414.000000	0.000000e+00
2.101635e+01	2.760729e-03	2.866444e-05	9276.000000	0.000000e+00
2.104066e+01	2.803533e-03	2.809016e-05	9961.000000	0.000000e+00
2.106684e+01	2.785063e-03	2.899221e-05	9228.000000	0.000000e+00
2.109169e+01	2.862668e-03	3.255556e-05	7732.000000	0.000000e+00
2.111385e+01	2.969401e-03	3.612634e-05	6756.000000	0.000000e+00
2.113864e+01	2.928072e-03	3.324779e-05	7756.000000	0.000000e+00
2.116547e+01	2.927102e-03	3.544424e-05	6820.000000	0.000000e+00
2.118998e+01	2.998919e-03	4.096975e-05	5358.000000	0.000000e+00
2.121167e+01	3.050055e-03	4.316452e-05	4993.000000	0.000000e+00
2.123701e+01	3.086279e-03	4.153992e-05	5520.000000	0.000000e+00
2.126409e+01	3.146790e-03	4.545790e-05	4792.000000	0.000000e+00
2.128812e+01	3.149771e-03	5.373440e-05	3436.000000	0.000000e+00
2.130920e+01	3.195973e-03	5.417681e-05	3480.000000	0.000000e+00
2.133536e+01	3.120496e-03	5.115568e-05	3721.000000	0.000000e+00
2.136298e+01	3.289812e-03	5.878415e-05	3132.000000	0.000000e+00
2.138535e+01	3.379784e-03	8.024392e-05	1774.000000	0.000000e+00
2.140616e+01	3.270729e-03	6.659719e-05	2412.000000	0.000000e+00
2.143360e+01	3.391481e-03	7.211021e-05	2212.000000	0.000000e+00
2.146162e+01	3.395704e-03	7.922738e-05	1837.000000	0.000000e+00
2.148292e+01	3.439150e-03	1.203943e-04	816.000000	0.000000e+00
2.150387e+01	3.473239e-03	9.376863e-05	1372.000000	0.000000e+00
2.153200e+01	3.603916e-03	1.090595e-04	1092.000000	0.000000e+00
2.156014e+01	3.331615e-03	1.146789e-04	844.000000	0.000000e+00
2.158178e+01	3.500035e-03	1.900958e-04	339.000000	0.000000e+00
2.160234e+01	3.990277e-03	1.730004e-04	532.000000	0.000000e+00
2.163046e+01	3.611985e-03	1.893195e-04	364.000000	0.000000e+00
2.165853e+01	3.894379e-03	2.579115e-04	228.000000	0.000000e+00
2.168066e+01	4.682376e-03	5.480307e-04	73.000000	0.000000e+00
2.170037e+01	3.745007e-03	4.086137e-04	84.000000	0.000000e+00
2.172766e+01	4.040689e-03	7.636184e-04	28.000000	0.000000e+00
2.175143e+01	1.747202e-03	1.008748e-03	3.000000	0.000000e+00
