# [<k> (h/Mpc)]	[<P_0(k)> (Mpc/h)^3]	[ErrorBar (Mpc/h)^3]	nModes	[<P_2(k)> (Mpc/h)^3]
3.476422e-02	2.183855e+02	6.056923e+01	13.000000	0.000000e+00
5.890282e-02	1.658233e+02	2.886612e+01	33.000000	0.000000e+00
8.378087e-02	9.205073e+01	1.035652e+01	79.000000	0.000000e+00
1.087368e-01	6.842219e+01	6.325634e+00	117.000000	0.000000e+00
1.341836e-01	5.148344e+01	3.595759e+00	205.000000	0.000000e+00
1.581206e-01	3.405046e+01	2.221207e+00	235.000000	0.000000e+00
1.826843e-01	3.134680e+01	1.631849e+00	369.000000	0.000000e+00
2.073525e-01	2.207531e+01	1.060872e+00	433.000000	0.000000e+00
2.322407e-01	1.979778e+01	8.185375e-01	585.000000	0.000000e+00
2.568838e-01	1.649633e+01	6.330712e-01	679.000000	0.000000e+00
2.811185e-01	1.339144e+01	4.696582e-01	813.000000	0.000000e+00
3.057758e-01	1.157868e+01	3.689274e-01	985.000000	0.000000e+00
3.308750e-01	9.784961e+00	2.844898e-01	1183.000000	0.000000e+00
3.553459e-01	8.330498e+00	2.338515e-01	1269.000000	0.000000e+00
3.797184e-01	7.381186e+00	1.882735e-01	1537.000000	0.000000e+00
4.042043e-01	6.614031e+00	1.626784e-01	1653.000000	0.000000e+00
4.287408e-01	5.583865e+00	1.260302e-01	1963.000000	0.000000e+00
4.533372e-01	5.048901e+00	1.096293e-01	2121.000000	0.000000e+00
4.779960e-01	4.578004e+00	9.319605e-02	2413.000000	0.000000e+00
5.026630e-01	4.017129e+00	7.825741e-02	2635.000000	0.000000e+00
5.271488e-01	3.651035e+00	6.806848e-02	2877.000000	0.000000e+00
5.515428e-01	3.362489e+00	5.973099e-02	3169.000000	0.000000e+00
5.762241e-01	3.036754e+00	5.127926e-02	3507.000000	0.000000e+00
6.007286e-01	2.832719e+00	4.666430e-02	3685.000000	0.000000e+00
6.252569e-01	2.541997e+00	3.938833e-02	4165.000000	0.000000e+00
6.499966e-01	2.366181e+00	3.576511e-02	4377.000000	0.000000e+00
6.746858e-01	2.219003e+00	3.184661e-02	4855.000000	0.000000e+00
6.991271e-01	1.987390e+00	2.830765e-02	4929.000000	0.000000e+00
7.235757e-01	1.899139e+00	2.542147e-02	5581.000000	0.000000e+00
7.479714e-01	1.764889e+00	2.341970e-02	5679.000000	0.000000e+00
7.726133e-01	1.626107e+00	2.035019e-02	6385.000000	0.000000e+00
7.972413e-01	1.532574e+00	1.893222e-02	6553.000000	0.000000e+00
8.218513e-01	1.415764e+00	1.677252e-02	7125.000000	0.000000e+00
8.464491e-01	1.314771e+00	1.523560e-02	7447.000000	0.000000e+00
8.709767e-01	1.251768e+00	1.405771e-02	7929.000000	0.000000e+00
8.955547e-01	1.162805e+00	1.272289e-02	8353.000000	0.000000e+00
9.199772e-01	1.098385e+00	1.172549e-02	8775.000000	0.000000e+00
9.444963e-01	1.048980e+00	1.086982e-02	9313.000000	0.000000e+00
9.690846e-01	9.707478e-01	9.785585e-03	9841.000000	0.000000e+00
9.935517e-01	9.243615e-01	9.156583e-03	10191.000000	0.000000e+00
1.018099e+00	8.653593e-01	8.289779e-03	10897.000000	0.000000e+00
1.042679e+00	8.229643e-01	7.741454e-03	11301.000000	0.000000e+00
1.067353e+00	7.880996e-01	7.186850e-03	12025.000000	0.000000e+00
1.092004e+00	7.414422e-01	6.652181e-03	12423.000000	0.000000e+00
1.116549e+00	7.125332e-01	6.244288e-03	13021.000000	0.000000e+00
1.140967e+00	6.782952e-01	5.858485e-03	13405.000000	0.000000e+00
1.165410e+00	6.483747e-01	5.432057e-03	14247.000000	0.000000e+00
1.189942e+00	6.105703e-01	5.043969e-03	14653.000000	0.000000e+00
1.214340e+00	5.909136e-01	4.772110e-03	15333.000000	0.000000e+00
1.238824e+00	5.526428e-01	4.376005e-03	15949.000000	0.000000e+00
1.263616e+00	5.398200e-01	4.133065e-03	17059.000000	0.000000e+00
1.288278e+00	5.078168e-01	3.883713e-03	17097.000000	0.000000e+00
1.312698e+00	4.879008e-01	3.640138e-03	17965.000000	0.000000e+00
1.337129e+00	4.753948e-01	3.492248e-03	18531.000000	0.000000e+00
1.361846e+00	4.522691e-01	3.224822e-03	19669.000000	0.000000e+00
1.386459e+00	4.349512e-01	3.083830e-03	19893.000000	0.000000e+00
1.410760e+00	4.171411e-01	2.914506e-03	20485.000000	0.000000e+00
1.435294e+00	4.006672e-01	2.716716e-03	21751.000000	0.000000e+00
1.459966e+00	3.835398e-01	2.573629e-03	22209.000000	0.000000e+00
1.484553e+00	3.717938e-01	2.449354e-03	23041.000000	0.000000e+00
1.509059e+00	3.594705e-01	2.335455e-03	23691.000000	0.000000e+00
1.533565e+00	3.424940e-01	2.190036e-03	24457.000000	0.000000e+00
1.558284e+00	3.327769e-01	2.071899e-03	25797.000000	0.000000e+00
1.582818e+00	3.240341e-01	2.024146e-03	25627.000000	0.000000e+00
1.607259e+00	3.091997e-01	1.874213e-03	27217.000000	0.000000e+00
1.631809e+00	2.978874e-01	1.794731e-03	27549.000000	0.000000e+00
1.656366e+00	2.919062e-01	1.719686e-03	28813.000000	0.000000e+00
1.680925e+00	2.787152e-01	1.626745e-03	29355.000000	0.000000e+00
1.705257e+00	2.714122e-01	1.569171e-03	29917.000000	0.000000e+00
1.729806e+00	2.611169e-01	1.467667e-03	31653.000000	0.000000e+00
1.754462e+00	2.537063e-01	1.419348e-03	31951.000000	0.000000e+00
1.778992e+00	2.456739e-01	1.351142e-03	33061.000000	0.000000e+00
1.803411e+00	2.378215e-01	1.297481e-03	33597.000000	0.000000e+00
1.827963e+00	2.289366e-01	1.220288e-03	35197.000000	0.000000e+00
1.852647e+00	2.231158e-01	1.178825e-03	35823.000000	0.000000e+00
1.877249e+00	2.177883e-01	1.133009e-03	36949.000000	0.000000e+00
1.901733e+00	2.088329e-01	1.081165e-03	37309.000000	0.000000e+00
1.926241e+00	2.038903e-01	1.031447e-03	39075.000000	0.000000e+00
1.950830e+00	1.986377e-01	1.001065e-03	39373.000000	0.000000e+00
1.975308e+00	1.941822e-01	9.609565e-04	40833.000000	0.000000e+00
1.999729e+00	1.884711e-01	9.284967e-04	41203.000000	0.000000e+00
2.024419e+00	1.807366e-01	8.646892e-04	43689.000000	0.000000e+00
2.049126e+00	1.760476e-01	8.439578e-04	43513.000000	0.000000e+00
2.073508e+00	1.731446e-01	8.213658e-04	44437.000000	0.000000e+00
2.097846e+00	1.666542e-01	7.799938e-04	45651.000000	0.000000e+00
2.122473e+00	1.639867e-01	7.525414e-04	47485.000000	0.000000e+00
2.147106e+00	1.583438e-01	7.230311e-04	47961.000000	0.000000e+00
2.171601e+00	1.545422e-01	6.971056e-04	49147.000000	0.000000e+00
2.196158e+00	1.506194e-01	6.714120e-04	50325.000000	0.000000e+00
2.220735e+00	1.459098e-01	6.420274e-04	51649.000000	0.000000e+00
2.245251e+00	1.441646e-01	6.312757e-04	52153.000000	0.000000e+00
2.269729e+00	1.391737e-01	5.992246e-04	53943.000000	0.000000e+00
2.294271e+00	1.361886e-01	5.823165e-04	54697.000000	0.000000e+00
2.318928e+00	1.337790e-01	5.615963e-04	56745.000000	0.000000e+00
2.343538e+00	1.292642e-01	5.413950e-04	57007.000000	0.000000e+00
2.368026e+00	1.261453e-01	5.217205e-04	58461.000000	0.000000e+00
2.392423e+00	1.233671e-01	5.077181e-04	59041.000000	0.000000e+00
2.416863e+00	1.208138e-01	4.891008e-04	61015.000000	0.000000e+00
2.441509e+00	1.180668e-01	4.717503e-04	62637.000000	0.000000e+00
2.466080e+00	1.147712e-01	4.566475e-04	63169.000000	0.000000e+00
2.490575e+00	1.123750e-01	4.421164e-04	64605.000000	0.000000e+00
2.515186e+00	1.096035e-01	4.250656e-04	66487.000000	0.000000e+00
2.539777e+00	1.078947e-01	4.167312e-04	67033.000000	0.000000e+00
2.564215e+00	1.055089e-01	4.038930e-04	68241.000000	0.000000e+00
2.588707e+00	1.027562e-01	3.884069e-04	69991.000000	0.000000e+00
2.613337e+00	1.000648e-01	3.742080e-04	71505.000000	0.000000e+00
2.637925e+00	9.871873e-02	3.661049e-04	72709.000000	0.000000e+00
2.662420e+00	9.688176e-02	3.574194e-04	73473.000000	0.000000e+00
2.686963e+00	9.470080e-02	3.440528e-04	75763.000000	0.000000e+00
2.711515e+00	9.199449e-02	3.331276e-04	76261.000000	0.000000e+00
2.735982e+00	9.057243e-02	3.243325e-04	77985.000000	0.000000e+00
2.760573e+00	8.818315e-02	3.117531e-04	80011.000000	0.000000e+00
2.785237e+00	8.703769e-02	3.058023e-04	81009.000000	0.000000e+00
2.809671e+00	8.498098e-02	2.974911e-04	81601.000000	0.000000e+00
2.834151e+00	8.323332e-02	2.870439e-04	84081.000000	0.000000e+00
2.858722e+00	8.164078e-02	2.797640e-04	85159.000000	0.000000e+00
2.883250e+00	8.004780e-02	2.719115e-04	86665.000000	0.000000e+00
2.907819e+00	7.922621e-02	2.665555e-04	88341.000000	0.000000e+00
2.932335e+00	7.723421e-02	2.581958e-04	89479.000000	0.000000e+00
2.956914e+00	7.578631e-02	2.505131e-04	91521.000000	0.000000e+00
2.981449e+00	7.445825e-02	2.449165e-04	92425.000000	0.000000e+00
3.005876e+00	7.259115e-02	2.372982e-04	93579.000000	0.000000e+00
3.030403e+00	7.147923e-02	2.303374e-04	96301.000000	0.000000e+00
3.055041e+00	7.025552e-02	2.248168e-04	97657.000000	0.000000e+00
3.079692e+00	6.857645e-02	2.175190e-04	99393.000000	0.000000e+00
3.104241e+00	6.700442e-02	2.116803e-04	100195.000000	0.000000e+00
3.128710e+00	6.615616e-02	2.074391e-04	101709.000000	0.000000e+00
3.153123e+00	6.483019e-02	2.019828e-04	103021.000000	0.000000e+00
3.177619e+00	6.396280e-02	1.968254e-04	105607.000000	0.000000e+00
3.202185e+00	6.243384e-02	1.910364e-04	106809.000000	0.000000e+00
3.226708e+00	6.127114e-02	1.859153e-04	108613.000000	0.000000e+00
3.251321e+00	6.043743e-02	1.815822e-04	110781.000000	0.000000e+00
3.275882e+00	5.928539e-02	1.774320e-04	111643.000000	0.000000e+00
3.300393e+00	5.819998e-02	1.726303e-04	113661.000000	0.000000e+00
3.324955e+00	5.730105e-02	1.687802e-04	115261.000000	0.000000e+00
3.349528e+00	5.636096e-02	1.644393e-04	117475.000000	0.000000e+00
3.374087e+00	5.530742e-02	1.607414e-04	118389.000000	0.000000e+00
3.398541e+00	5.424002e-02	1.565690e-04	120013.000000	0.000000e+00
3.423011e+00	5.356523e-02	1.534203e-04	121899.000000	0.000000e+00
3.447546e+00	5.265644e-02	1.494637e-04	124117.000000	0.000000e+00
3.472176e+00	5.175083e-02	1.454059e-04	126669.000000	0.000000e+00
3.496772e+00	5.086714e-02	1.427586e-04	126961.000000	0.000000e+00
3.521302e+00	5.000529e-02	1.387458e-04	129895.000000	0.000000e+00
3.545845e+00	4.927740e-02	1.364292e-04	130461.000000	0.000000e+00
3.570351e+00	4.833019e-02	1.323638e-04	133321.000000	0.000000e+00
3.594817e+00	4.776417e-02	1.306657e-04	133623.000000	0.000000e+00
3.619340e+00	4.697814e-02	1.267307e-04	137413.000000	0.000000e+00
3.643921e+00	4.613021e-02	1.240701e-04	138241.000000	0.000000e+00
3.668501e+00	4.566045e-02	1.216160e-04	140961.000000	0.000000e+00
3.693083e+00	4.486690e-02	1.189576e-04	142255.000000	0.000000e+00
3.717636e+00	4.399599e-02	1.158732e-04	144165.000000	0.000000e+00
3.742123e+00	4.348891e-02	1.140624e-04	145369.000000	0.000000e+00
3.766623e+00	4.288880e-02	1.114123e-04	148191.000000	0.000000e+00
3.791211e+00	4.198400e-02	1.083326e-04	150193.000000	0.000000e+00
3.815740e+00	4.146347e-02	1.065350e-04	151477.000000	0.000000e+00
3.840250e+00	4.104937e-02	1.046854e-04	153759.000000	0.000000e+00
3.864816e+00	4.024966e-02	1.018665e-04	156121.000000	0.000000e+00
3.889416e+00	3.970713e-02	9.982182e-05	158229.000000	0.000000e+00
3.913984e+00	3.907069e-02	9.779507e-05	159613.000000	0.000000e+00
3.938439e+00	3.853454e-02	9.608117e-05	160851.000000	0.000000e+00
3.962856e+00	3.785779e-02	9.378414e-05	162949.000000	0.000000e+00
3.987408e+00	3.738903e-02	9.153070e-05	166861.000000	0.000000e+00
4.011951e+00	3.668728e-02	8.978963e-05	166947.000000	0.000000e+00
4.036502e+00	3.637447e-02	8.801187e-05	170809.000000	0.000000e+00
4.061101e+00	3.580209e-02	8.631622e-05	172041.000000	0.000000e+00
4.085632e+00	3.522397e-02	8.448939e-05	173809.000000	0.000000e+00
4.110226e+00	3.484707e-02	8.274086e-05	177375.000000	0.000000e+00
4.134760e+00	3.449113e-02	8.198777e-05	176977.000000	0.000000e+00
4.159247e+00	3.381569e-02	7.952143e-05	180829.000000	0.000000e+00
4.183807e+00	3.345544e-02	7.829546e-05	182583.000000	0.000000e+00
4.208321e+00	3.304345e-02	7.701097e-05	184105.000000	0.000000e+00
4.232839e+00	3.245266e-02	7.498761e-05	187293.000000	0.000000e+00
4.257376e+00	3.204810e-02	7.384884e-05	188329.000000	0.000000e+00
4.281944e+00	3.153400e-02	7.188181e-05	192451.000000	0.000000e+00
4.306505e+00	3.118271e-02	7.105630e-05	192585.000000	0.000000e+00
4.331033e+00	3.082461e-02	6.960492e-05	196117.000000	0.000000e+00
4.355617e+00	3.047860e-02	6.845978e-05	198207.000000	0.000000e+00
4.380161e+00	2.990288e-02	6.693234e-05	199597.000000	0.000000e+00
4.404676e+00	2.958919e-02	6.574449e-05	202557.000000	0.000000e+00
4.429249e+00	2.913313e-02	6.436835e-05	204847.000000	0.000000e+00
4.453772e+00	2.879818e-02	6.339753e-05	206341.000000	0.000000e+00
4.478282e+00	2.845780e-02	6.221612e-05	209217.000000	0.000000e+00
4.502777e+00	2.811282e-02	6.127358e-05	210505.000000	0.000000e+00
4.527289e+00	2.777315e-02	5.999501e-05	214299.000000	0.000000e+00
4.551889e+00	2.735254e-02	5.877647e-05	216565.000000	0.000000e+00
4.576426e+00	2.705537e-02	5.797005e-05	217821.000000	0.000000e+00
4.600893e+00	2.660087e-02	5.669585e-05	220135.000000	0.000000e+00
4.625467e+00	2.633439e-02	5.560371e-05	224305.000000	0.000000e+00
4.650035e+00	2.606137e-02	5.495281e-05	224913.000000	0.000000e+00
4.674541e+00	2.575312e-02	5.396510e-05	227737.000000	0.000000e+00
4.699104e+00	2.532003e-02	5.270034e-05	230835.000000	0.000000e+00
4.723670e+00	2.510446e-02	5.203324e-05	232777.000000	0.000000e+00
4.748182e+00	2.475687e-02	5.113692e-05	234381.000000	0.000000e+00
4.772682e+00	2.447569e-02	5.020668e-05	237655.000000	0.000000e+00
4.797203e+00	2.424249e-02	4.955535e-05	239317.000000	0.000000e+00
4.821755e+00	2.394412e-02	4.851951e-05	243537.000000	0.000000e+00
4.846361e+00	2.363958e-02	4.773705e-05	245227.000000	0.000000e+00
4.870915e+00	2.328226e-02	4.682096e-05	247269.000000	0.000000e+00
4.895426e+00	2.309415e-02	4.622298e-05	249625.000000	0.000000e+00
4.919952e+00	2.276883e-02	4.532630e-05	252337.000000	0.000000e+00
4.944496e+00	2.246301e-02	4.445385e-05	255339.000000	0.000000e+00
4.969013e+00	2.224183e-02	4.391940e-05	256465.000000	0.000000e+00
4.993562e+00	2.207505e-02	4.318715e-05	261273.000000	0.000000e+00
5.018138e+00	2.178748e-02	4.254369e-05	262267.000000	0.000000e+00
5.042642e+00	2.154744e-02	4.188266e-05	264681.000000	0.000000e+00
5.067215e+00	2.126246e-02	4.098883e-05	269089.000000	0.000000e+00
5.091775e+00	2.101599e-02	4.049384e-05	269353.000000	0.000000e+00
5.116309e+00	2.073910e-02	3.961749e-05	274035.000000	0.000000e+00
5.140838e+00	2.055451e-02	3.924783e-05	274273.000000	0.000000e+00
5.165333e+00	2.032510e-02	3.851295e-05	278517.000000	0.000000e+00
5.189818e+00	2.012752e-02	3.807560e-05	279439.000000	0.000000e+00
5.214351e+00	1.986853e-02	3.723304e-05	284757.000000	0.000000e+00
5.238947e+00	1.972805e-02	3.686327e-05	286405.000000	0.000000e+00
5.263479e+00	1.944927e-02	3.620871e-05	288523.000000	0.000000e+00
5.288002e+00	1.922692e-02	3.560193e-05	291657.000000	0.000000e+00
5.312546e+00	1.904066e-02	3.509402e-05	294373.000000	0.000000e+00
5.337121e+00	1.877984e-02	3.441210e-05	297825.000000	0.000000e+00
5.361672e+00	1.864847e-02	3.408305e-05	299371.000000	0.000000e+00
5.386196e+00	1.836470e-02	3.338414e-05	302613.000000	0.000000e+00
5.410715e+00	1.822932e-02	3.302797e-05	304633.000000	0.000000e+00
5.435244e+00	1.803649e-02	3.247173e-05	308527.000000	0.000000e+00
5.459823e+00	1.791709e-02	3.210964e-05	311361.000000	0.000000e+00
5.484389e+00	1.768572e-02	3.155644e-05	314101.000000	0.000000e+00
5.508889e+00	1.748451e-02	3.116490e-05	314757.000000	0.000000e+00
5.533464e+00	1.734215e-02	3.055511e-05	322135.000000	0.000000e+00
5.558036e+00	1.717170e-02	3.034964e-05	320125.000000	0.000000e+00
5.582484e+00	1.696242e-02	2.976977e-05	324657.000000	0.000000e+00
5.606956e+00	1.683742e-02	2.946998e-05	326431.000000	0.000000e+00
5.631560e+00	1.660383e-02	2.874680e-05	333609.000000	0.000000e+00
5.656168e+00	1.646257e-02	2.852823e-05	333001.000000	0.000000e+00
5.680698e+00	1.628954e-02	2.807269e-05	336705.000000	0.000000e+00
5.705204e+00	1.610627e-02	2.768549e-05	338443.000000	0.000000e+00
5.729704e+00	1.594448e-02	2.725728e-05	342181.000000	0.000000e+00
5.754232e+00	1.580724e-02	2.690608e-05	345153.000000	0.000000e+00
5.778772e+00	1.565431e-02	2.651298e-05	348619.000000	0.000000e+00
5.803342e+00	1.551312e-02	2.616859e-05	351429.000000	0.000000e+00
5.827902e+00	1.530965e-02	2.570569e-05	354709.000000	0.000000e+00
5.852409e+00	1.519789e-02	2.547835e-05	355815.000000	0.000000e+00
5.876957e+00	1.503137e-02	2.499276e-05	361717.000000	0.000000e+00
5.901534e+00	1.492682e-02	2.478031e-05	362845.000000	0.000000e+00
5.926030e+00	1.476024e-02	2.442527e-05	365181.000000	0.000000e+00
5.950548e+00	1.457922e-02	2.397305e-05	369847.000000	0.000000e+00
5.975137e+00	1.440155e-02	2.357552e-05	373161.000000	0.000000e+00
5.999657e+00	1.434860e-02	2.346608e-05	373885.000000	0.000000e+00
6.024161e+00	1.417755e-02	2.302974e-05	378987.000000	0.000000e+00
6.048714e+00	1.406017e-02	2.277037e-05	381277.000000	0.000000e+00
6.073267e+00	1.392065e-02	2.242127e-05	385477.000000	0.000000e+00
6.097868e+00	1.380804e-02	2.214338e-05	388845.000000	0.000000e+00
6.122369e+00	1.369260e-02	2.196474e-05	388615.000000	0.000000e+00
6.146867e+00	1.352917e-02	2.152415e-05	395085.000000	0.000000e+00
6.171452e+00	1.342783e-02	2.130111e-05	397381.000000	0.000000e+00
6.195974e+00	1.328455e-02	2.100811e-05	399871.000000	0.000000e+00
6.220444e+00	1.313702e-02	2.073280e-05	401493.000000	0.000000e+00
6.244986e+00	1.299766e-02	2.032531e-05	408937.000000	0.000000e+00
6.269588e+00	1.292599e-02	2.019215e-05	409791.000000	0.000000e+00
6.294124e+00	1.278945e-02	1.990068e-05	413017.000000	0.000000e+00
6.318633e+00	1.270578e-02	1.970513e-05	415761.000000	0.000000e+00
6.343202e+00	1.260688e-02	1.943284e-05	420865.000000	0.000000e+00
6.367770e+00	1.243763e-02	1.912878e-05	422767.000000	0.000000e+00
6.392288e+00	1.240708e-02	1.902217e-05	425421.000000	0.000000e+00
6.416837e+00	1.225488e-02	1.867712e-05	430525.000000	0.000000e+00
6.441383e+00	1.211410e-02	1.843658e-05	431739.000000	0.000000e+00
6.465913e+00	1.202675e-02	1.820303e-05	436525.000000	0.000000e+00
6.490433e+00	1.191174e-02	1.799125e-05	438357.000000	0.000000e+00
6.514946e+00	1.182298e-02	1.777578e-05	442381.000000	0.000000e+00
6.539518e+00	1.172100e-02	1.752022e-05	447559.000000	0.000000e+00
6.564059e+00	1.164501e-02	1.740309e-05	447741.000000	0.000000e+00
6.588587e+00	1.148736e-02	1.705150e-05	453853.000000	0.000000e+00
6.613110e+00	1.141074e-02	1.692699e-05	454431.000000	0.000000e+00
6.637622e+00	1.133074e-02	1.670698e-05	459961.000000	0.000000e+00
6.662172e+00	1.122484e-02	1.650054e-05	462769.000000	0.000000e+00
6.686693e+00	1.110992e-02	1.627910e-05	465759.000000	0.000000e+00
6.711227e+00	1.099614e-02	1.604026e-05	469957.000000	0.000000e+00
6.735777e+00	1.092957e-02	1.588371e-05	473481.000000	0.000000e+00
6.760323e+00	1.084405e-02	1.571362e-05	476245.000000	0.000000e+00
6.784855e+00	1.075577e-02	1.551972e-05	480303.000000	0.000000e+00
6.809427e+00	1.066066e-02	1.531456e-05	484573.000000	0.000000e+00
6.833979e+00	1.059999e-02	1.519732e-05	486493.000000	0.000000e+00
6.858503e+00	1.050229e-02	1.499393e-05	490611.000000	0.000000e+00
6.883055e+00	1.042686e-02	1.483105e-05	494269.000000	0.000000e+00
6.907584e+00	1.028973e-02	1.459166e-05	497277.000000	0.000000e+00
6.932134e+00	1.022633e-02	1.443791e-05	501685.000000	0.000000e+00
6.956669e+00	1.016768e-02	1.432018e-05	504135.000000	0.000000e+00
6.981221e+00	1.004601e-02	1.407897e-05	509149.000000	0.000000e+00
7.005753e+00	9.977916e-03	1.396332e-05	510625.000000	0.000000e+00
7.030233e+00	9.887772e-03	1.378573e-05	514443.000000	0.000000e+00
7.054782e+00	9.819423e-03	1.361666e-05	520033.000000	0.000000e+00
7.079343e+00	9.754182e-03	1.349049e-05	522789.000000	0.000000e+00
7.103883e+00	9.651955e-03	1.330818e-05	526009.000000	0.000000e+00
7.128424e+00	9.565261e-03	1.313301e-05	530475.000000	0.000000e+00
7.152965e+00	9.524697e-03	1.304639e-05	532993.000000	0.000000e+00
7.177501e+00	9.441123e-03	1.287724e-05	537529.000000	0.000000e+00
7.202013e+00	9.378746e-03	1.276651e-05	539691.000000	0.000000e+00
7.226577e+00	9.303695e-03	1.258363e-05	546637.000000	0.000000e+00
7.251125e+00	9.204092e-03	1.244527e-05	546957.000000	0.000000e+00
7.275651e+00	9.127558e-03	1.227800e-05	552655.000000	0.000000e+00
7.300226e+00	9.059524e-03	1.214233e-05	556681.000000	0.000000e+00
7.324759e+00	9.010992e-03	1.205759e-05	558501.000000	0.000000e+00
7.349299e+00	8.930655e-03	1.188966e-05	564193.000000	0.000000e+00
7.373825e+00	8.852608e-03	1.177160e-05	565551.000000	0.000000e+00
7.398312e+00	8.793269e-03	1.164868e-05	569833.000000	0.000000e+00
7.422892e+00	8.735720e-03	1.149647e-05	577389.000000	0.000000e+00
7.447442e+00	8.668895e-03	1.141899e-05	576331.000000	0.000000e+00
7.471956e+00	8.591624e-03	1.125371e-05	582853.000000	0.000000e+00
7.496499e+00	8.538725e-03	1.115533e-05	585897.000000	0.000000e+00
7.521014e+00	8.452639e-03	1.101713e-05	588637.000000	0.000000e+00
7.545557e+00	8.399118e-03	1.088638e-05	595251.000000	0.000000e+00
7.570086e+00	8.338848e-03	1.080284e-05	595849.000000	0.000000e+00
7.594613e+00	8.263745e-03	1.064848e-05	602253.000000	0.000000e+00
7.619172e+00	8.185165e-03	1.051575e-05	605863.000000	0.000000e+00
7.643756e+00	8.139325e-03	1.041389e-05	610873.000000	0.000000e+00
7.668263e+00	8.072664e-03	1.033300e-05	610353.000000	0.000000e+00
7.692777e+00	8.023808e-03	1.020171e-05	618607.000000	0.000000e+00
7.717371e+00	7.959052e-03	1.009024e-05	622185.000000	0.000000e+00
7.741929e+00	7.919261e-03	1.001526e-05	625237.000000	0.000000e+00
7.766457e+00	7.861556e-03	9.920160e-06	628029.000000	0.000000e+00
7.790953e+00	7.790847e-03	9.800195e-06	631975.000000	0.000000e+00
7.815489e+00	7.742802e-03	9.697271e-06	637525.000000	0.000000e+00
7.840050e+00	7.696433e-03	9.607004e-06	641805.000000	0.000000e+00
7.864588e+00	7.624335e-03	9.498393e-06	644323.000000	0.000000e+00
7.889126e+00	7.590360e-03	9.419111e-06	649389.000000	0.000000e+00
7.913643e+00	7.538261e-03	9.337794e-06	651709.000000	0.000000e+00
7.938181e+00	7.469630e-03	9.206281e-06	658309.000000	0.000000e+00
7.962760e+00	7.400944e-03	9.091994e-06	662607.000000	0.000000e+00
7.987311e+00	7.362339e-03	9.033463e-06	664237.000000	0.000000e+00
8.011811e+00	7.325811e-03	8.962157e-06	668169.000000	0.000000e+00
8.036325e+00	7.276376e-03	8.865623e-06	673615.000000	0.000000e+00
8.060868e+00	7.226669e-03	8.778812e-06	677649.000000	0.000000e+00
8.085446e+00	7.180584e-03	8.682918e-06	683893.000000	0.000000e+00
8.109989e+00	7.116702e-03	8.605595e-06	683905.000000	0.000000e+00
8.134471e+00	7.062856e-03	8.509767e-06	688851.000000	0.000000e+00
8.159038e+00	7.011536e-03	8.397266e-06	697189.000000	0.000000e+00
8.183598e+00	6.950615e-03	8.329922e-06	696249.000000	0.000000e+00
8.208073e+00	6.925384e-03	8.269182e-06	701395.000000	0.000000e+00
8.232590e+00	6.876076e-03	8.180607e-06	706497.000000	0.000000e+00
8.257144e+00	6.833109e-03	8.096390e-06	712285.000000	0.000000e+00
8.281710e+00	6.786666e-03	8.022361e-06	715663.000000	0.000000e+00
8.306271e+00	6.727135e-03	7.927691e-06	720057.000000	0.000000e+00
8.330826e+00	6.685778e-03	7.854296e-06	724585.000000	0.000000e+00
8.355374e+00	6.639448e-03	7.785527e-06	727257.000000	0.000000e+00
8.379901e+00	6.603840e-03	7.714940e-06	732703.000000	0.000000e+00
8.404418e+00	6.557135e-03	7.649287e-06	734829.000000	0.000000e+00
8.428928e+00	6.519781e-03	7.575566e-06	740689.000000	0.000000e+00
8.453504e+00	6.466047e-03	7.476428e-06	747979.000000	0.000000e+00
8.478051e+00	6.428722e-03	7.438275e-06	746973.000000	0.000000e+00
8.502580e+00	6.396286e-03	7.354730e-06	756349.000000	0.000000e+00
8.527138e+00	6.338271e-03	7.286655e-06	756633.000000	0.000000e+00
8.551634e+00	6.306222e-03	7.226135e-06	761599.000000	0.000000e+00
8.576156e+00	6.267005e-03	7.155061e-06	767173.000000	0.000000e+00
8.600697e+00	6.216185e-03	7.078206e-06	771261.000000	0.000000e+00
8.625259e+00	6.182966e-03	7.011919e-06	777535.000000	0.000000e+00
8.649836e+00	6.148295e-03	6.958750e-06	780633.000000	0.000000e+00
8.674376e+00	6.100242e-03	6.886320e-06	784729.000000	0.000000e+00
8.698927e+00	6.056763e-03	6.815482e-06	789747.000000	0.000000e+00
8.723450e+00	6.019546e-03	6.764419e-06	791893.000000	0.000000e+00
8.747957e+00	5.998478e-03	6.716260e-06	797677.000000	0.000000e+00
8.772521e+00	5.951600e-03	6.635748e-06	804429.000000	0.000000e+00
8.797047e+00	5.925242e-03	6.605925e-06	804535.000000	0.000000e+00
8.821541e+00	5.869861e-03	6.518604e-06	810861.000000	0.000000e+00
8.846076e+00	5.833426e-03	6.456425e-06	816325.000000	0.000000e+00
8.870641e+00	5.817287e-03	6.414742e-06	822399.000000	0.000000e+00
8.895170e+00	5.760615e-03	6.351840e-06	822505.000000	0.000000e+00
8.919713e+00	5.748838e-03	6.300093e-06	832657.000000	0.000000e+00
8.944263e+00	5.710547e-03	6.261124e-06	831861.000000	0.000000e+00
8.968772e+00	5.673704e-03	6.192971e-06	839335.000000	0.000000e+00
8.993334e+00	5.643010e-03	6.139872e-06	844701.000000	0.000000e+00
9.017895e+00	5.585737e-03	6.065919e-06	847945.000000	0.000000e+00
9.042430e+00	5.563406e-03	6.024040e-06	852915.000000	0.000000e+00
9.066970e+00	5.540060e-03	5.985185e-06	856789.000000	0.000000e+00
9.091538e+00	5.501176e-03	5.915240e-06	864901.000000	0.000000e+00
9.116063e+00	5.474971e-03	5.895405e-06	862455.000000	0.000000e+00
9.140573e+00	5.441790e-03	5.822574e-06	873481.000000	0.000000e+00
9.165140e+00	5.401267e-03	5.771425e-06	875841.000000	0.000000e+00
9.189653e+00	5.370406e-03	5.728945e-06	878749.000000	0.000000e+00
9.214176e+00	5.333462e-03	5.664585e-06	886507.000000	0.000000e+00
9.238722e+00	5.317852e-03	5.639647e-06	889137.000000	0.000000e+00
9.263252e+00	5.289056e-03	5.590041e-06	895213.000000	0.000000e+00
9.287810e+00	5.248626e-03	5.530501e-06	900663.000000	0.000000e+00
9.312363e+00	5.222628e-03	5.492147e-06	904261.000000	0.000000e+00
9.336898e+00	5.194477e-03	5.447935e-06	909117.000000	0.000000e+00
9.361428e+00	5.155720e-03	5.395963e-06	912937.000000	0.000000e+00
9.385969e+00	5.130637e-03	5.349027e-06	920011.000000	0.000000e+00
9.410496e+00	5.101632e-03	5.315212e-06	921249.000000	0.000000e+00
9.435027e+00	5.078508e-03	5.266097e-06	930025.000000	0.000000e+00
9.459577e+00	5.051033e-03	5.231193e-06	932307.000000	0.000000e+00
9.484080e+00	5.028303e-03	5.197632e-06	935905.000000	0.000000e+00
9.508599e+00	4.986210e-03	5.132332e-06	943869.000000	0.000000e+00
9.533177e+00	4.960909e-03	5.091219e-06	949465.000000	0.000000e+00
9.557740e+00	4.944035e-03	5.064932e-06	952831.000000	0.000000e+00
9.582283e+00	4.911169e-03	5.018538e-06	957669.000000	0.000000e+00
9.606825e+00	4.887202e-03	4.981692e-06	962425.000000	0.000000e+00
9.631356e+00	4.854013e-03	4.936115e-06	967011.000000	0.000000e+00
9.655881e+00	4.839867e-03	4.910777e-06	971329.000000	0.000000e+00
9.680426e+00	4.811914e-03	4.863853e-06	978757.000000	0.000000e+00
9.704942e+00	4.789978e-03	4.841289e-06	978915.000000	0.000000e+00
9.729497e+00	4.765965e-03	4.786175e-06	991573.000000	0.000000e+00
9.754046e+00	4.743756e-03	4.770004e-06	989025.000000	0.000000e+00
9.778535e+00	4.719254e-03	4.729459e-06	995689.000000	0.000000e+00
9.803103e+00	4.695234e-03	4.680264e-06	1006407.000000	0.000000e+00
9.827649e+00	4.655120e-03	4.647465e-06	1003297.000000	0.000000e+00
9.852180e+00	4.642156e-03	4.606427e-06	1015573.000000	0.000000e+00
9.876731e+00	4.624836e-03	4.590185e-06	1015155.000000	0.000000e+00
9.901284e+00	4.595660e-03	4.538993e-06	1025125.000000	0.000000e+00
9.925835e+00	4.575885e-03	4.517039e-06	1026225.000000	0.000000e+00
9.950350e+00	4.550399e-03	4.480621e-06	1031389.000000	0.000000e+00
9.974902e+00	4.527450e-03	4.439413e-06	1040055.000000	0.000000e+00
9.999429e+00	4.499080e-03	4.413866e-06	1038985.000000	0.000000e+00
1.002392e+01	4.480226e-03	4.377106e-06	1047673.000000	0.000000e+00
1.004849e+01	4.465433e-03	4.346524e-06	1055463.000000	0.000000e+00
1.007303e+01	4.442891e-03	4.323136e-06	1056169.000000	0.000000e+00
1.009756e+01	4.419848e-03	4.283867e-06	1064493.000000	0.000000e+00
1.012209e+01	4.401635e-03	4.261992e-06	1066603.000000	0.000000e+00
1.014664e+01	4.386129e-03	4.227871e-06	1076265.000000	0.000000e+00
1.017120e+01	4.363935e-03	4.202349e-06	1078381.000000	0.000000e+00
1.019572e+01	4.333648e-03	4.165381e-06	1082425.000000	0.000000e+00
1.022025e+01	4.321743e-03	4.138616e-06	1090455.000000	0.000000e+00
1.024479e+01	4.304222e-03	4.116183e-06	1093453.000000	0.000000e+00
1.026933e+01	4.271322e-03	4.071922e-06	1100337.000000	0.000000e+00
1.029386e+01	4.250372e-03	4.044770e-06	1104247.000000	0.000000e+00
1.031842e+01	4.240651e-03	4.021157e-06	1112149.000000	0.000000e+00
1.034296e+01	4.221841e-03	3.998455e-06	1114857.000000	0.000000e+00
1.036749e+01	4.210193e-03	3.978200e-06	1120033.000000	0.000000e+00
1.039203e+01	4.184456e-03	3.940517e-06	1127643.000000	0.000000e+00
1.041655e+01	4.166431e-03	3.922336e-06	1128337.000000	0.000000e+00
1.044111e+01	4.149550e-03	3.883636e-06	1141629.000000	0.000000e+00
1.046570e+01	4.140280e-03	3.874088e-06	1142143.000000	0.000000e+00
1.049021e+01	4.108224e-03	3.839507e-06	1144873.000000	0.000000e+00
1.051473e+01	4.102106e-03	3.818318e-06	1154169.000000	0.000000e+00
1.053925e+01	4.078523e-03	3.794970e-06	1155019.000000	0.000000e+00
1.056380e+01	4.059252e-03	3.755752e-06	1168149.000000	0.000000e+00
1.058835e+01	4.052652e-03	3.752068e-06	1166641.000000	0.000000e+00
1.061283e+01	4.030648e-03	3.725080e-06	1170789.000000	0.000000e+00
1.063739e+01	4.013662e-03	3.685942e-06	1185727.000000	0.000000e+00
1.066197e+01	4.000781e-03	3.676690e-06	1184065.000000	0.000000e+00
1.068650e+01	3.980107e-03	3.646314e-06	1191465.000000	0.000000e+00
1.071103e+01	3.966053e-03	3.628821e-06	1194499.000000	0.000000e+00
1.073555e+01	3.949496e-03	3.602485e-06	1201929.000000	0.000000e+00
1.076011e+01	3.932696e-03	3.575892e-06	1209517.000000	0.000000e+00
1.078466e+01	3.925488e-03	3.565049e-06	1212429.000000	0.000000e+00
1.080918e+01	3.920028e-03	3.553558e-06	1216891.000000	0.000000e+00
1.083370e+01	3.892314e-03	3.520035e-06	1222705.000000	0.000000e+00
1.085823e+01	3.886252e-03	3.503163e-06	1230669.000000	0.000000e+00
1.088282e+01	3.872356e-03	3.478619e-06	1239187.000000	0.000000e+00
1.090737e+01	3.854859e-03	3.464962e-06	1237713.000000	0.000000e+00
1.093189e+01	3.844514e-03	3.443113e-06	1246753.000000	0.000000e+00
1.095642e+01	3.828954e-03	3.424385e-06	1250245.000000	0.000000e+00
1.098096e+01	3.817240e-03	3.400518e-06	1260111.000000	0.000000e+00
1.100552e+01	3.802835e-03	3.385223e-06	1261945.000000	0.000000e+00
1.103005e+01	3.786569e-03	3.361809e-06	1268661.000000	0.000000e+00
1.105458e+01	3.780090e-03	3.348909e-06	1274083.000000	0.000000e+00
1.107911e+01	3.767777e-03	3.331039e-06	1279413.000000	0.000000e+00
1.110366e+01	3.751434e-03	3.306245e-06	1287433.000000	0.000000e+00
1.112821e+01	3.744601e-03	3.295488e-06	1291135.000000	0.000000e+00
1.115273e+01	3.738161e-03	3.284221e-06	1295541.000000	0.000000e+00
1.117726e+01	3.722383e-03	3.261064e-06	1302937.000000	0.000000e+00
1.120181e+01	3.710843e-03	3.242623e-06	1309641.000000	0.000000e+00
1.122634e+01	3.706540e-03	3.235458e-06	1312399.000000	0.000000e+00
1.125085e+01	3.691728e-03	3.214688e-06	1318809.000000	0.000000e+00
1.127541e+01	3.680438e-03	3.191838e-06	1329589.000000	0.000000e+00
1.129999e+01	3.665320e-03	3.176184e-06	1331719.000000	0.000000e+00
1.132451e+01	3.656099e-03	3.164031e-06	1335225.000000	0.000000e+00
1.134903e+01	3.651346e-03	3.149949e-06	1343689.000000	0.000000e+00
1.137357e+01	3.641223e-03	3.135989e-06	1348173.000000	0.000000e+00
1.139811e+01	3.632633e-03	3.119264e-06	1356247.000000	0.000000e+00
1.142265e+01	3.619857e-03	3.105271e-06	1358889.000000	0.000000e+00
1.144718e+01	3.619979e-03	3.095898e-06	1367221.000000	0.000000e+00
1.147174e+01	3.606196e-03	3.076445e-06	1374043.000000	0.000000e+00
1.149628e+01	3.597183e-03	3.065155e-06	1377273.000000	0.000000e+00
1.152079e+01	3.589831e-03	3.054313e-06	1381405.000000	0.000000e+00
1.154533e+01	3.579197e-03	3.032540e-06	1393023.000000	0.000000e+00
1.156988e+01	3.573801e-03	3.027018e-06	1393897.000000	0.000000e+00
1.159441e+01	3.575768e-03	3.018928e-06	1402921.000000	0.000000e+00
1.161895e+01	3.567061e-03	3.006455e-06	1407705.000000	0.000000e+00
1.164349e+01	3.549923e-03	2.985150e-06	1414183.000000	0.000000e+00
1.166804e+01	3.546728e-03	2.976569e-06	1419789.000000	0.000000e+00
1.169259e+01	3.540489e-03	2.963462e-06	1427341.000000	0.000000e+00
1.171712e+01	3.542518e-03	2.963564e-06	1428879.000000	0.000000e+00
1.174164e+01	3.531520e-03	2.944724e-06	1438249.000000	0.000000e+00
1.176619e+01	3.524513e-03	2.931638e-06	1445365.000000	0.000000e+00
1.179072e+01	3.515416e-03	2.922802e-06	1446621.000000	0.000000e+00
1.181525e+01	3.511572e-03	2.908746e-06	1457443.000000	0.000000e+00
1.183979e+01	3.507854e-03	2.902070e-06	1461057.000000	0.000000e+00
1.186435e+01	3.508490e-03	2.893706e-06	1470049.000000	0.000000e+00
1.188889e+01	3.501011e-03	2.884241e-06	1473411.000000	0.000000e+00
1.191343e+01	3.498393e-03	2.875746e-06	1479913.000000	0.000000e+00
1.193797e+01	3.487279e-03	2.859973e-06	1486789.000000	0.000000e+00
1.196251e+01	3.491571e-03	2.858789e-06	1491687.000000	0.000000e+00
1.198703e+01	3.481254e-03	2.845152e-06	1497133.000000	0.000000e+00
1.201156e+01	3.481587e-03	2.837920e-06	1505061.000000	0.000000e+00
1.203612e+01	3.475401e-03	2.826851e-06	1511485.000000	0.000000e+00
1.206065e+01	3.477521e-03	2.824876e-06	1515447.000000	0.000000e+00
1.208515e+01	3.474171e-03	2.818087e-06	1519825.000000	0.000000e+00
1.210971e+01	3.473272e-03	2.802757e-06	1535701.000000	0.000000e+00
1.213428e+01	3.471916e-03	2.804995e-06	1532055.000000	0.000000e+00
1.215881e+01	3.466359e-03	2.788693e-06	1545061.000000	0.000000e+00
1.218336e+01	3.465962e-03	2.787879e-06	1545609.000000	0.000000e+00
1.220787e+01	3.463333e-03	2.779628e-06	1552441.000000	0.000000e+00
1.223242e+01	3.460545e-03	2.767233e-06	1563859.000000	0.000000e+00
1.225696e+01	3.466999e-03	2.772647e-06	1563573.000000	0.000000e+00
1.228148e+01	3.460732e-03	2.758785e-06	1573621.000000	0.000000e+00
1.230602e+01	3.464745e-03	2.757549e-06	1578687.000000	0.000000e+00
1.233056e+01	3.470341e-03	2.755957e-06	1585621.000000	0.000000e+00
1.235512e+01	3.459097e-03	2.738743e-06	1595229.000000	0.000000e+00
1.237965e+01	3.467296e-03	2.746864e-06	1593337.000000	0.000000e+00
1.240419e+01	3.464707e-03	2.730786e-06	1609747.000000	0.000000e+00
1.242874e+01	3.465014e-03	2.733249e-06	1607133.000000	0.000000e+00
1.245325e+01	3.468167e-03	2.727973e-06	1616293.000000	0.000000e+00
1.247780e+01	3.477380e-03	2.725692e-06	1627611.000000	0.000000e+00
1.250235e+01	3.481082e-03	2.729572e-06	1626445.000000	0.000000e+00
1.252688e+01	3.481619e-03	2.719463e-06	1639065.000000	0.000000e+00
1.255143e+01	3.474531e-03	2.711805e-06	1641631.000000	0.000000e+00
1.257596e+01	3.457819e-03	2.695907e-06	1645109.500000	0.000000e+00
1.260049e+01	3.426990e-03	2.674192e-06	1642254.000000	0.000000e+00
1.262503e+01	3.384337e-03	2.643422e-06	1639132.000000	0.000000e+00
1.264958e+01	3.342672e-03	2.612647e-06	1636914.000000	0.000000e+00
1.267411e+01	3.300594e-03	2.584682e-06	1630684.000000	0.000000e+00
1.269864e+01	3.266674e-03	2.559660e-06	1628722.000000	0.000000e+00
1.272316e+01	3.226638e-03	2.531634e-06	1624422.000000	0.000000e+00
1.274773e+01	3.190683e-03	2.501231e-06	1627270.000000	0.000000e+00
1.277225e+01	3.154022e-03	2.484068e-06	1612140.000000	0.000000e+00
1.279677e+01	3.114890e-03	2.447607e-06	1619578.000000	0.000000e+00
1.282133e+01	3.086469e-03	2.432471e-06	1610010.000000	0.000000e+00
1.284587e+01	3.056866e-03	2.408621e-06	1610704.000000	0.000000e+00
1.287043e+01	3.017881e-03	2.381931e-06	1605262.000000	0.000000e+00
1.289495e+01	2.986907e-03	2.361830e-06	1599360.000000	0.000000e+00
1.291951e+01	2.949931e-03	2.330719e-06	1601932.000000	0.000000e+00
1.294403e+01	2.932234e-03	2.326449e-06	1588584.000000	0.000000e+00
1.296853e+01	2.900480e-03	2.299034e-06	1591654.000000	0.000000e+00
1.299309e+01	2.869634e-03	2.276464e-06	1589028.000000	0.000000e+00
1.301763e+01	2.835061e-03	2.254540e-06	1581280.000000	0.000000e+00
1.304217e+01	2.810432e-03	2.235120e-06	1581046.000000	0.000000e+00
1.306670e+01	2.788135e-03	2.221673e-06	1574952.000000	0.000000e+00
1.309123e+01	2.755973e-03	2.198486e-06	1571458.000000	0.000000e+00
1.311579e+01	2.727415e-03	2.175881e-06	1571202.000000	0.000000e+00
1.314034e+01	2.707568e-03	2.164675e-06	1564492.000000	0.000000e+00
1.316488e+01	2.674242e-03	2.140683e-06	1560618.000000	0.000000e+00
1.318940e+01	2.651486e-03	2.125659e-06	1555936.000000	0.000000e+00
1.321393e+01	2.634192e-03	2.114278e-06	1552282.000000	0.000000e+00
1.323848e+01	2.609470e-03	2.094750e-06	1551816.000000	0.000000e+00
1.326302e+01	2.586416e-03	2.082288e-06	1542820.000000	0.000000e+00
1.328757e+01	2.559355e-03	2.059415e-06	1544448.000000	0.000000e+00
1.331210e+01	2.545002e-03	2.054374e-06	1534678.000000	0.000000e+00
1.333662e+01	2.515775e-03	2.031707e-06	1533280.000000	0.000000e+00
1.336117e+01	2.496992e-03	2.017987e-06	1531080.000000	0.000000e+00
1.338570e+01	2.476116e-03	2.006344e-06	1523110.000000	0.000000e+00
1.341022e+01	2.455655e-03	1.990987e-06	1521240.000000	0.000000e+00
1.343476e+01	2.436348e-03	1.978173e-06	1516876.000000	0.000000e+00
1.345932e+01	2.412864e-03	1.959926e-06	1515606.000000	0.000000e+00
1.348389e+01	2.397375e-03	1.950255e-06	1511086.000000	0.000000e+00
1.350843e+01	2.376629e-03	1.938794e-06	1502656.000000	0.000000e+00
1.353293e+01	2.356538e-03	1.924918e-06	1498734.000000	0.000000e+00
1.355748e+01	2.343410e-03	1.914330e-06	1498522.000000	0.000000e+00
1.358203e+01	2.321367e-03	1.900649e-06	1491708.000000	0.000000e+00
1.360658e+01	2.306413e-03	1.889752e-06	1489582.000000	0.000000e+00
1.363111e+01	2.291053e-03	1.882771e-06	1480728.000000	0.000000e+00
1.365563e+01	2.269187e-03	1.864897e-06	1480576.000000	0.000000e+00
1.368019e+01	2.253276e-03	1.854774e-06	1475866.000000	0.000000e+00
1.370473e+01	2.242546e-03	1.849907e-06	1469544.000000	0.000000e+00
1.372924e+01	2.227284e-03	1.840889e-06	1463848.000000	0.000000e+00
1.375380e+01	2.210263e-03	1.824779e-06	1467126.000000	0.000000e+00
1.377836e+01	2.195141e-03	1.820102e-06	1454566.000000	0.000000e+00
1.380287e+01	2.181469e-03	1.810606e-06	1451610.000000	0.000000e+00
1.382737e+01	2.166016e-03	1.801378e-06	1445818.000000	0.000000e+00
1.385191e+01	2.148226e-03	1.786460e-06	1446016.000000	0.000000e+00
1.387648e+01	2.132647e-03	1.777002e-06	1440330.000000	0.000000e+00
1.390103e+01	2.119968e-03	1.768950e-06	1436242.000000	0.000000e+00
1.392557e+01	2.109828e-03	1.765577e-06	1427976.000000	0.000000e+00
1.395012e+01	2.093248e-03	1.751130e-06	1428910.000000	0.000000e+00
1.397464e+01	2.083055e-03	1.750889e-06	1415416.000000	0.000000e+00
1.399917e+01	2.069024e-03	1.735904e-06	1420626.000000	0.000000e+00
1.402372e+01	2.060703e-03	1.736358e-06	1408486.000000	0.000000e+00
1.404824e+01	2.043777e-03	1.722983e-06	1407036.000000	0.000000e+00
1.407278e+01	2.033995e-03	1.717552e-06	1402426.000000	0.000000e+00
1.409731e+01	2.022538e-03	1.712189e-06	1395372.000000	0.000000e+00
1.412183e+01	2.008129e-03	1.701720e-06	1392538.000000	0.000000e+00
1.414639e+01	1.999376e-03	1.695648e-06	1390330.000000	0.000000e+00
1.417094e+01	1.991882e-03	1.695289e-06	1380510.000000	0.000000e+00
1.419546e+01	1.974382e-03	1.681197e-06	1379194.000000	0.000000e+00
1.422001e+01	1.969455e-03	1.681148e-06	1372398.000000	0.000000e+00
1.424455e+01	1.958360e-03	1.673655e-06	1369156.000000	0.000000e+00
1.426908e+01	1.948038e-03	1.669908e-06	1360848.000000	0.000000e+00
1.429362e+01	1.940010e-03	1.662980e-06	1360924.000000	0.000000e+00
1.431818e+01	1.927613e-03	1.657506e-06	1352476.000000	0.000000e+00
1.434273e+01	1.921673e-03	1.654118e-06	1349664.000000	0.000000e+00
1.436724e+01	1.907992e-03	1.648999e-06	1338790.000000	0.000000e+00
1.439177e+01	1.900648e-03	1.640611e-06	1342122.000000	0.000000e+00
1.441633e+01	1.892790e-03	1.640513e-06	1331206.000000	0.000000e+00
1.444087e+01	1.882488e-03	1.632923e-06	1329024.000000	0.000000e+00
1.446541e+01	1.875914e-03	1.631611e-06	1321882.000000	0.000000e+00
1.448996e+01	1.867020e-03	1.625440e-06	1319338.000000	0.000000e+00
1.451448e+01	1.858558e-03	1.624512e-06	1308900.000000	0.000000e+00
1.453902e+01	1.848034e-03	1.614559e-06	1310122.000000	0.000000e+00
1.456356e+01	1.840780e-03	1.614544e-06	1299882.000000	0.000000e+00
1.458809e+01	1.835357e-03	1.611996e-06	1296322.000000	0.000000e+00
1.461262e+01	1.829346e-03	1.609315e-06	1292140.000000	0.000000e+00
1.463716e+01	1.820628e-03	1.606459e-06	1284408.000000	0.000000e+00
1.466171e+01	1.814742e-03	1.602042e-06	1283164.000000	0.000000e+00
1.468625e+01	1.806915e-03	1.601143e-06	1273548.000000	0.000000e+00
1.471078e+01	1.802474e-03	1.599524e-06	1269862.000000	0.000000e+00
1.473534e+01	1.793227e-03	1.593083e-06	1267050.000000	0.000000e+00
1.475987e+01	1.788290e-03	1.596047e-06	1255408.000000	0.000000e+00
1.478439e+01	1.784693e-03	1.592802e-06	1255462.000000	0.000000e+00
1.480894e+01	1.772610e-03	1.587504e-06	1246800.000000	0.000000e+00
1.483348e+01	1.768016e-03	1.584978e-06	1244302.000000	0.000000e+00
1.485802e+01	1.764423e-03	1.587623e-06	1235124.000000	0.000000e+00
1.488256e+01	1.762474e-03	1.587217e-06	1233028.000000	0.000000e+00
1.490708e+01	1.753444e-03	1.585734e-06	1222710.000000	0.000000e+00
1.493162e+01	1.746208e-03	1.579645e-06	1222006.000000	0.000000e+00
1.495618e+01	1.741201e-03	1.579156e-06	1215760.000000	0.000000e+00
1.498071e+01	1.738705e-03	1.582705e-06	1206846.000000	0.000000e+00
1.500525e+01	1.731981e-03	1.578147e-06	1204456.000000	0.000000e+00
1.502980e+01	1.724450e-03	1.575746e-06	1197648.000000	0.000000e+00
1.505434e+01	1.725613e-03	1.581463e-06	1190608.000000	0.000000e+00
1.507886e+01	1.715766e-03	1.575425e-06	1186098.000000	0.000000e+00
1.510342e+01	1.713434e-03	1.576538e-06	1181206.000000	0.000000e+00
1.512796e+01	1.707624e-03	1.576878e-06	1172704.000000	0.000000e+00
1.515246e+01	1.707324e-03	1.580165e-06	1167420.000000	0.000000e+00
1.517700e+01	1.704922e-03	1.580777e-06	1163236.000000	0.000000e+00
1.520157e+01	1.697900e-03	1.577017e-06	1159182.000000	0.000000e+00
1.522611e+01	1.693811e-03	1.581146e-06	1147588.000000	0.000000e+00
1.525063e+01	1.688702e-03	1.577292e-06	1146256.000000	0.000000e+00
1.527518e+01	1.687881e-03	1.582245e-06	1137984.000000	0.000000e+00
1.529972e+01	1.684375e-03	1.582409e-06	1133026.000000	0.000000e+00
1.532424e+01	1.683226e-03	1.586668e-06	1125414.000000	0.000000e+00
1.534877e+01	1.682443e-03	1.589032e-06	1121026.000000	0.000000e+00
1.537332e+01	1.675326e-03	1.586329e-06	1115352.000000	0.000000e+00
1.539786e+01	1.672368e-03	1.588941e-06	1107766.000000	0.000000e+00
1.542240e+01	1.666715e-03	1.586546e-06	1103614.000000	0.000000e+00
1.544694e+01	1.669726e-03	1.595421e-06	1095318.000000	0.000000e+00
1.547149e+01	1.664583e-03	1.593645e-06	1091008.000000	0.000000e+00
1.549603e+01	1.664821e-03	1.598962e-06	1084074.000000	0.000000e+00
1.552054e+01	1.662409e-03	1.603996e-06	1074160.000000	0.000000e+00
1.554506e+01	1.658919e-03	1.601312e-06	1073244.000000	0.000000e+00
1.556963e+01	1.656083e-03	1.603577e-06	1066558.000000	0.000000e+00
1.559418e+01	1.656107e-03	1.610131e-06	1057924.000000	0.000000e+00
1.561873e+01	1.652337e-03	1.609414e-06	1054050.000000	0.000000e+00
1.564327e+01	1.650411e-03	1.615036e-06	1044286.000000	0.000000e+00
1.566780e+01	1.649675e-03	1.616392e-06	1041606.000000	0.000000e+00
1.569233e+01	1.648873e-03	1.624054e-06	1030798.000000	0.000000e+00
1.571685e+01	1.645636e-03	1.623424e-06	1027552.000000	0.000000e+00
1.574141e+01	1.647148e-03	1.629851e-06	1021338.000000	0.000000e+00
1.576595e+01	1.646741e-03	1.635867e-06	1013338.000000	0.000000e+00
1.579049e+01	1.645910e-03	1.639215e-06	1008186.000000	0.000000e+00
1.581502e+01	1.643817e-03	1.644315e-06	999394.000000	0.000000e+00
1.583955e+01	1.646897e-03	1.651280e-06	994698.000000	0.000000e+00
1.586407e+01	1.640430e-03	1.651144e-06	987064.000000	0.000000e+00
1.588861e+01	1.644038e-03	1.659844e-06	981046.000000	0.000000e+00
1.591315e+01	1.642341e-03	1.662941e-06	975378.000000	0.000000e+00
1.593770e+01	1.641651e-03	1.668528e-06	968044.000000	0.000000e+00
1.596225e+01	1.644368e-03	1.676977e-06	961488.000000	0.000000e+00
1.598677e+01	1.638897e-03	1.678569e-06	953290.000000	0.000000e+00
1.601131e+01	1.639085e-03	1.682492e-06	949068.000000	0.000000e+00
1.603586e+01	1.643523e-03	1.694294e-06	940966.000000	0.000000e+00
1.606040e+01	1.639132e-03	1.696024e-06	934036.000000	0.000000e+00
1.608493e+01	1.643407e-03	1.706304e-06	927636.000000	0.000000e+00
1.610947e+01	1.640891e-03	1.710929e-06	919804.000000	0.000000e+00
1.613400e+01	1.642995e-03	1.718567e-06	913986.000000	0.000000e+00
1.615854e+01	1.642442e-03	1.724057e-06	907564.000000	0.000000e+00
1.618310e+01	1.640976e-03	1.729280e-06	900480.000000	0.000000e+00
1.620765e+01	1.639585e-03	1.734636e-06	893410.000000	0.000000e+00
1.623216e+01	1.637901e-03	1.742661e-06	883384.000000	0.000000e+00
1.625669e+01	1.644542e-03	1.752112e-06	880980.000000	0.000000e+00
1.628123e+01	1.640174e-03	1.757199e-06	871240.000000	0.000000e+00
1.630580e+01	1.643623e-03	1.764768e-06	867420.000000	0.000000e+00
1.633036e+01	1.645626e-03	1.777091e-06	857518.000000	0.000000e+00
1.635486e+01	1.643006e-03	1.783526e-06	848632.000000	0.000000e+00
1.637939e+01	1.647277e-03	1.791355e-06	845610.000000	0.000000e+00
1.640395e+01	1.648574e-03	1.802689e-06	836326.000000	0.000000e+00
1.642848e+01	1.650459e-03	1.812377e-06	829302.000000	0.000000e+00
1.645298e+01	1.648745e-03	1.820201e-06	820480.000000	0.000000e+00
1.647753e+01	1.649920e-03	1.825351e-06	817020.000000	0.000000e+00
1.650209e+01	1.655511e-03	1.841308e-06	808372.000000	0.000000e+00
1.652660e+01	1.649912e-03	1.846644e-06	798280.000000	0.000000e+00
1.655114e+01	1.653651e-03	1.853894e-06	795642.000000	0.000000e+00
1.657571e+01	1.654274e-03	1.865623e-06	786262.000000	0.000000e+00
1.660025e+01	1.654403e-03	1.875798e-06	777876.000000	0.000000e+00
1.662478e+01	1.662172e-03	1.891251e-06	772420.000000	0.000000e+00
1.664931e+01	1.657500e-03	1.898256e-06	762426.000000	0.000000e+00
1.667386e+01	1.661441e-03	1.907228e-06	758866.000000	0.000000e+00
1.669842e+01	1.660142e-03	1.919166e-06	748282.000000	0.000000e+00
1.672293e+01	1.664503e-03	1.933843e-06	740844.000000	0.000000e+00
1.674748e+01	1.664558e-03	1.940339e-06	735940.000000	0.000000e+00
1.677204e+01	1.664983e-03	1.954270e-06	725856.000000	0.000000e+00
1.679655e+01	1.668219e-03	1.967871e-06	718642.000000	0.000000e+00
1.682107e+01	1.668025e-03	1.977379e-06	711582.000000	0.000000e+00
1.684563e+01	1.672081e-03	1.991744e-06	704770.000000	0.000000e+00
1.687018e+01	1.671569e-03	2.002375e-06	696880.000000	0.000000e+00
1.689472e+01	1.673661e-03	2.017933e-06	687894.000000	0.000000e+00
1.691924e+01	1.677411e-03	2.031505e-06	681778.000000	0.000000e+00
1.694378e+01	1.672226e-03	2.039133e-06	672510.000000	0.000000e+00
1.696830e+01	1.683506e-03	2.063123e-06	665854.000000	0.000000e+00
1.699283e+01	1.677680e-03	2.068821e-06	657616.000000	0.000000e+00
1.701740e+01	1.679175e-03	2.079915e-06	651780.000000	0.000000e+00
1.704195e+01	1.679611e-03	2.096185e-06	642034.000000	0.000000e+00
1.706646e+01	1.674725e-03	2.104889e-06	633036.000000	0.000000e+00
1.709097e+01	1.686946e-03	2.129202e-06	627724.000000	0.000000e+00
1.711553e+01	1.681284e-03	2.136549e-06	619236.000000	0.000000e+00
1.714008e+01	1.680301e-03	2.149978e-06	610810.000000	0.000000e+00
1.716463e+01	1.679519e-03	2.159696e-06	604762.000000	0.000000e+00
1.718918e+01	1.677015e-03	2.176375e-06	593754.000000	0.000000e+00
1.721369e+01	1.678099e-03	2.188873e-06	587752.000000	0.000000e+00
1.723823e+01	1.674257e-03	2.200693e-06	578796.000000	0.000000e+00
1.726278e+01	1.680979e-03	2.222751e-06	571930.000000	0.000000e+00
1.728731e+01	1.672553e-03	2.229167e-06	562956.000000	0.000000e+00
1.731188e+01	1.676839e-03	2.248513e-06	556150.000000	0.000000e+00
1.733641e+01	1.670993e-03	2.260713e-06	546334.000000	0.000000e+00
1.736091e+01	1.664779e-03	2.270541e-06	537594.000000	0.000000e+00
1.738543e+01	1.673309e-03	2.293366e-06	532360.000000	0.000000e+00
1.741000e+01	1.660702e-03	2.298589e-06	521988.000000	0.000000e+00
1.743456e+01	1.664431e-03	2.317313e-06	515896.000000	0.000000e+00
1.745909e+01	1.651469e-03	2.323217e-06	505314.000000	0.000000e+00
1.748363e+01	1.644367e-03	2.328614e-06	498658.000000	0.000000e+00
1.750818e+01	1.647644e-03	2.353618e-06	490066.000000	0.000000e+00
1.753269e+01	1.633390e-03	2.357669e-06	479970.000000	0.000000e+00
1.755722e+01	1.636827e-03	2.376370e-06	474436.000000	0.000000e+00
1.758176e+01	1.620765e-03	2.379416e-06	463980.000000	0.000000e+00
1.760629e+01	1.612641e-03	2.386065e-06	456784.000000	0.000000e+00
1.763083e+01	1.602519e-03	2.393244e-06	448366.000000	0.000000e+00
1.765539e+01	1.589384e-03	2.396353e-06	439902.000000	0.000000e+00
1.767993e+01	1.587908e-03	2.418283e-06	431158.000000	0.000000e+00
1.770446e+01	1.576560e-03	2.424679e-06	422778.000000	0.000000e+00
1.772897e+01	1.563511e-03	2.431191e-06	413584.000000	0.000000e+00
1.775351e+01	1.537824e-03	2.412030e-06	406488.000000	0.000000e+00
1.777808e+01	1.525210e-03	2.418366e-06	397754.500000	0.000000e+00
1.780261e+01	1.515165e-03	2.428857e-06	389149.000000	0.000000e+00
1.782713e+01	1.506269e-03	2.436458e-06	382197.000000	0.000000e+00
1.785169e+01	1.490905e-03	2.432602e-06	375628.000000	0.000000e+00
1.787623e+01	1.489976e-03	2.456981e-06	367752.000000	0.000000e+00
1.790076e+01	1.478724e-03	2.458001e-06	361918.000000	0.000000e+00
1.792530e+01	1.473916e-03	2.473299e-06	355134.000000	0.000000e+00
1.794985e+01	1.468056e-03	2.486206e-06	348667.000000	0.000000e+00
1.797440e+01	1.464144e-03	2.500145e-06	342955.000000	0.000000e+00
1.799891e+01	1.456495e-03	2.513726e-06	335724.000000	0.000000e+00
1.802344e+01	1.443883e-03	2.509541e-06	331036.000000	0.000000e+00
1.804802e+01	1.449095e-03	2.540209e-06	325428.000000	0.000000e+00
1.807255e+01	1.444604e-03	2.560723e-06	318253.000000	0.000000e+00
1.809707e+01	1.441833e-03	2.572909e-06	314037.000000	0.000000e+00
1.812164e+01	1.436252e-03	2.587321e-06	308149.000000	0.000000e+00
1.814617e+01	1.423901e-03	2.589951e-06	302257.000000	0.000000e+00
1.817068e+01	1.426139e-03	2.616364e-06	297117.000000	0.000000e+00
1.819523e+01	1.426104e-03	2.636214e-06	292645.000000	0.000000e+00
1.821979e+01	1.421913e-03	2.653978e-06	287046.000000	0.000000e+00
1.824431e+01	1.426076e-03	2.688657e-06	281329.000000	0.000000e+00
1.826883e+01	1.422318e-03	2.700953e-06	277306.000000	0.000000e+00
1.829337e+01	1.418974e-03	2.719749e-06	272202.000000	0.000000e+00
1.831793e+01	1.422363e-03	2.748981e-06	267718.000000	0.000000e+00
1.834250e+01	1.416950e-03	2.763095e-06	262977.000000	0.000000e+00
1.836701e+01	1.416479e-03	2.793724e-06	257071.000000	0.000000e+00
1.839152e+01	1.414809e-03	2.808654e-06	253746.000000	0.000000e+00
1.841609e+01	1.417208e-03	2.838678e-06	249250.000000	0.000000e+00
1.844064e+01	1.414666e-03	2.862887e-06	244174.000000	0.000000e+00
1.846515e+01	1.412320e-03	2.882345e-06	240090.000000	0.000000e+00
1.848971e+01	1.407666e-03	2.897641e-06	235999.000000	0.000000e+00
1.851428e+01	1.417074e-03	2.943398e-06	231786.000000	0.000000e+00
1.853881e+01	1.418835e-03	2.977573e-06	227059.000000	0.000000e+00
1.856328e+01	1.423972e-03	3.019644e-06	222378.000000	0.000000e+00
1.858784e+01	1.417977e-03	3.021798e-06	220195.000000	0.000000e+00
1.861244e+01	1.425150e-03	3.073542e-06	215002.000000	0.000000e+00
1.863693e+01	1.428659e-03	3.113612e-06	210537.000000	0.000000e+00
1.866143e+01	1.425380e-03	3.130844e-06	207271.000000	0.000000e+00
1.868601e+01	1.423080e-03	3.151749e-06	203871.000000	0.000000e+00
1.871055e+01	1.431165e-03	3.206134e-06	199258.000000	0.000000e+00
1.873503e+01	1.433718e-03	3.243980e-06	195331.000000	0.000000e+00
1.875958e+01	1.437071e-03	3.271660e-06	192939.000000	0.000000e+00
1.878417e+01	1.439742e-03	3.317035e-06	188395.000000	0.000000e+00
1.880870e+01	1.440114e-03	3.348351e-06	184983.000000	0.000000e+00
1.883322e+01	1.446330e-03	3.397548e-06	181219.000000	0.000000e+00
1.885775e+01	1.448701e-03	3.434919e-06	177879.000000	0.000000e+00
1.888231e+01	1.454034e-03	3.479477e-06	174631.000000	0.000000e+00
1.890684e+01	1.458770e-03	3.528718e-06	170899.000000	0.000000e+00
1.893134e+01	1.458761e-03	3.564842e-06	167451.000000	0.000000e+00
1.895590e+01	1.467178e-03	3.613311e-06	164875.000000	0.000000e+00
1.898046e+01	1.468037e-03	3.660234e-06	160863.000000	0.000000e+00
1.900495e+01	1.472328e-03	3.708740e-06	157600.000000	0.000000e+00
1.902946e+01	1.479108e-03	3.758745e-06	154851.000000	0.000000e+00
1.905406e+01	1.482228e-03	3.800348e-06	152119.000000	0.000000e+00
1.907863e+01	1.495504e-03	3.881990e-06	148411.000000	0.000000e+00
1.910311e+01	1.495343e-03	3.927748e-06	144942.000000	0.000000e+00
1.912765e+01	1.498916e-03	3.963459e-06	143023.000000	0.000000e+00
1.915226e+01	1.498759e-03	4.010490e-06	139659.000000	0.000000e+00
1.917678e+01	1.510914e-03	4.093432e-06	136240.000000	0.000000e+00
1.920124e+01	1.520319e-03	4.162229e-06	133419.000000	0.000000e+00
1.922581e+01	1.532936e-03	4.228970e-06	131395.000000	0.000000e+00
1.925040e+01	1.537160e-03	4.297769e-06	127924.000000	0.000000e+00
1.927489e+01	1.538862e-03	4.352229e-06	125019.000000	0.000000e+00
1.929941e+01	1.539397e-03	4.393759e-06	122752.000000	0.000000e+00
1.932402e+01	1.557082e-03	4.488797e-06	120327.000000	0.000000e+00
1.934855e+01	1.560066e-03	4.567380e-06	116668.000000	0.000000e+00
1.937298e+01	1.565684e-03	4.632626e-06	114223.000000	0.000000e+00
1.939755e+01	1.579451e-03	4.702936e-06	112791.000000	0.000000e+00
1.942217e+01	1.578913e-03	4.775560e-06	109312.000000	0.000000e+00
1.944667e+01	1.595675e-03	4.879944e-06	106920.000000	0.000000e+00
1.947113e+01	1.600655e-03	4.963302e-06	104005.000000	0.000000e+00
1.949570e+01	1.606113e-03	5.009231e-06	102804.000000	0.000000e+00
1.952032e+01	1.612983e-03	5.110136e-06	99631.000000	0.000000e+00
1.954482e+01	1.630199e-03	5.231342e-06	97108.000000	0.000000e+00
1.956930e+01	1.646116e-03	5.342532e-06	94935.000000	0.000000e+00
1.959391e+01	1.644685e-03	5.388849e-06	93148.000000	0.000000e+00
1.961850e+01	1.669841e-03	5.555405e-06	90348.000000	0.000000e+00
1.964294e+01	1.667444e-03	5.630462e-06	87703.000000	0.000000e+00
1.966740e+01	1.685969e-03	5.746567e-06	86076.000000	0.000000e+00
1.969204e+01	1.693076e-03	5.827808e-06	84400.000000	0.000000e+00
1.971660e+01	1.708504e-03	5.990842e-06	81331.000000	0.000000e+00
1.974103e+01	1.715782e-03	6.087089e-06	79452.000000	0.000000e+00
1.976563e+01	1.713952e-03	6.130650e-06	78160.000000	0.000000e+00
1.979032e+01	1.728110e-03	6.278849e-06	75750.000000	0.000000e+00
1.981482e+01	1.747818e-03	6.462462e-06	73147.000000	0.000000e+00
1.983914e+01	1.749818e-03	6.575661e-06	70812.000000	0.000000e+00
1.986374e+01	1.776017e-03	6.682425e-06	70636.000000	0.000000e+00
1.988844e+01	1.793676e-03	6.899979e-06	67576.000000	0.000000e+00
1.991292e+01	1.819601e-03	7.097482e-06	65727.000000	0.000000e+00
1.993736e+01	1.808256e-03	7.162548e-06	63736.000000	0.000000e+00
1.996197e+01	1.828907e-03	7.304649e-06	62688.000000	0.000000e+00
1.998658e+01	1.831992e-03	7.463915e-06	60244.000000	0.000000e+00
2.001095e+01	1.866641e-03	7.745998e-06	58072.000000	0.000000e+00
2.003547e+01	1.881101e-03	7.848351e-06	57447.000000	0.000000e+00
2.006019e+01	1.886098e-03	8.013986e-06	55390.000000	0.000000e+00
2.008472e+01	1.873882e-03	8.111817e-06	53364.000000	0.000000e+00
2.010903e+01	1.911672e-03	8.442870e-06	51268.000000	0.000000e+00
2.013363e+01	1.942132e-03	8.587788e-06	51144.000000	0.000000e+00
2.015842e+01	1.937148e-03	8.771573e-06	48772.000000	0.000000e+00
2.018288e+01	1.983247e-03	9.164821e-06	46828.000000	0.000000e+00
2.020721e+01	1.978430e-03	9.288099e-06	45372.000000	0.000000e+00
2.023181e+01	1.993459e-03	9.445762e-06	44539.000000	0.000000e+00
2.025650e+01	2.006878e-03	9.709688e-06	42720.000000	0.000000e+00
2.028095e+01	2.040723e-03	1.008629e-05	40936.000000	0.000000e+00
2.030542e+01	2.040336e-03	1.020449e-05	39978.000000	0.000000e+00
2.033011e+01	2.097582e-03	1.067531e-05	38608.000000	0.000000e+00
2.035466e+01	2.087809e-03	1.086988e-05	36892.000000	0.000000e+00
2.037892e+01	2.117381e-03	1.128440e-05	35208.000000	0.000000e+00
2.040348e+01	2.128740e-03	1.137534e-05	35020.000000	0.000000e+00
2.042837e+01	2.147724e-03	1.175675e-05	33372.000000	0.000000e+00
2.045281e+01	2.176126e-03	1.227668e-05	31420.000000	0.000000e+00
2.047697e+01	2.179779e-03	1.251260e-05	30348.000000	0.000000e+00
2.050165e+01	2.197434e-03	1.267844e-05	30040.000000	0.000000e+00
2.052659e+01	2.243697e-03	1.328399e-05	28528.000000	0.000000e+00
2.055100e+01	2.275310e-03	1.394506e-05	26622.000000	0.000000e+00
2.057510e+01	2.276991e-03	1.418143e-05	25780.000000	0.000000e+00
2.059985e+01	2.297720e-03	1.440244e-05	25452.000000	0.000000e+00
2.062477e+01	2.339258e-03	1.510614e-05	23980.000000	0.000000e+00
2.064904e+01	2.318764e-03	1.556112e-05	22204.000000	0.000000e+00
2.067328e+01	2.370760e-03	1.601134e-05	21924.000000	0.000000e+00
2.069813e+01	2.428235e-03	1.673571e-05	21052.000000	0.000000e+00
2.072282e+01	2.437302e-03	1.735273e-05	19728.000000	0.000000e+00
2.074689e+01	2.455477e-03	1.814348e-05	18316.000000	0.000000e+00
2.077148e+01	2.434680e-03	1.788949e-05	18522.000000	0.000000e+00
2.079650e+01	2.501181e-03	1.915166e-05	17056.000000	0.000000e+00
2.082086e+01	2.550957e-03	2.022977e-05	15901.000000	0.000000e+00
2.084494e+01	2.551866e-03	2.074482e-05	15132.000000	0.000000e+00
2.086988e+01	2.559564e-03	2.088761e-05	15016.000000	0.000000e+00
2.089484e+01	2.632589e-03	2.260754e-05	13560.000000	0.000000e+00
2.091874e+01	2.589802e-03	2.322342e-05	12436.000000	0.000000e+00
2.094286e+01	2.673495e-03	2.409434e-05	12312.000000	0.000000e+00
2.096835e+01	2.705578e-03	2.468199e-05	12016.000000	0.000000e+00
2.099333e+01	2.749477e-03	2.694271e-05	10414.000000	0.000000e+00
2.101635e+01	2.752271e-03	2.857662e-05	9276.000000	0.000000e+00
2.104066e+01	2.796610e-03	2.802079e-05	9961.000000	0.000000e+00
2.106684e+01	2.778981e-03	2.892889e-05	9228.000000	0.000000e+00
2.109169e+01	2.852299e-03	3.243763e-05	7732.000000	0.000000e+00
2.111385e+01	2.960513e-03	3.601821e-05	6756.000000	0.000000e+00
2.113864e+01	2.921443e-03	3.317252e-05	7756.000000	0.000000e+00
2.116547e+01	2.914386e-03	3.529027e-05	6820.000000	0.000000e+00
2.118998e+01	2.994732e-03	4.091255e-05	5358.000000	0.000000e+00
2.121167e+01	3.038599e-03	4.300240e-05	4993.000000	0.000000e+00
2.123701e+01	3.078588e-03	4.143640e-05	5520.000000	0.000000e+00
2.126409e+01	3.141321e-03	4.537889e-05	4792.000000	0.000000e+00
2.128812e+01	3.144631e-03	5.364671e-05	3436.000000	0.000000e+00
2.130920e+01	3.193704e-03	5.413835e-05	3480.000000	0.000000e+00
2.133536e+01	3.112701e-03	5.102788e-05	3721.000000	0.000000e+00
2.136298e+01	3.283047e-03	5.866326e-05	3132.000000	0.000000e+00
2.138535e+01	3.362625e-03	7.983652e-05	1774.000000	0.000000e+00
2.140616e+01	3.263490e-03	6.644980e-05	2412.000000	0.000000e+00
2.143360e+01	3.378536e-03	7.183497e-05	2212.000000	0.000000e+00
2.146162e+01	3.388767e-03	7.906552e-05	1837.000000	0.000000e+00
2.148292e+01	3.433690e-03	1.202032e-04	816.000000	0.000000e+00
2.150387e+01	3.459291e-03	9.339208e-05	1372.000000	0.000000e+00
2.153200e+01	3.593317e-03	1.087387e-04	1092.000000	0.000000e+00
2.156014e+01	3.315418e-03	1.141214e-04	844.000000	0.000000e+00
2.158178e+01	3.476543e-03	1.888199e-04	339.000000	0.000000e+00
2.160234e+01	3.982056e-03	1.726440e-04	532.000000	0.000000e+00
2.163046e+01	3.593844e-03	1.883686e-04	364.000000	0.000000e+00
2.165853e+01	3.886341e-03	2.573792e-04	228.000000	0.000000e+00
2.168066e+01	4.600921e-03	5.384971e-04	73.000000	0.000000e+00
2.170037e+01	3.712957e-03	4.051169e-04	84.000000	0.000000e+00
2.172766e+01	3.919900e-03	7.407915e-04	28.000000	0.000000e+00
2.175143e+01	1.885383e-03	1.088527e-03	3.000000	0.000000e+00
