# [<k> (h/Mpc)]	[<P_0(k)> (Mpc/h)^3]	[ErrorBar (Mpc/h)^3]	nModes	[<P_2(k)> (Mpc/h)^3]
3.476422e-02	1.499967e+04	4.160161e+03	13.000000	0.000000e+00
5.890282e-02	1.098024e+04	1.911415e+03	33.000000	0.000000e+00
8.378087e-02	6.475551e+03	7.285564e+02	79.000000	0.000000e+00
1.087368e-01	4.976344e+03	4.600632e+02	117.000000	0.000000e+00
1.341836e-01	3.721229e+03	2.599019e+02	205.000000	0.000000e+00
1.581206e-01	2.746698e+03	1.791748e+02	235.000000	0.000000e+00
1.826843e-01	2.127100e+03	1.107324e+02	369.000000	0.000000e+00
2.073525e-01	1.961862e+03	9.428107e+01	433.000000	0.000000e+00
2.322407e-01	1.713254e+03	7.083433e+01	585.000000	0.000000e+00
2.568838e-01	1.444236e+03	5.542467e+01	679.000000	0.000000e+00
2.811185e-01	1.310204e+03	4.595085e+01	813.000000	0.000000e+00
3.057758e-01	1.160230e+03	3.696801e+01	985.000000	0.000000e+00
3.308750e-01	1.120294e+03	3.257164e+01	1183.000000	0.000000e+00
3.553459e-01	1.038576e+03	2.915462e+01	1269.000000	0.000000e+00
3.797184e-01	8.891011e+02	2.267849e+01	1537.000000	0.000000e+00
4.042043e-01	8.664434e+02	2.131100e+01	1653.000000	0.000000e+00
4.287408e-01	7.821901e+02	1.765437e+01	1963.000000	0.000000e+00
4.533372e-01	7.659793e+02	1.663209e+01	2121.000000	0.000000e+00
4.779960e-01	7.192008e+02	1.464103e+01	2413.000000	0.000000e+00
5.026630e-01	6.825879e+02	1.329745e+01	2635.000000	0.000000e+00
5.271488e-01	6.174629e+02	1.151174e+01	2877.000000	0.000000e+00
5.515428e-01	6.012372e+02	1.068033e+01	3169.000000	0.000000e+00
5.762241e-01	5.662721e+02	9.562188e+00	3507.000000	0.000000e+00
6.007286e-01	5.701001e+02	9.391444e+00	3685.000000	0.000000e+00
6.252569e-01	5.415670e+02	8.391598e+00	4165.000000	0.000000e+00
6.499966e-01	5.263094e+02	7.955232e+00	4377.000000	0.000000e+00
6.746858e-01	4.930869e+02	7.076669e+00	4855.000000	0.000000e+00
6.991271e-01	4.861330e+02	6.924298e+00	4929.000000	0.000000e+00
7.235757e-01	4.681706e+02	6.266833e+00	5581.000000	0.000000e+00
7.479714e-01	4.516271e+02	5.992997e+00	5679.000000	0.000000e+00
7.726133e-01	4.406428e+02	5.514501e+00	6385.000000	0.000000e+00
7.972413e-01	4.223133e+02	5.216927e+00	6553.000000	0.000000e+00
8.218513e-01	4.146058e+02	4.911825e+00	7125.000000	0.000000e+00
8.464491e-01	3.977553e+02	4.609198e+00	7447.000000	0.000000e+00
8.709767e-01	3.907290e+02	4.387998e+00	7929.000000	0.000000e+00
8.955547e-01	3.760023e+02	4.114047e+00	8353.000000	0.000000e+00
9.199772e-01	3.677676e+02	3.925996e+00	8775.000000	0.000000e+00
9.444963e-01	3.662721e+02	3.795413e+00	9313.000000	0.000000e+00
9.690846e-01	3.571783e+02	3.600522e+00	9841.000000	0.000000e+00
9.935517e-01	3.493087e+02	3.460199e+00	10191.000000	0.000000e+00
1.018099e+00	3.412929e+02	3.269443e+00	10897.000000	0.000000e+00
1.042679e+00	3.324412e+02	3.127206e+00	11301.000000	0.000000e+00
1.067353e+00	3.234741e+02	2.949830e+00	12025.000000	0.000000e+00
1.092004e+00	3.146901e+02	2.823383e+00	12423.000000	0.000000e+00
1.116549e+00	3.083189e+02	2.701954e+00	13021.000000	0.000000e+00
1.140967e+00	3.044558e+02	2.629607e+00	13405.000000	0.000000e+00
1.165410e+00	2.942396e+02	2.465127e+00	14247.000000	0.000000e+00
1.189942e+00	2.844654e+02	2.349991e+00	14653.000000	0.000000e+00
1.214340e+00	2.838049e+02	2.291956e+00	15333.000000	0.000000e+00
1.238824e+00	2.774731e+02	2.197122e+00	15949.000000	0.000000e+00
1.263616e+00	2.685908e+02	2.056432e+00	17059.000000	0.000000e+00
1.288278e+00	2.645187e+02	2.023003e+00	17097.000000	0.000000e+00
1.312698e+00	2.579575e+02	1.924574e+00	17965.000000	0.000000e+00
1.337129e+00	2.522668e+02	1.853151e+00	18531.000000	0.000000e+00
1.361846e+00	2.499328e+02	1.782100e+00	19669.000000	0.000000e+00
1.386459e+00	2.438670e+02	1.729032e+00	19893.000000	0.000000e+00
1.410760e+00	2.380129e+02	1.662963e+00	20485.000000	0.000000e+00
1.435294e+00	2.379004e+02	1.613079e+00	21751.000000	0.000000e+00
1.459966e+00	2.305522e+02	1.547051e+00	22209.000000	0.000000e+00
1.484553e+00	2.268531e+02	1.494494e+00	23041.000000	0.000000e+00
1.509059e+00	2.242585e+02	1.456992e+00	23691.000000	0.000000e+00
1.533565e+00	2.177343e+02	1.392276e+00	24457.000000	0.000000e+00
1.558284e+00	2.173194e+02	1.353050e+00	25797.000000	0.000000e+00
1.582818e+00	2.127054e+02	1.328708e+00	25627.000000	0.000000e+00
1.607259e+00	2.084167e+02	1.263317e+00	27217.000000	0.000000e+00
1.631809e+00	2.041966e+02	1.230256e+00	27549.000000	0.000000e+00
1.656366e+00	2.001305e+02	1.179014e+00	28813.000000	0.000000e+00
1.680925e+00	1.980190e+02	1.155755e+00	29355.000000	0.000000e+00
1.705257e+00	1.931490e+02	1.116692e+00	29917.000000	0.000000e+00
1.729806e+00	1.905139e+02	1.070827e+00	31653.000000	0.000000e+00
1.754462e+00	1.870964e+02	1.046702e+00	31951.000000	0.000000e+00
1.778992e+00	1.820838e+02	1.001413e+00	33061.000000	0.000000e+00
1.803411e+00	1.793391e+02	9.784185e-01	33597.000000	0.000000e+00
1.827963e+00	1.783047e+02	9.504076e-01	35197.000000	0.000000e+00
1.852647e+00	1.732707e+02	9.154699e-01	35823.000000	0.000000e+00
1.877249e+00	1.716326e+02	8.928910e-01	36949.000000	0.000000e+00
1.901733e+00	1.676161e+02	8.677787e-01	37309.000000	0.000000e+00
1.926241e+00	1.644872e+02	8.321135e-01	39075.000000	0.000000e+00
1.950830e+00	1.623807e+02	8.183424e-01	39373.000000	0.000000e+00
1.975308e+00	1.610030e+02	7.967615e-01	40833.000000	0.000000e+00
1.999729e+00	1.583983e+02	7.803442e-01	41203.000000	0.000000e+00
2.024419e+00	1.543294e+02	7.383507e-01	43689.000000	0.000000e+00
2.049126e+00	1.517722e+02	7.275835e-01	43513.000000	0.000000e+00
2.073508e+00	1.506789e+02	7.147926e-01	44437.000000	0.000000e+00
2.097846e+00	1.483234e+02	6.941996e-01	45651.000000	0.000000e+00
2.122473e+00	1.451614e+02	6.661514e-01	47485.000000	0.000000e+00
2.147106e+00	1.431207e+02	6.535190e-01	47961.000000	0.000000e+00
2.171601e+00	1.410574e+02	6.362788e-01	49147.000000	0.000000e+00
2.196158e+00	1.383886e+02	6.168912e-01	50325.000000	0.000000e+00
2.220735e+00	1.366608e+02	6.013303e-01	51649.000000	0.000000e+00
2.245251e+00	1.349042e+02	5.907255e-01	52153.000000	0.000000e+00
2.269729e+00	1.330556e+02	5.728827e-01	53943.000000	0.000000e+00
2.294271e+00	1.311750e+02	5.608792e-01	54697.000000	0.000000e+00
2.318928e+00	1.284716e+02	5.393161e-01	56745.000000	0.000000e+00
2.343538e+00	1.265917e+02	5.302015e-01	57007.000000	0.000000e+00
2.368026e+00	1.250088e+02	5.170203e-01	58461.000000	0.000000e+00
2.392423e+00	1.216111e+02	5.004911e-01	59041.000000	0.000000e+00
2.416863e+00	1.199555e+02	4.856257e-01	61015.000000	0.000000e+00
2.441509e+00	1.192174e+02	4.763477e-01	62637.000000	0.000000e+00
2.466080e+00	1.170378e+02	4.656655e-01	63169.000000	0.000000e+00
2.490575e+00	1.152852e+02	4.535660e-01	64605.000000	0.000000e+00
2.515186e+00	1.138422e+02	4.415045e-01	66487.000000	0.000000e+00
2.539777e+00	1.127166e+02	4.353550e-01	67033.000000	0.000000e+00
2.564215e+00	1.111722e+02	4.255723e-01	68241.000000	0.000000e+00
2.588707e+00	1.095456e+02	4.140700e-01	69991.000000	0.000000e+00
2.613337e+00	1.075419e+02	4.021699e-01	71505.000000	0.000000e+00
2.637925e+00	1.069985e+02	3.968107e-01	72709.000000	0.000000e+00
2.662420e+00	1.043038e+02	3.848012e-01	73473.000000	0.000000e+00
2.686963e+00	1.028214e+02	3.735554e-01	75763.000000	0.000000e+00
2.711515e+00	1.022978e+02	3.704375e-01	76261.000000	0.000000e+00
2.735982e+00	1.003311e+02	3.592774e-01	77985.000000	0.000000e+00
2.760573e+00	9.901527e+01	3.500478e-01	80011.000000	0.000000e+00
2.785237e+00	9.723932e+01	3.416452e-01	81009.000000	0.000000e+00
2.809671e+00	9.668378e+01	3.384589e-01	81601.000000	0.000000e+00
2.834151e+00	9.484269e+01	3.270807e-01	84081.000000	0.000000e+00
2.858722e+00	9.354489e+01	3.205567e-01	85159.000000	0.000000e+00
2.883250e+00	9.290609e+01	3.155893e-01	86665.000000	0.000000e+00
2.907819e+00	9.109264e+01	3.064800e-01	88341.000000	0.000000e+00
2.932335e+00	9.013226e+01	3.013143e-01	89479.000000	0.000000e+00
2.956914e+00	8.865547e+01	2.930523e-01	91521.000000	0.000000e+00
2.981449e+00	8.736095e+01	2.873575e-01	92425.000000	0.000000e+00
3.005876e+00	8.655352e+01	2.829408e-01	93579.000000	0.000000e+00
3.030403e+00	8.548025e+01	2.754548e-01	96301.000000	0.000000e+00
3.055041e+00	8.415163e+01	2.692842e-01	97657.000000	0.000000e+00
3.079692e+00	8.312815e+01	2.636758e-01	99393.000000	0.000000e+00
3.104241e+00	8.204609e+01	2.591999e-01	100195.000000	0.000000e+00
3.128710e+00	8.134628e+01	2.550692e-01	101709.000000	0.000000e+00
3.153123e+00	8.030931e+01	2.502091e-01	103021.000000	0.000000e+00
3.177619e+00	7.914518e+01	2.435444e-01	105607.000000	0.000000e+00
3.202185e+00	7.853837e+01	2.403134e-01	106809.000000	0.000000e+00
3.226708e+00	7.716003e+01	2.341270e-01	108613.000000	0.000000e+00
3.251321e+00	7.617679e+01	2.288706e-01	110781.000000	0.000000e+00
3.275882e+00	7.512986e+01	2.248520e-01	111643.000000	0.000000e+00
3.300393e+00	7.447947e+01	2.209179e-01	113661.000000	0.000000e+00
3.324955e+00	7.342658e+01	2.162779e-01	115261.000000	0.000000e+00
3.349528e+00	7.280753e+01	2.124240e-01	117475.000000	0.000000e+00
3.374087e+00	7.194953e+01	2.091088e-01	118389.000000	0.000000e+00
3.398541e+00	7.091332e+01	2.046980e-01	120013.000000	0.000000e+00
3.423011e+00	7.015287e+01	2.009303e-01	121899.000000	0.000000e+00
3.447546e+00	6.904157e+01	1.959724e-01	124117.000000	0.000000e+00
3.472176e+00	6.844396e+01	1.923091e-01	126669.000000	0.000000e+00
3.496772e+00	6.763941e+01	1.898299e-01	126961.000000	0.000000e+00
3.521302e+00	6.693719e+01	1.857254e-01	129895.000000	0.000000e+00
3.545845e+00	6.582838e+01	1.822522e-01	130461.000000	0.000000e+00
3.570351e+00	6.553302e+01	1.794779e-01	133321.000000	0.000000e+00
3.594817e+00	6.442809e+01	1.762522e-01	133623.000000	0.000000e+00
3.619340e+00	6.416717e+01	1.731008e-01	137413.000000	0.000000e+00
3.643921e+00	6.321573e+01	1.700226e-01	138241.000000	0.000000e+00
3.668501e+00	6.234378e+01	1.660518e-01	140961.000000	0.000000e+00
3.693083e+00	6.159797e+01	1.633175e-01	142255.000000	0.000000e+00
3.717636e+00	6.060056e+01	1.596051e-01	144165.000000	0.000000e+00
3.742123e+00	6.028236e+01	1.581082e-01	145369.000000	0.000000e+00
3.766623e+00	5.965832e+01	1.549744e-01	148191.000000	0.000000e+00
3.791211e+00	5.904073e+01	1.523445e-01	150193.000000	0.000000e+00
3.815740e+00	5.820741e+01	1.495564e-01	151477.000000	0.000000e+00
3.840250e+00	5.756573e+01	1.468060e-01	153759.000000	0.000000e+00
3.864816e+00	5.729079e+01	1.449954e-01	156121.000000	0.000000e+00
3.889416e+00	5.671637e+01	1.425822e-01	158229.000000	0.000000e+00
3.913984e+00	5.592110e+01	1.399721e-01	159613.000000	0.000000e+00
3.938439e+00	5.503694e+01	1.372279e-01	160851.000000	0.000000e+00
3.962856e+00	5.463595e+01	1.353482e-01	162949.000000	0.000000e+00
3.987408e+00	5.392790e+01	1.320189e-01	166861.000000	0.000000e+00
4.011951e+00	5.347273e+01	1.308709e-01	166947.000000	0.000000e+00
4.036502e+00	5.295221e+01	1.281235e-01	170809.000000	0.000000e+00
4.061101e+00	5.251288e+01	1.266047e-01	172041.000000	0.000000e+00
4.085632e+00	5.194732e+01	1.246026e-01	173809.000000	0.000000e+00
4.110226e+00	5.152199e+01	1.223338e-01	177375.000000	0.000000e+00
4.134760e+00	5.085884e+01	1.208949e-01	176977.000000	0.000000e+00
4.159247e+00	5.041909e+01	1.185662e-01	180829.000000	0.000000e+00
4.183807e+00	4.970789e+01	1.163309e-01	182583.000000	0.000000e+00
4.208321e+00	4.919451e+01	1.146526e-01	184105.000000	0.000000e+00
4.232839e+00	4.876321e+01	1.126760e-01	187293.000000	0.000000e+00
4.257376e+00	4.846413e+01	1.116765e-01	188329.000000	0.000000e+00
4.281944e+00	4.764783e+01	1.086133e-01	192451.000000	0.000000e+00
4.306505e+00	4.731614e+01	1.078197e-01	192585.000000	0.000000e+00
4.331033e+00	4.667584e+01	1.053985e-01	196117.000000	0.000000e+00
4.355617e+00	4.623338e+01	1.038475e-01	198207.000000	0.000000e+00
4.380161e+00	4.590892e+01	1.027591e-01	199597.000000	0.000000e+00
4.404676e+00	4.564713e+01	1.014238e-01	202557.000000	0.000000e+00
4.429249e+00	4.501929e+01	9.946811e-02	204847.000000	0.000000e+00
4.453772e+00	4.477697e+01	9.857391e-02	206341.000000	0.000000e+00
4.478282e+00	4.411984e+01	9.645738e-02	209217.000000	0.000000e+00
4.502777e+00	4.384868e+01	9.557083e-02	210505.000000	0.000000e+00
4.527289e+00	4.350208e+01	9.397232e-02	214299.000000	0.000000e+00
4.551889e+00	4.278581e+01	9.194024e-02	216565.000000	0.000000e+00
4.576426e+00	4.254680e+01	9.116267e-02	217821.000000	0.000000e+00
4.600893e+00	4.205688e+01	8.963807e-02	220135.000000	0.000000e+00
4.625467e+00	4.159979e+01	8.783582e-02	224305.000000	0.000000e+00
4.650035e+00	4.150809e+01	8.752366e-02	224913.000000	0.000000e+00
4.674541e+00	4.097213e+01	8.585621e-02	227737.000000	0.000000e+00
4.699104e+00	4.035620e+01	8.399615e-02	230835.000000	0.000000e+00
4.723670e+00	4.014660e+01	8.321061e-02	232777.000000	0.000000e+00
4.748182e+00	3.984333e+01	8.229897e-02	234381.000000	0.000000e+00
4.772682e+00	3.946221e+01	8.094834e-02	237655.000000	0.000000e+00
4.797203e+00	3.911531e+01	7.995765e-02	239317.000000	0.000000e+00
4.821755e+00	3.874348e+01	7.850840e-02	243537.000000	0.000000e+00
4.846361e+00	3.848100e+01	7.770737e-02	245227.000000	0.000000e+00
4.870915e+00	3.799299e+01	7.640445e-02	247269.000000	0.000000e+00
4.895426e+00	3.774792e+01	7.555252e-02	249625.000000	0.000000e+00
4.919952e+00	3.755511e+01	7.476161e-02	252337.000000	0.000000e+00
4.944496e+00	3.707514e+01	7.337096e-02	255339.000000	0.000000e+00
4.969013e+00	3.668642e+01	7.244214e-02	256465.000000	0.000000e+00
4.993562e+00	3.645688e+01	7.132344e-02	261273.000000	0.000000e+00
5.018138e+00	3.609719e+01	7.048578e-02	262267.000000	0.000000e+00
5.042642e+00	3.576971e+01	6.952709e-02	264681.000000	0.000000e+00
5.067215e+00	3.533761e+01	6.812229e-02	269089.000000	0.000000e+00
5.091775e+00	3.523614e+01	6.789338e-02	269353.000000	0.000000e+00
5.116309e+00	3.495760e+01	6.677880e-02	274035.000000	0.000000e+00
5.140838e+00	3.459029e+01	6.604846e-02	274273.000000	0.000000e+00
5.165333e+00	3.436159e+01	6.510996e-02	278517.000000	0.000000e+00
5.189818e+00	3.410752e+01	6.452181e-02	279439.000000	0.000000e+00
5.214351e+00	3.373216e+01	6.321309e-02	284757.000000	0.000000e+00
5.238947e+00	3.356064e+01	6.271045e-02	286405.000000	0.000000e+00
5.263479e+00	3.317753e+01	6.176661e-02	288523.000000	0.000000e+00
5.288002e+00	3.292119e+01	6.095920e-02	291657.000000	0.000000e+00
5.312546e+00	3.254259e+01	5.997954e-02	294373.000000	0.000000e+00
5.337121e+00	3.242219e+01	5.941030e-02	297825.000000	0.000000e+00
5.361672e+00	3.215990e+01	5.877733e-02	299371.000000	0.000000e+00
5.386196e+00	3.187744e+01	5.794816e-02	302613.000000	0.000000e+00
5.410715e+00	3.164507e+01	5.733471e-02	304633.000000	0.000000e+00
5.435244e+00	3.134187e+01	5.642588e-02	308527.000000	0.000000e+00
5.459823e+00	3.103129e+01	5.561189e-02	311361.000000	0.000000e+00
5.484389e+00	3.085681e+01	5.505749e-02	314101.000000	0.000000e+00
5.508889e+00	3.061748e+01	5.457349e-02	314757.000000	0.000000e+00
5.533464e+00	3.036855e+01	5.350632e-02	322135.000000	0.000000e+00
5.558036e+00	3.012664e+01	5.324648e-02	320125.000000	0.000000e+00
5.582484e+00	2.982435e+01	5.234301e-02	324657.000000	0.000000e+00
5.606956e+00	2.954390e+01	5.170972e-02	326431.000000	0.000000e+00
5.631560e+00	2.938976e+01	5.088352e-02	333609.000000	0.000000e+00
5.656168e+00	2.910437e+01	5.043540e-02	333001.000000	0.000000e+00
5.680698e+00	2.887861e+01	4.976815e-02	336705.000000	0.000000e+00
5.705204e+00	2.868792e+01	4.931242e-02	338443.000000	0.000000e+00
5.729704e+00	2.857618e+01	4.885131e-02	342181.000000	0.000000e+00
5.754232e+00	2.818462e+01	4.797404e-02	345153.000000	0.000000e+00
5.778772e+00	2.794416e+01	4.732771e-02	348619.000000	0.000000e+00
5.803342e+00	2.773185e+01	4.677998e-02	351429.000000	0.000000e+00
5.827902e+00	2.749415e+01	4.616408e-02	354709.000000	0.000000e+00
5.852409e+00	2.737327e+01	4.588964e-02	355815.000000	0.000000e+00
5.876957e+00	2.718165e+01	4.519510e-02	361717.000000	0.000000e+00
5.901534e+00	2.698689e+01	4.480147e-02	362845.000000	0.000000e+00
5.926030e+00	2.676650e+01	4.429324e-02	365181.000000	0.000000e+00
5.950548e+00	2.667296e+01	4.385914e-02	369847.000000	0.000000e+00
5.975137e+00	2.633661e+01	4.311335e-02	373161.000000	0.000000e+00
5.999657e+00	2.610784e+01	4.269745e-02	373885.000000	0.000000e+00
6.024161e+00	2.603056e+01	4.228355e-02	378987.000000	0.000000e+00
6.048714e+00	2.580857e+01	4.179686e-02	381277.000000	0.000000e+00
6.073267e+00	2.564948e+01	4.131229e-02	385477.000000	0.000000e+00
6.097868e+00	2.542134e+01	4.076714e-02	388845.000000	0.000000e+00
6.122369e+00	2.522919e+01	4.047096e-02	388615.000000	0.000000e+00
6.146867e+00	2.501772e+01	3.980178e-02	395085.000000	0.000000e+00
6.171452e+00	2.492377e+01	3.953759e-02	397381.000000	0.000000e+00
6.195974e+00	2.468243e+01	3.903264e-02	399871.000000	0.000000e+00
6.220444e+00	2.449613e+01	3.865970e-02	401493.000000	0.000000e+00
6.244986e+00	2.439888e+01	3.815414e-02	408937.000000	0.000000e+00
6.269588e+00	2.408444e+01	3.762317e-02	409791.000000	0.000000e+00
6.294124e+00	2.393204e+01	3.723880e-02	413017.000000	0.000000e+00
6.318633e+00	2.379342e+01	3.690073e-02	415761.000000	0.000000e+00
6.343202e+00	2.361398e+01	3.639970e-02	420865.000000	0.000000e+00
6.367770e+00	2.345857e+01	3.607871e-02	422767.000000	0.000000e+00
6.392288e+00	2.331745e+01	3.574963e-02	425421.000000	0.000000e+00
6.416837e+00	2.314543e+01	3.527492e-02	430525.000000	0.000000e+00
6.441383e+00	2.297609e+01	3.496757e-02	431739.000000	0.000000e+00
6.465913e+00	2.281927e+01	3.453800e-02	436525.000000	0.000000e+00
6.490433e+00	2.272600e+01	3.432488e-02	438357.000000	0.000000e+00
6.514946e+00	2.246349e+01	3.377372e-02	442381.000000	0.000000e+00
6.539518e+00	2.235899e+01	3.342159e-02	447559.000000	0.000000e+00
6.564059e+00	2.215890e+01	3.311576e-02	447741.000000	0.000000e+00
6.588587e+00	2.206455e+01	3.275198e-02	453853.000000	0.000000e+00
6.613110e+00	2.185790e+01	3.242459e-02	454431.000000	0.000000e+00
6.637622e+00	2.172848e+01	3.203825e-02	459961.000000	0.000000e+00
6.662172e+00	2.153912e+01	3.166254e-02	462769.000000	0.000000e+00
6.686693e+00	2.140983e+01	3.137131e-02	465759.000000	0.000000e+00
6.711227e+00	2.125457e+01	3.100440e-02	469957.000000	0.000000e+00
6.735777e+00	2.109088e+01	3.065092e-02	473481.000000	0.000000e+00
6.760323e+00	2.099889e+01	3.042854e-02	476245.000000	0.000000e+00
6.784855e+00	2.081863e+01	3.003962e-02	480303.000000	0.000000e+00
6.809427e+00	2.072897e+01	2.977818e-02	484573.000000	0.000000e+00
6.833979e+00	2.062808e+01	2.957471e-02	486493.000000	0.000000e+00
6.858503e+00	2.047770e+01	2.923563e-02	490611.000000	0.000000e+00
6.883055e+00	2.033949e+01	2.893067e-02	494269.000000	0.000000e+00
6.907584e+00	2.018287e+01	2.862094e-02	497277.000000	0.000000e+00
6.932134e+00	2.009130e+01	2.836563e-02	501685.000000	0.000000e+00
6.956669e+00	1.987764e+01	2.799571e-02	504135.000000	0.000000e+00
6.981221e+00	1.975999e+01	2.769263e-02	509149.000000	0.000000e+00
7.005753e+00	1.963361e+01	2.747572e-02	510625.000000	0.000000e+00
7.030233e+00	1.947723e+01	2.715555e-02	514443.000000	0.000000e+00
7.054782e+00	1.942970e+01	2.694329e-02	520033.000000	0.000000e+00
7.079343e+00	1.929256e+01	2.668251e-02	522789.000000	0.000000e+00
7.103883e+00	1.912381e+01	2.636803e-02	526009.000000	0.000000e+00
7.128424e+00	1.902831e+01	2.612569e-02	530475.000000	0.000000e+00
7.152965e+00	1.891627e+01	2.591044e-02	532993.000000	0.000000e+00
7.177501e+00	1.874846e+01	2.557200e-02	537529.000000	0.000000e+00
7.202013e+00	1.864119e+01	2.537471e-02	539691.000000	0.000000e+00
7.226577e+00	1.852720e+01	2.505880e-02	546637.000000	0.000000e+00
7.251125e+00	1.844106e+01	2.493500e-02	546957.000000	0.000000e+00
7.275651e+00	1.835265e+01	2.468720e-02	552655.000000	0.000000e+00
7.300226e+00	1.818537e+01	2.437356e-02	556681.000000	0.000000e+00
7.324759e+00	1.810494e+01	2.422618e-02	558501.000000	0.000000e+00
7.349299e+00	1.793963e+01	2.388360e-02	564193.000000	0.000000e+00
7.373825e+00	1.785131e+01	2.373746e-02	565551.000000	0.000000e+00
7.398312e+00	1.771945e+01	2.347342e-02	569833.000000	0.000000e+00
7.422892e+00	1.768185e+01	2.326985e-02	577389.000000	0.000000e+00
7.447442e+00	1.746352e+01	2.300360e-02	576331.000000	0.000000e+00
7.471956e+00	1.741531e+01	2.281138e-02	582853.000000	0.000000e+00
7.496499e+00	1.728205e+01	2.257796e-02	585897.000000	0.000000e+00
7.521014e+00	1.722737e+01	2.245408e-02	588637.000000	0.000000e+00
7.545557e+00	1.709628e+01	2.215907e-02	595251.000000	0.000000e+00
7.570086e+00	1.696913e+01	2.198322e-02	595849.000000	0.000000e+00
7.594613e+00	1.688632e+01	2.175933e-02	602253.000000	0.000000e+00
7.619172e+00	1.672974e+01	2.149324e-02	605863.000000	0.000000e+00
7.643756e+00	1.668530e+01	2.134807e-02	610873.000000	0.000000e+00
7.668263e+00	1.658941e+01	2.123442e-02	610353.000000	0.000000e+00
7.692777e+00	1.650349e+01	2.098304e-02	618607.000000	0.000000e+00
7.717371e+00	1.639389e+01	2.078368e-02	622185.000000	0.000000e+00
7.741929e+00	1.629625e+01	2.060940e-02	625237.000000	0.000000e+00
7.766457e+00	1.619076e+01	2.043042e-02	628029.000000	0.000000e+00
7.790953e+00	1.609987e+01	2.025221e-02	631975.000000	0.000000e+00
7.815489e+00	1.599551e+01	2.003317e-02	637525.000000	0.000000e+00
7.840050e+00	1.590042e+01	1.984756e-02	641805.000000	0.000000e+00
7.864588e+00	1.580671e+01	1.969199e-02	644323.000000	0.000000e+00
7.889126e+00	1.570449e+01	1.948819e-02	649389.000000	0.000000e+00
7.913643e+00	1.562224e+01	1.935158e-02	651709.000000	0.000000e+00
7.938181e+00	1.551993e+01	1.912823e-02	658309.000000	0.000000e+00
7.962760e+00	1.548244e+01	1.902004e-02	662607.000000	0.000000e+00
7.987311e+00	1.535214e+01	1.883681e-02	664237.000000	0.000000e+00
8.011811e+00	1.520754e+01	1.860441e-02	668169.000000	0.000000e+00
8.036325e+00	1.518713e+01	1.850418e-02	673615.000000	0.000000e+00
8.060868e+00	1.505951e+01	1.829399e-02	677649.000000	0.000000e+00
8.085446e+00	1.500993e+01	1.815033e-02	683893.000000	0.000000e+00
8.109989e+00	1.491650e+01	1.803719e-02	683905.000000	0.000000e+00
8.134471e+00	1.484247e+01	1.788313e-02	688851.000000	0.000000e+00
8.159038e+00	1.472715e+01	1.763776e-02	697189.000000	0.000000e+00
8.183598e+00	1.466507e+01	1.757526e-02	696249.000000	0.000000e+00
8.208073e+00	1.460634e+01	1.744055e-02	701395.000000	0.000000e+00
8.232590e+00	1.453609e+01	1.729388e-02	706497.000000	0.000000e+00
8.257144e+00	1.442778e+01	1.709513e-02	712285.000000	0.000000e+00
8.281710e+00	1.432921e+01	1.693822e-02	715663.000000	0.000000e+00
8.306271e+00	1.424978e+01	1.679286e-02	720057.000000	0.000000e+00
8.330826e+00	1.420465e+01	1.668730e-02	724585.000000	0.000000e+00
8.355374e+00	1.410592e+01	1.654083e-02	727257.000000	0.000000e+00
8.379901e+00	1.403229e+01	1.639324e-02	732703.000000	0.000000e+00
8.404418e+00	1.395584e+01	1.628031e-02	734829.000000	0.000000e+00
8.428928e+00	1.385840e+01	1.610257e-02	740689.000000	0.000000e+00
8.453504e+00	1.375121e+01	1.589997e-02	747979.000000	0.000000e+00
8.478051e+00	1.370965e+01	1.586258e-02	746973.000000	0.000000e+00
8.502580e+00	1.364420e+01	1.568870e-02	756349.000000	0.000000e+00
8.527138e+00	1.359064e+01	1.562418e-02	756633.000000	0.000000e+00
8.551634e+00	1.349733e+01	1.546624e-02	761599.000000	0.000000e+00
8.576156e+00	1.342552e+01	1.532797e-02	767173.000000	0.000000e+00
8.600697e+00	1.334913e+01	1.520030e-02	771261.000000	0.000000e+00
8.625259e+00	1.327707e+01	1.505714e-02	777535.000000	0.000000e+00
8.649836e+00	1.319852e+01	1.493833e-02	780633.000000	0.000000e+00
8.674376e+00	1.312792e+01	1.481958e-02	784729.000000	0.000000e+00
8.698927e+00	1.306863e+01	1.470572e-02	789747.000000	0.000000e+00
8.723450e+00	1.300155e+01	1.461040e-02	791893.000000	0.000000e+00
8.747957e+00	1.290946e+01	1.445422e-02	797677.000000	0.000000e+00
8.772521e+00	1.285441e+01	1.433205e-02	804429.000000	0.000000e+00
8.797047e+00	1.276325e+01	1.422947e-02	804535.000000	0.000000e+00
8.821541e+00	1.271889e+01	1.412459e-02	810861.000000	0.000000e+00
8.846076e+00	1.266173e+01	1.401398e-02	816325.000000	0.000000e+00
8.870641e+00	1.261221e+01	1.390752e-02	822399.000000	0.000000e+00
8.895170e+00	1.256210e+01	1.385138e-02	822505.000000	0.000000e+00
8.919713e+00	1.244676e+01	1.364027e-02	832657.000000	0.000000e+00
8.944263e+00	1.241613e+01	1.361322e-02	831861.000000	0.000000e+00
8.968772e+00	1.234072e+01	1.347017e-02	839335.000000	0.000000e+00
8.993334e+00	1.227387e+01	1.335457e-02	844701.000000	0.000000e+00
9.017895e+00	1.221945e+01	1.326990e-02	847945.000000	0.000000e+00
9.042430e+00	1.216115e+01	1.316806e-02	852915.000000	0.000000e+00
9.066970e+00	1.208220e+01	1.305296e-02	856789.000000	0.000000e+00
9.091538e+00	1.205064e+01	1.295767e-02	864901.000000	0.000000e+00
9.116063e+00	1.197536e+01	1.289497e-02	862455.000000	0.000000e+00
9.140573e+00	1.189045e+01	1.272247e-02	873481.000000	0.000000e+00
9.165140e+00	1.187607e+01	1.268995e-02	875841.000000	0.000000e+00
9.189653e+00	1.178498e+01	1.257177e-02	878749.000000	0.000000e+00
9.214176e+00	1.171932e+01	1.244691e-02	886507.000000	0.000000e+00
9.238722e+00	1.166749e+01	1.237352e-02	889137.000000	0.000000e+00
9.263252e+00	1.162865e+01	1.229040e-02	895213.000000	0.000000e+00
9.287810e+00	1.155984e+01	1.218065e-02	900663.000000	0.000000e+00
9.312363e+00	1.149987e+01	1.209333e-02	904261.000000	0.000000e+00
9.336898e+00	1.145688e+01	1.201591e-02	909117.000000	0.000000e+00
9.361428e+00	1.141096e+01	1.194268e-02	912937.000000	0.000000e+00
9.385969e+00	1.134405e+01	1.182692e-02	920011.000000	0.000000e+00
9.410496e+00	1.128024e+01	1.175249e-02	921249.000000	0.000000e+00
9.435027e+00	1.123233e+01	1.164723e-02	930025.000000	0.000000e+00
9.459577e+00	1.118081e+01	1.157960e-02	932307.000000	0.000000e+00
9.484080e+00	1.113670e+01	1.151173e-02	935905.000000	0.000000e+00
9.508599e+00	1.107822e+01	1.140287e-02	943869.000000	0.000000e+00
9.533177e+00	1.105359e+01	1.134394e-02	949465.000000	0.000000e+00
9.557740e+00	1.098436e+01	1.125296e-02	952831.000000	0.000000e+00
9.582283e+00	1.094239e+01	1.118161e-02	957669.000000	0.000000e+00
9.606825e+00	1.087532e+01	1.108558e-02	962425.000000	0.000000e+00
9.631356e+00	1.084071e+01	1.102407e-02	967011.000000	0.000000e+00
9.655881e+00	1.078330e+01	1.094129e-02	971329.000000	0.000000e+00
9.680426e+00	1.072889e+01	1.084470e-02	978757.000000	0.000000e+00
9.704942e+00	1.068913e+01	1.080364e-02	978915.000000	0.000000e+00
9.729497e+00	1.062420e+01	1.066925e-02	991573.000000	0.000000e+00
9.754046e+00	1.058834e+01	1.064692e-02	989025.000000	0.000000e+00
9.778535e+00	1.051931e+01	1.054205e-02	995689.000000	0.000000e+00
9.803103e+00	1.048153e+01	1.044811e-02	1006407.000000	0.000000e+00
9.827649e+00	1.044451e+01	1.042733e-02	1003297.000000	0.000000e+00
9.852180e+00	1.039464e+01	1.031463e-02	1015573.000000	0.000000e+00
9.876731e+00	1.035090e+01	1.027335e-02	1015155.000000	0.000000e+00
9.901284e+00	1.029383e+01	1.016690e-02	1025125.000000	0.000000e+00
9.925835e+00	1.024779e+01	1.011600e-02	1026225.000000	0.000000e+00
9.950350e+00	1.019914e+01	1.004274e-02	1031389.000000	0.000000e+00
9.974902e+00	1.016119e+01	9.963601e-03	1040055.000000	0.000000e+00
9.999429e+00	1.012127e+01	9.929568e-03	1038985.000000	0.000000e+00
1.002392e+01	1.006759e+01	9.835867e-03	1047673.000000	0.000000e+00
1.004849e+01	1.005484e+01	9.787089e-03	1055463.000000	0.000000e+00
1.007303e+01	1.000412e+01	9.734469e-03	1056169.000000	0.000000e+00
1.009756e+01	9.950726e+00	9.644581e-03	1064493.000000	0.000000e+00
1.012209e+01	9.910007e+00	9.595609e-03	1066603.000000	0.000000e+00
1.014664e+01	9.874281e+00	9.518003e-03	1076265.000000	0.000000e+00
1.017120e+01	9.828829e+00	9.464892e-03	1078381.000000	0.000000e+00
1.019572e+01	9.782644e+00	9.402803e-03	1082425.000000	0.000000e+00
1.022025e+01	9.757381e+00	9.343926e-03	1090455.000000	0.000000e+00
1.024479e+01	9.720436e+00	9.295776e-03	1093453.000000	0.000000e+00
1.026933e+01	9.667859e+00	9.216530e-03	1100337.000000	0.000000e+00
1.029386e+01	9.628034e+00	9.162300e-03	1104247.000000	0.000000e+00
1.031842e+01	9.590562e+00	9.094159e-03	1112149.000000	0.000000e+00
1.034296e+01	9.565363e+00	9.059242e-03	1114857.000000	0.000000e+00
1.036749e+01	9.535745e+00	9.010299e-03	1120033.000000	0.000000e+00
1.039203e+01	9.492069e+00	8.938715e-03	1127643.000000	0.000000e+00
1.041655e+01	9.461061e+00	8.906774e-03	1128337.000000	0.000000e+00
1.044111e+01	9.414327e+00	8.811032e-03	1141629.000000	0.000000e+00
1.046570e+01	9.375376e+00	8.772602e-03	1142143.000000	0.000000e+00
1.049021e+01	9.329487e+00	8.719250e-03	1144873.000000	0.000000e+00
1.051473e+01	9.297613e+00	8.654396e-03	1154169.000000	0.000000e+00
1.053925e+01	9.273350e+00	8.628635e-03	1155019.000000	0.000000e+00
1.056380e+01	9.235047e+00	8.544565e-03	1168149.000000	0.000000e+00
1.058835e+01	9.208149e+00	8.525183e-03	1166641.000000	0.000000e+00
1.061283e+01	9.157878e+00	8.463608e-03	1170789.000000	0.000000e+00
1.063739e+01	9.134004e+00	8.388202e-03	1185727.000000	0.000000e+00
1.066197e+01	9.099425e+00	8.362308e-03	1184065.000000	0.000000e+00
1.068650e+01	9.081341e+00	8.319732e-03	1191465.000000	0.000000e+00
1.071103e+01	9.031607e+00	8.263654e-03	1194499.000000	0.000000e+00
1.073555e+01	9.005006e+00	8.213809e-03	1201929.000000	0.000000e+00
1.076011e+01	8.981278e+00	8.166429e-03	1209517.000000	0.000000e+00
1.078466e+01	8.952009e+00	8.130034e-03	1212429.000000	0.000000e+00
1.080918e+01	8.917487e+00	8.083820e-03	1216891.000000	0.000000e+00
1.083370e+01	8.879945e+00	8.030627e-03	1222705.000000	0.000000e+00
1.085823e+01	8.855501e+00	7.982566e-03	1230669.000000	0.000000e+00
1.088282e+01	8.814285e+00	7.918058e-03	1239187.000000	0.000000e+00
1.090737e+01	8.802307e+00	7.912005e-03	1237713.000000	0.000000e+00
1.093189e+01	8.754685e+00	7.840619e-03	1246753.000000	0.000000e+00
1.095642e+01	8.734612e+00	7.811709e-03	1250245.000000	0.000000e+00
1.098096e+01	8.714625e+00	7.763263e-03	1260111.000000	0.000000e+00
1.100552e+01	8.685126e+00	7.731360e-03	1261945.000000	0.000000e+00
1.103005e+01	8.646334e+00	7.676428e-03	1268661.000000	0.000000e+00
1.105458e+01	8.624946e+00	7.641129e-03	1274083.000000	0.000000e+00
1.107911e+01	8.598627e+00	7.601927e-03	1279413.000000	0.000000e+00
1.110366e+01	8.575382e+00	7.557726e-03	1287433.000000	0.000000e+00
1.112821e+01	8.549024e+00	7.523686e-03	1291135.000000	0.000000e+00
1.115273e+01	8.515156e+00	7.481127e-03	1295541.000000	0.000000e+00
1.117726e+01	8.501243e+00	7.447675e-03	1302937.000000	0.000000e+00
1.120181e+01	8.471938e+00	7.402981e-03	1309641.000000	0.000000e+00
1.122634e+01	8.447031e+00	7.373457e-03	1312399.000000	0.000000e+00
1.125085e+01	8.448028e+00	7.356384e-03	1318809.000000	0.000000e+00
1.127541e+01	8.398625e+00	7.283657e-03	1329589.000000	0.000000e+00
1.129999e+01	8.386747e+00	7.267537e-03	1331719.000000	0.000000e+00
1.132451e+01	8.371948e+00	7.245182e-03	1335225.000000	0.000000e+00
1.134903e+01	8.344926e+00	7.199015e-03	1343689.000000	0.000000e+00
1.137357e+01	8.330251e+00	7.174395e-03	1348173.000000	0.000000e+00
1.139811e+01	8.313599e+00	7.138709e-03	1356247.000000	0.000000e+00
1.142265e+01	8.283056e+00	7.105565e-03	1358889.000000	0.000000e+00
1.144718e+01	8.274978e+00	7.076972e-03	1367221.000000	0.000000e+00
1.147174e+01	8.247579e+00	7.036008e-03	1374043.000000	0.000000e+00
1.149628e+01	8.225647e+00	7.009065e-03	1377273.000000	0.000000e+00
1.152079e+01	8.215935e+00	6.990311e-03	1381405.000000	0.000000e+00
1.154533e+01	8.185034e+00	6.934918e-03	1393023.000000	0.000000e+00
1.156988e+01	8.168639e+00	6.918857e-03	1393897.000000	0.000000e+00
1.159441e+01	8.161266e+00	6.890344e-03	1402921.000000	0.000000e+00
1.161895e+01	8.128429e+00	6.850950e-03	1407705.000000	0.000000e+00
1.164349e+01	8.117019e+00	6.825646e-03	1414183.000000	0.000000e+00
1.166804e+01	8.102081e+00	6.799621e-03	1419789.000000	0.000000e+00
1.169259e+01	8.087902e+00	6.769740e-03	1427341.000000	0.000000e+00
1.171712e+01	8.082001e+00	6.761160e-03	1428879.000000	0.000000e+00
1.174164e+01	8.036314e+00	6.701003e-03	1438249.000000	0.000000e+00
1.176619e+01	8.050477e+00	6.696268e-03	1445365.000000	0.000000e+00
1.179072e+01	8.019436e+00	6.667553e-03	1446621.000000	0.000000e+00
1.181525e+01	8.008237e+00	6.633475e-03	1457443.000000	0.000000e+00
1.183979e+01	7.992807e+00	6.612501e-03	1461057.000000	0.000000e+00
1.186435e+01	7.984001e+00	6.584983e-03	1470049.000000	0.000000e+00
1.188889e+01	7.978236e+00	6.572717e-03	1473411.000000	0.000000e+00
1.191343e+01	7.965742e+00	6.547992e-03	1479913.000000	0.000000e+00
1.193797e+01	7.967261e+00	6.534079e-03	1486789.000000	0.000000e+00
1.196251e+01	7.942692e+00	6.503226e-03	1491687.000000	0.000000e+00
1.198703e+01	7.932386e+00	6.482965e-03	1497133.000000	0.000000e+00
1.201156e+01	7.920351e+00	6.456058e-03	1505061.000000	0.000000e+00
1.203612e+01	7.920984e+00	6.442838e-03	1511485.000000	0.000000e+00
1.206065e+01	7.900089e+00	6.417437e-03	1515447.000000	0.000000e+00
1.208515e+01	7.900487e+00	6.408510e-03	1519825.000000	0.000000e+00
1.210971e+01	7.885825e+00	6.363467e-03	1535701.000000	0.000000e+00
1.213428e+01	7.884026e+00	6.369581e-03	1532055.000000	0.000000e+00
1.215881e+01	7.870959e+00	6.332203e-03	1545061.000000	0.000000e+00
1.218336e+01	7.859336e+00	6.321731e-03	1545609.000000	0.000000e+00
1.220787e+01	7.866889e+00	6.313868e-03	1552441.000000	0.000000e+00
1.223242e+01	7.862668e+00	6.287401e-03	1563859.000000	0.000000e+00
1.225696e+01	7.858155e+00	6.284366e-03	1563573.000000	0.000000e+00
1.228148e+01	7.857744e+00	6.263943e-03	1573621.000000	0.000000e+00
1.230602e+01	7.856210e+00	6.252664e-03	1578687.000000	0.000000e+00
1.233056e+01	7.850032e+00	6.234071e-03	1585621.000000	0.000000e+00
1.235512e+01	7.849745e+00	6.215041e-03	1595229.000000	0.000000e+00
1.237965e+01	7.839793e+00	6.210846e-03	1593337.000000	0.000000e+00
1.240419e+01	7.839660e+00	6.179003e-03	1609747.000000	0.000000e+00
1.242874e+01	7.840566e+00	6.184741e-03	1607133.000000	0.000000e+00
1.245325e+01	7.844978e+00	6.170661e-03	1616293.000000	0.000000e+00
1.247780e+01	7.838362e+00	6.143983e-03	1627611.000000	0.000000e+00
1.250235e+01	7.850819e+00	6.155953e-03	1626445.000000	0.000000e+00
1.252688e+01	7.852556e+00	6.133565e-03	1639065.000000	0.000000e+00
1.255143e+01	7.858971e+00	6.133776e-03	1641631.000000	0.000000e+00
1.257596e+01	7.859323e+00	6.127563e-03	1645109.500000	0.000000e+00
1.260049e+01	7.829220e+00	6.109397e-03	1642254.000000	0.000000e+00
1.262503e+01	7.806257e+00	6.097276e-03	1639132.000000	0.000000e+00
1.264958e+01	7.784264e+00	6.084216e-03	1636914.000000	0.000000e+00
1.267411e+01	7.759691e+00	6.076584e-03	1630684.000000	0.000000e+00
1.269864e+01	7.727938e+00	6.055362e-03	1628722.000000	0.000000e+00
1.272316e+01	7.701868e+00	6.042917e-03	1624422.000000	0.000000e+00
1.274773e+01	7.690229e+00	6.028503e-03	1627270.000000	0.000000e+00
1.277225e+01	7.665908e+00	6.037571e-03	1612140.000000	0.000000e+00
1.279677e+01	7.642490e+00	6.005290e-03	1619578.000000	0.000000e+00
1.282133e+01	7.628080e+00	6.011751e-03	1610010.000000	0.000000e+00
1.284587e+01	7.602343e+00	5.990176e-03	1610704.000000	0.000000e+00
1.287043e+01	7.577222e+00	5.980494e-03	1605262.000000	0.000000e+00
1.289495e+01	7.557556e+00	5.975968e-03	1599360.000000	0.000000e+00
1.291951e+01	7.547860e+00	5.963508e-03	1601932.000000	0.000000e+00
1.294403e+01	7.521501e+00	5.967596e-03	1588584.000000	0.000000e+00
1.296853e+01	7.508702e+00	5.951693e-03	1591654.000000	0.000000e+00
1.299309e+01	7.473446e+00	5.928641e-03	1589028.000000	0.000000e+00
1.301763e+01	7.452514e+00	5.926502e-03	1581280.000000	0.000000e+00
1.304217e+01	7.431356e+00	5.910114e-03	1581046.000000	0.000000e+00
1.306670e+01	7.425723e+00	5.917047e-03	1574952.000000	0.000000e+00
1.309123e+01	7.416743e+00	5.916459e-03	1571458.000000	0.000000e+00
1.311579e+01	7.391427e+00	5.896744e-03	1571202.000000	0.000000e+00
1.314034e+01	7.380595e+00	5.900716e-03	1564492.000000	0.000000e+00
1.316488e+01	7.355690e+00	5.888099e-03	1560618.000000	0.000000e+00
1.318940e+01	7.325714e+00	5.872920e-03	1555936.000000	0.000000e+00
1.321393e+01	7.324178e+00	5.878596e-03	1552282.000000	0.000000e+00
1.323848e+01	7.290201e+00	5.852203e-03	1551816.000000	0.000000e+00
1.326302e+01	7.278206e+00	5.859583e-03	1542820.000000	0.000000e+00
1.328757e+01	7.261556e+00	5.843096e-03	1544448.000000	0.000000e+00
1.331210e+01	7.245406e+00	5.848629e-03	1534678.000000	0.000000e+00
1.333662e+01	7.209820e+00	5.822556e-03	1533280.000000	0.000000e+00
1.336117e+01	7.203430e+00	5.821574e-03	1531080.000000	0.000000e+00
1.338570e+01	7.182800e+00	5.820069e-03	1523110.000000	0.000000e+00
1.341022e+01	7.166594e+00	5.810506e-03	1521240.000000	0.000000e+00
1.343476e+01	7.149095e+00	5.804650e-03	1516876.000000	0.000000e+00
1.345932e+01	7.131379e+00	5.792691e-03	1515606.000000	0.000000e+00
1.348389e+01	7.120053e+00	5.792135e-03	1511086.000000	0.000000e+00
1.350843e+01	7.088933e+00	5.782972e-03	1502656.000000	0.000000e+00
1.353293e+01	7.082705e+00	5.785446e-03	1498734.000000	0.000000e+00
1.355748e+01	7.064288e+00	5.770811e-03	1498522.000000	0.000000e+00
1.358203e+01	7.047655e+00	5.770357e-03	1491708.000000	0.000000e+00
1.360658e+01	7.033276e+00	5.762693e-03	1489582.000000	0.000000e+00
1.363111e+01	7.020294e+00	5.769227e-03	1480728.000000	0.000000e+00
1.365563e+01	7.008680e+00	5.759979e-03	1480576.000000	0.000000e+00
1.368019e+01	6.988347e+00	5.752425e-03	1475866.000000	0.000000e+00
1.370473e+01	6.976349e+00	5.754888e-03	1469544.000000	0.000000e+00
1.372924e+01	6.952575e+00	5.746425e-03	1463848.000000	0.000000e+00
1.375380e+01	6.942621e+00	5.731783e-03	1467126.000000	0.000000e+00
1.377836e+01	6.936027e+00	5.751009e-03	1454566.000000	0.000000e+00
1.380287e+01	6.910141e+00	5.735376e-03	1451610.000000	0.000000e+00
1.382737e+01	6.890612e+00	5.730611e-03	1445818.000000	0.000000e+00
1.385191e+01	6.884390e+00	5.725045e-03	1446016.000000	0.000000e+00
1.387648e+01	6.873329e+00	5.727118e-03	1440330.000000	0.000000e+00
1.390103e+01	6.851449e+00	5.717005e-03	1436242.000000	0.000000e+00
1.392557e+01	6.838809e+00	5.722950e-03	1427976.000000	0.000000e+00
1.395012e+01	6.830550e+00	5.714171e-03	1428910.000000	0.000000e+00
1.397464e+01	6.825028e+00	5.736704e-03	1415416.000000	0.000000e+00
1.399917e+01	6.790495e+00	5.697201e-03	1420626.000000	0.000000e+00
1.402372e+01	6.798126e+00	5.728131e-03	1408486.000000	0.000000e+00
1.404824e+01	6.779558e+00	5.715428e-03	1407036.000000	0.000000e+00
1.407278e+01	6.764805e+00	5.712357e-03	1402426.000000	0.000000e+00
1.409731e+01	6.750111e+00	5.714338e-03	1395372.000000	0.000000e+00
1.412183e+01	6.738317e+00	5.710155e-03	1392538.000000	0.000000e+00
1.414639e+01	6.724490e+00	5.702961e-03	1390330.000000	0.000000e+00
1.417094e+01	6.717088e+00	5.716909e-03	1380510.000000	0.000000e+00
1.419546e+01	6.699566e+00	5.704716e-03	1379194.000000	0.000000e+00
1.422001e+01	6.687783e+00	5.708765e-03	1372398.000000	0.000000e+00
1.424455e+01	6.676720e+00	5.706065e-03	1369156.000000	0.000000e+00
1.426908e+01	6.673495e+00	5.720691e-03	1360848.000000	0.000000e+00
1.429362e+01	6.657838e+00	5.707110e-03	1360924.000000	0.000000e+00
1.431818e+01	6.647270e+00	5.715820e-03	1352476.000000	0.000000e+00
1.434273e+01	6.641707e+00	5.716982e-03	1349664.000000	0.000000e+00
1.436724e+01	6.635921e+00	5.735153e-03	1338790.000000	0.000000e+00
1.439177e+01	6.626717e+00	5.720085e-03	1342122.000000	0.000000e+00
1.441633e+01	6.609056e+00	5.728182e-03	1331206.000000	0.000000e+00
1.444087e+01	6.594515e+00	5.720269e-03	1329024.000000	0.000000e+00
1.446541e+01	6.595897e+00	5.736903e-03	1321882.000000	0.000000e+00
1.448996e+01	6.579172e+00	5.727871e-03	1319338.000000	0.000000e+00
1.451448e+01	6.570129e+00	5.742760e-03	1308900.000000	0.000000e+00
1.453902e+01	6.564921e+00	5.735531e-03	1310122.000000	0.000000e+00
1.456356e+01	6.544729e+00	5.740367e-03	1299882.000000	0.000000e+00
1.458809e+01	6.547668e+00	5.750826e-03	1296322.000000	0.000000e+00
1.461262e+01	6.533343e+00	5.747522e-03	1292140.000000	0.000000e+00
1.463716e+01	6.522032e+00	5.754816e-03	1284408.000000	0.000000e+00
1.466171e+01	6.518244e+00	5.754260e-03	1283164.000000	0.000000e+00
1.468625e+01	6.509722e+00	5.768392e-03	1273548.000000	0.000000e+00
1.471078e+01	6.507904e+00	5.775145e-03	1269862.000000	0.000000e+00
1.473534e+01	6.490048e+00	5.765687e-03	1267050.000000	0.000000e+00
1.475987e+01	6.483902e+00	5.786873e-03	1255408.000000	0.000000e+00
1.478439e+01	6.479359e+00	5.782695e-03	1255462.000000	0.000000e+00
1.480894e+01	6.474914e+00	5.798767e-03	1246800.000000	0.000000e+00
1.483348e+01	6.452827e+00	5.784783e-03	1244302.000000	0.000000e+00
1.485802e+01	6.451677e+00	5.805202e-03	1235124.000000	0.000000e+00
1.488256e+01	6.445334e+00	5.804422e-03	1233028.000000	0.000000e+00
1.490708e+01	6.431481e+00	5.816333e-03	1222710.000000	0.000000e+00
1.493162e+01	6.432913e+00	5.819304e-03	1222006.000000	0.000000e+00
1.495618e+01	6.429325e+00	5.830979e-03	1215760.000000	0.000000e+00
1.498071e+01	6.417901e+00	5.842075e-03	1206846.000000	0.000000e+00
1.500525e+01	6.413187e+00	5.843573e-03	1204456.000000	0.000000e+00
1.502980e+01	6.411024e+00	5.858182e-03	1197648.000000	0.000000e+00
1.505434e+01	6.392813e+00	5.858786e-03	1190608.000000	0.000000e+00
1.507886e+01	6.400152e+00	5.876652e-03	1186098.000000	0.000000e+00
1.510342e+01	6.395291e+00	5.884337e-03	1181206.000000	0.000000e+00
1.512796e+01	6.370972e+00	5.883172e-03	1172704.000000	0.000000e+00
1.515246e+01	6.383719e+00	5.908268e-03	1167420.000000	0.000000e+00
1.517700e+01	6.369946e+00	5.906114e-03	1163236.000000	0.000000e+00
1.520157e+01	6.368813e+00	5.915381e-03	1159182.000000	0.000000e+00
1.522611e+01	6.360454e+00	5.937384e-03	1147588.000000	0.000000e+00
1.525063e+01	6.366219e+00	5.946217e-03	1146256.000000	0.000000e+00
1.527518e+01	6.349613e+00	5.952223e-03	1137984.000000	0.000000e+00
1.529972e+01	6.352546e+00	5.967987e-03	1133026.000000	0.000000e+00
1.532424e+01	6.351209e+00	5.986876e-03	1125414.000000	0.000000e+00
1.534877e+01	6.342452e+00	5.990311e-03	1121026.000000	0.000000e+00
1.537332e+01	6.344010e+00	6.007003e-03	1115352.000000	0.000000e+00
1.539786e+01	6.329004e+00	6.013279e-03	1107766.000000	0.000000e+00
1.542240e+01	6.339092e+00	6.034182e-03	1103614.000000	0.000000e+00
1.544694e+01	6.340236e+00	6.058084e-03	1095318.000000	0.000000e+00
1.547149e+01	6.331948e+00	6.062104e-03	1091008.000000	0.000000e+00
1.549603e+01	6.333894e+00	6.083330e-03	1084074.000000	0.000000e+00
1.552054e+01	6.328743e+00	6.106368e-03	1074160.000000	0.000000e+00
1.554506e+01	6.333285e+00	6.113358e-03	1073244.000000	0.000000e+00
1.556963e+01	6.324480e+00	6.123964e-03	1066558.000000	0.000000e+00
1.559418e+01	6.314877e+00	6.139566e-03	1057924.000000	0.000000e+00
1.561873e+01	6.315572e+00	6.151515e-03	1054050.000000	0.000000e+00
1.564327e+01	6.328435e+00	6.192794e-03	1044286.000000	0.000000e+00
1.566780e+01	6.322660e+00	6.195097e-03	1041606.000000	0.000000e+00
1.569233e+01	6.324464e+00	6.229267e-03	1030798.000000	0.000000e+00
1.571685e+01	6.325363e+00	6.239985e-03	1027552.000000	0.000000e+00
1.574141e+01	6.315554e+00	6.249233e-03	1021338.000000	0.000000e+00
1.576595e+01	6.310527e+00	6.268858e-03	1013338.000000	0.000000e+00
1.579049e+01	6.328433e+00	6.302689e-03	1008186.000000	0.000000e+00
1.581502e+01	6.312873e+00	6.314787e-03	999394.000000	0.000000e+00
1.583955e+01	6.332745e+00	6.349600e-03	994698.000000	0.000000e+00
1.586407e+01	6.324941e+00	6.366251e-03	987064.000000	0.000000e+00
1.588861e+01	6.322403e+00	6.383185e-03	981046.000000	0.000000e+00
1.591315e+01	6.328859e+00	6.408242e-03	975378.000000	0.000000e+00
1.593770e+01	6.321105e+00	6.424590e-03	968044.000000	0.000000e+00
1.596225e+01	6.338225e+00	6.463916e-03	961488.000000	0.000000e+00
1.598677e+01	6.346529e+00	6.500155e-03	953290.000000	0.000000e+00
1.601131e+01	6.353819e+00	6.522080e-03	949068.000000	0.000000e+00
1.603586e+01	6.337532e+00	6.533309e-03	940966.000000	0.000000e+00
1.606040e+01	6.352854e+00	6.573355e-03	934036.000000	0.000000e+00
1.608493e+01	6.353089e+00	6.596235e-03	927636.000000	0.000000e+00
1.610947e+01	6.359662e+00	6.631112e-03	919804.000000	0.000000e+00
1.613400e+01	6.370530e+00	6.663552e-03	913986.000000	0.000000e+00
1.615854e+01	6.367413e+00	6.683815e-03	907564.000000	0.000000e+00
1.618310e+01	6.375421e+00	6.718492e-03	900480.000000	0.000000e+00
1.620765e+01	6.386747e+00	6.757006e-03	893410.000000	0.000000e+00
1.623216e+01	6.384198e+00	6.792530e-03	883384.000000	0.000000e+00
1.625669e+01	6.383347e+00	6.800885e-03	880980.000000	0.000000e+00
1.628123e+01	6.401374e+00	6.858107e-03	871240.000000	0.000000e+00
1.630580e+01	6.396171e+00	6.867605e-03	867420.000000	0.000000e+00
1.633036e+01	6.410951e+00	6.923104e-03	857518.000000	0.000000e+00
1.635486e+01	6.422222e+00	6.971490e-03	848632.000000	0.000000e+00
1.637939e+01	6.426081e+00	6.988132e-03	845610.000000	0.000000e+00
1.640395e+01	6.432733e+00	7.034087e-03	836326.000000	0.000000e+00
1.642848e+01	6.437851e+00	7.069433e-03	829302.000000	0.000000e+00
1.645298e+01	6.452720e+00	7.123753e-03	820480.000000	0.000000e+00
1.647753e+01	6.449917e+00	7.135719e-03	817020.000000	0.000000e+00
1.650209e+01	6.450581e+00	7.174526e-03	808372.000000	0.000000e+00
1.652660e+01	6.464735e+00	7.235576e-03	798280.000000	0.000000e+00
1.655114e+01	6.485101e+00	7.270393e-03	795642.000000	0.000000e+00
1.657571e+01	6.470066e+00	7.296676e-03	786262.000000	0.000000e+00
1.660025e+01	6.489782e+00	7.358257e-03	777876.000000	0.000000e+00
1.662478e+01	6.506762e+00	7.403519e-03	772420.000000	0.000000e+00
1.664931e+01	6.500808e+00	7.445065e-03	762426.000000	0.000000e+00
1.667386e+01	6.532064e+00	7.498388e-03	758866.000000	0.000000e+00
1.669842e+01	6.541679e+00	7.562347e-03	748282.000000	0.000000e+00
1.672293e+01	6.536808e+00	7.594555e-03	740844.000000	0.000000e+00
1.674748e+01	6.550537e+00	7.635820e-03	735940.000000	0.000000e+00
1.677204e+01	6.555752e+00	7.694799e-03	725856.000000	0.000000e+00
1.679655e+01	6.577443e+00	7.758912e-03	718642.000000	0.000000e+00
1.682107e+01	6.581195e+00	7.801754e-03	711582.000000	0.000000e+00
1.684563e+01	6.602038e+00	7.864196e-03	704770.000000	0.000000e+00
1.687018e+01	6.607858e+00	7.915561e-03	696880.000000	0.000000e+00
1.689472e+01	6.615865e+00	7.976748e-03	687894.000000	0.000000e+00
1.691924e+01	6.633432e+00	8.033722e-03	681778.000000	0.000000e+00
1.694378e+01	6.642855e+00	8.100380e-03	672510.000000	0.000000e+00
1.696830e+01	6.655089e+00	8.155758e-03	665854.000000	0.000000e+00
1.699283e+01	6.658548e+00	8.210949e-03	657616.000000	0.000000e+00
1.701740e+01	6.667121e+00	8.258246e-03	651780.000000	0.000000e+00
1.704195e+01	6.677994e+00	8.334259e-03	642034.000000	0.000000e+00
1.706646e+01	6.689492e+00	8.407734e-03	633036.000000	0.000000e+00
1.709097e+01	6.720181e+00	8.481967e-03	627724.000000	0.000000e+00
1.711553e+01	6.725176e+00	8.546250e-03	619236.000000	0.000000e+00
1.714008e+01	6.735763e+00	8.618541e-03	610810.000000	0.000000e+00
1.716463e+01	6.737924e+00	8.664308e-03	604762.000000	0.000000e+00
1.718918e+01	6.746577e+00	8.755484e-03	593754.000000	0.000000e+00
1.721369e+01	6.781703e+00	8.845894e-03	587752.000000	0.000000e+00
1.723823e+01	6.754533e+00	8.878356e-03	578796.000000	0.000000e+00
1.726278e+01	6.791426e+00	8.980272e-03	571930.000000	0.000000e+00
1.728731e+01	6.761513e+00	9.011699e-03	562956.000000	0.000000e+00
1.731188e+01	6.803685e+00	9.123222e-03	556150.000000	0.000000e+00
1.733641e+01	6.798744e+00	9.198131e-03	546334.000000	0.000000e+00
1.736091e+01	6.802882e+00	9.278243e-03	537594.000000	0.000000e+00
1.738543e+01	6.825993e+00	9.355417e-03	532360.000000	0.000000e+00
1.741000e+01	6.820495e+00	9.440296e-03	521988.000000	0.000000e+00
1.743456e+01	6.852259e+00	9.540095e-03	515896.000000	0.000000e+00
1.745909e+01	6.824548e+00	9.600486e-03	505314.000000	0.000000e+00
1.748363e+01	6.832161e+00	9.675128e-03	498658.000000	0.000000e+00
1.750818e+01	6.814281e+00	9.734032e-03	490066.000000	0.000000e+00
1.753269e+01	6.830596e+00	9.859425e-03	479970.000000	0.000000e+00
1.755722e+01	6.835114e+00	9.923318e-03	474436.000000	0.000000e+00
1.758176e+01	6.818663e+00	1.001036e-02	463980.000000	0.000000e+00
1.760629e+01	6.816259e+00	1.008534e-02	456784.000000	0.000000e+00
1.763083e+01	6.844525e+00	1.022179e-02	448366.000000	0.000000e+00
1.765539e+01	6.795776e+00	1.024616e-02	439902.000000	0.000000e+00
1.767993e+01	6.795990e+00	1.034986e-02	431158.000000	0.000000e+00
1.770446e+01	6.804308e+00	1.046472e-02	422778.000000	0.000000e+00
1.772897e+01	6.784784e+00	1.055004e-02	413584.000000	0.000000e+00
1.775351e+01	6.751408e+00	1.058938e-02	406488.000000	0.000000e+00
1.777808e+01	6.714739e+00	1.064686e-02	397754.500000	0.000000e+00
1.780261e+01	6.714320e+00	1.076327e-02	389149.000000	0.000000e+00
1.782713e+01	6.721133e+00	1.087174e-02	382197.000000	0.000000e+00
1.785169e+01	6.691732e+00	1.091841e-02	375628.000000	0.000000e+00
1.787623e+01	6.702180e+00	1.105194e-02	367752.000000	0.000000e+00
1.790076e+01	6.694838e+00	1.112846e-02	361918.000000	0.000000e+00
1.792530e+01	6.674095e+00	1.119944e-02	355134.000000	0.000000e+00
1.794985e+01	6.680113e+00	1.131302e-02	348667.000000	0.000000e+00
1.797440e+01	6.696118e+00	1.143417e-02	342955.000000	0.000000e+00
1.799891e+01	6.675680e+00	1.152137e-02	335724.000000	0.000000e+00
1.802344e+01	6.674346e+00	1.160035e-02	331036.000000	0.000000e+00
1.804802e+01	6.689994e+00	1.172731e-02	325428.000000	0.000000e+00
1.807255e+01	6.680075e+00	1.184118e-02	318253.000000	0.000000e+00
1.809707e+01	6.678949e+00	1.191839e-02	314037.000000	0.000000e+00
1.812164e+01	6.704556e+00	1.207785e-02	308149.000000	0.000000e+00
1.814617e+01	6.667687e+00	1.212794e-02	302257.000000	0.000000e+00
1.817068e+01	6.702905e+00	1.229700e-02	297117.000000	0.000000e+00
1.819523e+01	6.716636e+00	1.241599e-02	292645.000000	0.000000e+00
1.821979e+01	6.717792e+00	1.253865e-02	287046.000000	0.000000e+00
1.824431e+01	6.727514e+00	1.268374e-02	281329.000000	0.000000e+00
1.826883e+01	6.700542e+00	1.272419e-02	277306.000000	0.000000e+00
1.829337e+01	6.727125e+00	1.289389e-02	272202.000000	0.000000e+00
1.831793e+01	6.751411e+00	1.304835e-02	267718.000000	0.000000e+00
1.834250e+01	6.750142e+00	1.316297e-02	262977.000000	0.000000e+00
1.836701e+01	6.746502e+00	1.330614e-02	257071.000000	0.000000e+00
1.839152e+01	6.729878e+00	1.336003e-02	253746.000000	0.000000e+00
1.841609e+01	6.743677e+00	1.350763e-02	249250.000000	0.000000e+00
1.844064e+01	6.777232e+00	1.371522e-02	244174.000000	0.000000e+00
1.846515e+01	6.759445e+00	1.379507e-02	240090.000000	0.000000e+00
1.848971e+01	6.739668e+00	1.387342e-02	235999.000000	0.000000e+00
1.851428e+01	6.781023e+00	1.408483e-02	231786.000000	0.000000e+00
1.853881e+01	6.781189e+00	1.423104e-02	227059.000000	0.000000e+00
1.856328e+01	6.793255e+00	1.440562e-02	222378.000000	0.000000e+00
1.858784e+01	6.810065e+00	1.451268e-02	220195.000000	0.000000e+00
1.861244e+01	6.829774e+00	1.472940e-02	215002.000000	0.000000e+00
1.863693e+01	6.833207e+00	1.489225e-02	210537.000000	0.000000e+00
1.866143e+01	6.834560e+00	1.501209e-02	207271.000000	0.000000e+00
1.868601e+01	6.823122e+00	1.511142e-02	203871.000000	0.000000e+00
1.871055e+01	6.858232e+00	1.536400e-02	199258.000000	0.000000e+00
1.873503e+01	6.902898e+00	1.561873e-02	195331.000000	0.000000e+00
1.875958e+01	6.853925e+00	1.560376e-02	192939.000000	0.000000e+00
1.878417e+01	6.905193e+00	1.590894e-02	188395.000000	0.000000e+00
1.880870e+01	6.917954e+00	1.608465e-02	184983.000000	0.000000e+00
1.883322e+01	6.890412e+00	1.618614e-02	181219.000000	0.000000e+00
1.885775e+01	6.932096e+00	1.643623e-02	177879.000000	0.000000e+00
1.888231e+01	6.936928e+00	1.659994e-02	174631.000000	0.000000e+00
1.890684e+01	6.958280e+00	1.683186e-02	170899.000000	0.000000e+00
1.893134e+01	6.975128e+00	1.704544e-02	167451.000000	0.000000e+00
1.895590e+01	6.970055e+00	1.716559e-02	164875.000000	0.000000e+00
1.898046e+01	7.026516e+00	1.751911e-02	160863.000000	0.000000e+00
1.900495e+01	7.037703e+00	1.772772e-02	157600.000000	0.000000e+00
1.902946e+01	7.001081e+00	1.779132e-02	154851.000000	0.000000e+00
1.905406e+01	7.092697e+00	1.818527e-02	152119.000000	0.000000e+00
1.907863e+01	7.083760e+00	1.838784e-02	148411.000000	0.000000e+00
1.910311e+01	7.105504e+00	1.866370e-02	144942.000000	0.000000e+00
1.912765e+01	7.098445e+00	1.876983e-02	143023.000000	0.000000e+00
1.915226e+01	7.157043e+00	1.915134e-02	139659.000000	0.000000e+00
1.917678e+01	7.184290e+00	1.946397e-02	136240.000000	0.000000e+00
1.920124e+01	7.234040e+00	1.980487e-02	133419.000000	0.000000e+00
1.922581e+01	7.179106e+00	1.980528e-02	131395.000000	0.000000e+00
1.925040e+01	7.250204e+00	2.027096e-02	127924.000000	0.000000e+00
1.927489e+01	7.245968e+00	2.049314e-02	125019.000000	0.000000e+00
1.929941e+01	7.263779e+00	2.073234e-02	122752.000000	0.000000e+00
1.932402e+01	7.330833e+00	2.113352e-02	120327.000000	0.000000e+00
1.934855e+01	7.347824e+00	2.151210e-02	116668.000000	0.000000e+00
1.937298e+01	7.379057e+00	2.183354e-02	114223.000000	0.000000e+00
1.939755e+01	7.365396e+00	2.193102e-02	112791.000000	0.000000e+00
1.942217e+01	7.406498e+00	2.240160e-02	109312.000000	0.000000e+00
1.944667e+01	7.424374e+00	2.270546e-02	106920.000000	0.000000e+00
1.947113e+01	7.479294e+00	2.319175e-02	104005.000000	0.000000e+00
1.949570e+01	7.450571e+00	2.323724e-02	102804.000000	0.000000e+00
1.952032e+01	7.486033e+00	2.371671e-02	99631.000000	0.000000e+00
1.954482e+01	7.543294e+00	2.420659e-02	97108.000000	0.000000e+00
1.956930e+01	7.608446e+00	2.469351e-02	94935.000000	0.000000e+00
1.959391e+01	7.619388e+00	2.496510e-02	93148.000000	0.000000e+00
1.961850e+01	7.636531e+00	2.540603e-02	90348.000000	0.000000e+00
1.964294e+01	7.637741e+00	2.579038e-02	87703.000000	0.000000e+00
1.966740e+01	7.721348e+00	2.631795e-02	86076.000000	0.000000e+00
1.969204e+01	7.729360e+00	2.660555e-02	84400.000000	0.000000e+00
1.971660e+01	7.780676e+00	2.728282e-02	81331.000000	0.000000e+00
1.974103e+01	7.798447e+00	2.766660e-02	79452.000000	0.000000e+00
1.976563e+01	7.892069e+00	2.822920e-02	78160.000000	0.000000e+00
1.979032e+01	7.889581e+00	2.866571e-02	75750.000000	0.000000e+00
1.981482e+01	7.972735e+00	2.947875e-02	73147.000000	0.000000e+00
1.983914e+01	7.961360e+00	2.991809e-02	70812.000000	0.000000e+00
1.986374e+01	8.019755e+00	3.017506e-02	70636.000000	0.000000e+00
1.988844e+01	7.978600e+00	3.069237e-02	67576.000000	0.000000e+00
1.991292e+01	8.021753e+00	3.128941e-02	65727.000000	0.000000e+00
1.993736e+01	8.155205e+00	3.230297e-02	63736.000000	0.000000e+00
1.996197e+01	8.137794e+00	3.250233e-02	62688.000000	0.000000e+00
1.998658e+01	8.181631e+00	3.333366e-02	60244.000000	0.000000e+00
2.001095e+01	8.215222e+00	3.409070e-02	58072.000000	0.000000e+00
2.003547e+01	8.329611e+00	3.475290e-02	57447.000000	0.000000e+00
2.006019e+01	8.400867e+00	3.569509e-02	55390.000000	0.000000e+00
2.008472e+01	8.415762e+00	3.643085e-02	53364.000000	0.000000e+00
2.010903e+01	8.441800e+00	3.728309e-02	51268.000000	0.000000e+00
2.013363e+01	8.504768e+00	3.760669e-02	51144.000000	0.000000e+00
2.015842e+01	8.589484e+00	3.889393e-02	48772.000000	0.000000e+00
2.018288e+01	8.654107e+00	3.999166e-02	46828.000000	0.000000e+00
2.020721e+01	8.676980e+00	4.073565e-02	45372.000000	0.000000e+00
2.023181e+01	8.709126e+00	4.126714e-02	44539.000000	0.000000e+00
2.025650e+01	8.741800e+00	4.229463e-02	42720.000000	0.000000e+00
2.028095e+01	8.866472e+00	4.382260e-02	40936.000000	0.000000e+00
2.030542e+01	8.892250e+00	4.447348e-02	39978.000000	0.000000e+00
2.033011e+01	8.988727e+00	4.574668e-02	38608.000000	0.000000e+00
2.035466e+01	8.969958e+00	4.670080e-02	36892.000000	0.000000e+00
2.037892e+01	9.052581e+00	4.824494e-02	35208.000000	0.000000e+00
2.040348e+01	9.078644e+00	4.851353e-02	35020.000000	0.000000e+00
2.042837e+01	9.135195e+00	5.000653e-02	33372.000000	0.000000e+00
2.045281e+01	9.233443e+00	5.209075e-02	31420.000000	0.000000e+00
2.047697e+01	9.396682e+00	5.393982e-02	30348.000000	0.000000e+00
2.050165e+01	9.437016e+00	5.444835e-02	30040.000000	0.000000e+00
2.052659e+01	9.359338e+00	5.541272e-02	28528.000000	0.000000e+00
2.055100e+01	9.483885e+00	5.812540e-02	26622.000000	0.000000e+00
2.057510e+01	9.542195e+00	5.943015e-02	25780.000000	0.000000e+00
2.059985e+01	9.778331e+00	6.129200e-02	25452.000000	0.000000e+00
2.062477e+01	9.681550e+00	6.252019e-02	23980.000000	0.000000e+00
2.064904e+01	9.882426e+00	6.632053e-02	22204.000000	0.000000e+00
2.067328e+01	9.899239e+00	6.685623e-02	21924.000000	0.000000e+00
2.069813e+01	1.000379e+01	6.894739e-02	21052.000000	0.000000e+00
2.072282e+01	1.017420e+01	7.243669e-02	19728.000000	0.000000e+00
2.074689e+01	1.013765e+01	7.490694e-02	18316.000000	0.000000e+00
2.077148e+01	1.037356e+01	7.622260e-02	18522.000000	0.000000e+00
2.079650e+01	1.041638e+01	7.975869e-02	17056.000000	0.000000e+00
2.082086e+01	1.032642e+01	8.189129e-02	15901.000000	0.000000e+00
2.084494e+01	1.056559e+01	8.589060e-02	15132.000000	0.000000e+00
2.086988e+01	1.072234e+01	8.750090e-02	15016.000000	0.000000e+00
2.089484e+01	1.073182e+01	9.216024e-02	13560.000000	0.000000e+00
2.091874e+01	1.072210e+01	9.614787e-02	12436.000000	0.000000e+00
2.094286e+01	1.100910e+01	9.921731e-02	12312.000000	0.000000e+00
2.096835e+01	1.105892e+01	1.008865e-01	12016.000000	0.000000e+00
2.099333e+01	1.128383e+01	1.105727e-01	10414.000000	0.000000e+00
2.101635e+01	1.135601e+01	1.179086e-01	9276.000000	0.000000e+00
2.104066e+01	1.152773e+01	1.155027e-01	9961.000000	0.000000e+00
2.106684e+01	1.157135e+01	1.204565e-01	9228.000000	0.000000e+00
2.109169e+01	1.167887e+01	1.328173e-01	7732.000000	0.000000e+00
2.111385e+01	1.187253e+01	1.444437e-01	6756.000000	0.000000e+00
2.113864e+01	1.184505e+01	1.344987e-01	7756.000000	0.000000e+00
2.116547e+01	1.219788e+01	1.477040e-01	6820.000000	0.000000e+00
2.118998e+01	1.240716e+01	1.695005e-01	5358.000000	0.000000e+00
2.121167e+01	1.253767e+01	1.774337e-01	4993.000000	0.000000e+00
2.123701e+01	1.245628e+01	1.676559e-01	5520.000000	0.000000e+00
2.126409e+01	1.270428e+01	1.835235e-01	4792.000000	0.000000e+00
2.128812e+01	1.309815e+01	2.234516e-01	3436.000000	0.000000e+00
2.130920e+01	1.304006e+01	2.210496e-01	3480.000000	0.000000e+00
2.133536e+01	1.318692e+01	2.161790e-01	3721.000000	0.000000e+00
2.136298e+01	1.333095e+01	2.382047e-01	3132.000000	0.000000e+00
2.138535e+01	1.351097e+01	3.207819e-01	1774.000000	0.000000e+00
2.140616e+01	1.355648e+01	2.760313e-01	2412.000000	0.000000e+00
2.143360e+01	1.396977e+01	2.970276e-01	2212.000000	0.000000e+00
2.146162e+01	1.420700e+01	3.314728e-01	1837.000000	0.000000e+00
2.148292e+01	1.418229e+01	4.964796e-01	816.000000	0.000000e+00
2.150387e+01	1.456303e+01	3.931649e-01	1372.000000	0.000000e+00
2.153200e+01	1.509130e+01	4.566835e-01	1092.000000	0.000000e+00
2.156014e+01	1.598169e+01	5.501126e-01	844.000000	0.000000e+00
2.158178e+01	1.530387e+01	8.311920e-01	339.000000	0.000000e+00
2.160234e+01	1.540939e+01	6.680818e-01	532.000000	0.000000e+00
2.163046e+01	1.626455e+01	8.524940e-01	364.000000	0.000000e+00
2.165853e+01	1.620252e+01	1.073038e+00	228.000000	0.000000e+00
2.168066e+01	1.821865e+01	2.132332e+00	73.000000	0.000000e+00
2.170037e+01	1.915102e+01	2.089548e+00	84.000000	0.000000e+00
2.172766e+01	1.136817e+01	2.148382e+00	28.000000	0.000000e+00
2.175143e+01	2.515633e+01	1.452402e+01	3.000000	0.000000e+00
