# [<k> (h/Mpc)]	[<P_0(k)> (Mpc/h)^3]	[ErrorBar (Mpc/h)^3]	nModes	[<P_2(k)> (Mpc/h)^3]
3.476422e-02	1.499575e+04	4.159072e+03	13.000000	0.000000e+00
5.890282e-02	1.098308e+04	1.911908e+03	33.000000	0.000000e+00
8.378087e-02	6.473962e+03	7.283776e+02	79.000000	0.000000e+00
1.087368e-01	4.976120e+03	4.600424e+02	117.000000	0.000000e+00
1.341836e-01	3.721325e+03	2.599086e+02	205.000000	0.000000e+00
1.581206e-01	2.746508e+03	1.791624e+02	235.000000	0.000000e+00
1.826843e-01	2.127048e+03	1.107297e+02	369.000000	0.000000e+00
2.073525e-01	1.961723e+03	9.427437e+01	433.000000	0.000000e+00
2.322407e-01	1.713032e+03	7.082515e+01	585.000000	0.000000e+00
2.568838e-01	1.444155e+03	5.542158e+01	679.000000	0.000000e+00
2.811185e-01	1.310208e+03	4.595101e+01	813.000000	0.000000e+00
3.057758e-01	1.160515e+03	3.697710e+01	985.000000	0.000000e+00
3.308750e-01	1.120114e+03	3.256642e+01	1183.000000	0.000000e+00
3.553459e-01	1.038504e+03	2.915259e+01	1269.000000	0.000000e+00
3.797184e-01	8.890596e+02	2.267744e+01	1537.000000	0.000000e+00
4.042043e-01	8.663303e+02	2.130822e+01	1653.000000	0.000000e+00
4.287408e-01	7.823067e+02	1.765700e+01	1963.000000	0.000000e+00
4.533372e-01	7.659140e+02	1.663067e+01	2121.000000	0.000000e+00
4.779960e-01	7.191251e+02	1.463948e+01	2413.000000	0.000000e+00
5.026630e-01	6.825501e+02	1.329671e+01	2635.000000	0.000000e+00
5.271488e-01	6.173688e+02	1.150998e+01	2877.000000	0.000000e+00
5.515428e-01	6.012603e+02	1.068074e+01	3169.000000	0.000000e+00
5.762241e-01	5.662284e+02	9.561451e+00	3507.000000	0.000000e+00
6.007286e-01	5.701290e+02	9.391920e+00	3685.000000	0.000000e+00
6.252569e-01	5.416216e+02	8.392445e+00	4165.000000	0.000000e+00
6.499966e-01	5.262176e+02	7.953844e+00	4377.000000	0.000000e+00
6.746858e-01	4.931031e+02	7.076901e+00	4855.000000	0.000000e+00
6.991271e-01	4.861328e+02	6.924294e+00	4929.000000	0.000000e+00
7.235757e-01	4.680769e+02	6.265579e+00	5581.000000	0.000000e+00
7.479714e-01	4.515457e+02	5.991917e+00	5679.000000	0.000000e+00
7.726133e-01	4.406447e+02	5.514525e+00	6385.000000	0.000000e+00
7.972413e-01	4.222403e+02	5.216025e+00	6553.000000	0.000000e+00
8.218513e-01	4.146695e+02	4.912581e+00	7125.000000	0.000000e+00
8.464491e-01	3.976532e+02	4.608014e+00	7447.000000	0.000000e+00
8.709767e-01	3.907023e+02	4.387698e+00	7929.000000	0.000000e+00
8.955547e-01	3.760324e+02	4.114376e+00	8353.000000	0.000000e+00
9.199772e-01	3.677558e+02	3.925870e+00	8775.000000	0.000000e+00
9.444963e-01	3.662257e+02	3.794932e+00	9313.000000	0.000000e+00
9.690846e-01	3.571703e+02	3.600441e+00	9841.000000	0.000000e+00
9.935517e-01	3.492085e+02	3.459206e+00	10191.000000	0.000000e+00
1.018099e+00	3.412835e+02	3.269353e+00	10897.000000	0.000000e+00
1.042679e+00	3.323856e+02	3.126682e+00	11301.000000	0.000000e+00
1.067353e+00	3.233726e+02	2.948904e+00	12025.000000	0.000000e+00
1.092004e+00	3.146700e+02	2.823203e+00	12423.000000	0.000000e+00
1.116549e+00	3.082670e+02	2.701500e+00	13021.000000	0.000000e+00
1.140967e+00	3.044494e+02	2.629552e+00	13405.000000	0.000000e+00
1.165410e+00	2.941981e+02	2.464780e+00	14247.000000	0.000000e+00
1.189942e+00	2.844119e+02	2.349549e+00	14653.000000	0.000000e+00
1.214340e+00	2.837052e+02	2.291151e+00	15333.000000	0.000000e+00
1.238824e+00	2.774131e+02	2.196647e+00	15949.000000	0.000000e+00
1.263616e+00	2.685029e+02	2.055759e+00	17059.000000	0.000000e+00
1.288278e+00	2.644026e+02	2.022115e+00	17097.000000	0.000000e+00
1.312698e+00	2.579218e+02	1.924307e+00	17965.000000	0.000000e+00
1.337129e+00	2.521622e+02	1.852382e+00	18531.000000	0.000000e+00
1.361846e+00	2.498744e+02	1.781684e+00	19669.000000	0.000000e+00
1.386459e+00	2.437739e+02	1.728372e+00	19893.000000	0.000000e+00
1.410760e+00	2.379835e+02	1.662757e+00	20485.000000	0.000000e+00
1.435294e+00	2.378489e+02	1.612729e+00	21751.000000	0.000000e+00
1.459966e+00	2.304570e+02	1.546413e+00	22209.000000	0.000000e+00
1.484553e+00	2.267696e+02	1.493943e+00	23041.000000	0.000000e+00
1.509059e+00	2.241877e+02	1.456532e+00	23691.000000	0.000000e+00
1.533565e+00	2.176664e+02	1.391842e+00	24457.000000	0.000000e+00
1.558284e+00	2.171905e+02	1.352247e+00	25797.000000	0.000000e+00
1.582818e+00	2.125927e+02	1.328004e+00	25627.000000	0.000000e+00
1.607259e+00	2.083810e+02	1.263101e+00	27217.000000	0.000000e+00
1.631809e+00	2.040970e+02	1.229656e+00	27549.000000	0.000000e+00
1.656366e+00	2.000469e+02	1.178521e+00	28813.000000	0.000000e+00
1.680925e+00	1.979559e+02	1.155387e+00	29355.000000	0.000000e+00
1.705257e+00	1.930434e+02	1.116081e+00	29917.000000	0.000000e+00
1.729806e+00	1.904818e+02	1.070646e+00	31653.000000	0.000000e+00
1.754462e+00	1.869954e+02	1.046138e+00	31951.000000	0.000000e+00
1.778992e+00	1.820170e+02	1.001046e+00	33061.000000	0.000000e+00
1.803411e+00	1.792719e+02	9.780520e-01	33597.000000	0.000000e+00
1.827963e+00	1.782108e+02	9.499072e-01	35197.000000	0.000000e+00
1.852647e+00	1.731626e+02	9.148989e-01	35823.000000	0.000000e+00
1.877249e+00	1.715430e+02	8.924248e-01	36949.000000	0.000000e+00
1.901733e+00	1.674773e+02	8.670601e-01	37309.000000	0.000000e+00
1.926241e+00	1.643727e+02	8.315341e-01	39075.000000	0.000000e+00
1.950830e+00	1.623228e+02	8.180506e-01	39373.000000	0.000000e+00
1.975308e+00	1.609245e+02	7.963730e-01	40833.000000	0.000000e+00
1.999729e+00	1.583577e+02	7.801442e-01	41203.000000	0.000000e+00
2.024419e+00	1.542102e+02	7.377801e-01	43689.000000	0.000000e+00
2.049126e+00	1.516870e+02	7.271747e-01	43513.000000	0.000000e+00
2.073508e+00	1.505986e+02	7.144118e-01	44437.000000	0.000000e+00
2.097846e+00	1.482302e+02	6.937637e-01	45651.000000	0.000000e+00
2.122473e+00	1.450695e+02	6.657295e-01	47485.000000	0.000000e+00
2.147106e+00	1.429880e+02	6.529132e-01	47961.000000	0.000000e+00
2.171601e+00	1.409596e+02	6.358376e-01	49147.000000	0.000000e+00
2.196158e+00	1.382571e+02	6.163050e-01	50325.000000	0.000000e+00
2.220735e+00	1.365075e+02	6.006556e-01	51649.000000	0.000000e+00
2.245251e+00	1.347936e+02	5.902415e-01	52153.000000	0.000000e+00
2.269729e+00	1.329324e+02	5.723522e-01	53943.000000	0.000000e+00
2.294271e+00	1.310655e+02	5.604110e-01	54697.000000	0.000000e+00
2.318928e+00	1.283471e+02	5.387935e-01	56745.000000	0.000000e+00
2.343538e+00	1.264883e+02	5.297686e-01	57007.000000	0.000000e+00
2.368026e+00	1.248813e+02	5.164929e-01	58461.000000	0.000000e+00
2.392423e+00	1.215233e+02	5.001296e-01	59041.000000	0.000000e+00
2.416863e+00	1.198348e+02	4.851371e-01	61015.000000	0.000000e+00
2.441509e+00	1.191177e+02	4.759494e-01	62637.000000	0.000000e+00
2.466080e+00	1.169114e+02	4.651626e-01	63169.000000	0.000000e+00
2.490575e+00	1.151353e+02	4.529763e-01	64605.000000	0.000000e+00
2.515186e+00	1.137515e+02	4.411524e-01	66487.000000	0.000000e+00
2.539777e+00	1.125798e+02	4.348268e-01	67033.000000	0.000000e+00
2.564215e+00	1.110678e+02	4.251729e-01	68241.000000	0.000000e+00
2.588707e+00	1.094220e+02	4.136027e-01	69991.000000	0.000000e+00
2.613337e+00	1.074040e+02	4.016541e-01	71505.000000	0.000000e+00
2.637925e+00	1.068807e+02	3.963742e-01	72709.000000	0.000000e+00
2.662420e+00	1.041901e+02	3.843815e-01	73473.000000	0.000000e+00
2.686963e+00	1.026902e+02	3.730787e-01	75763.000000	0.000000e+00
2.711515e+00	1.021925e+02	3.700564e-01	76261.000000	0.000000e+00
2.735982e+00	1.001996e+02	3.588066e-01	77985.000000	0.000000e+00
2.760573e+00	9.888511e+01	3.495876e-01	80011.000000	0.000000e+00
2.785237e+00	9.714904e+01	3.413280e-01	81009.000000	0.000000e+00
2.809671e+00	9.655855e+01	3.380205e-01	81601.000000	0.000000e+00
2.834151e+00	9.470023e+01	3.265894e-01	84081.000000	0.000000e+00
2.858722e+00	9.345539e+01	3.202500e-01	85159.000000	0.000000e+00
2.883250e+00	9.278684e+01	3.151842e-01	86665.000000	0.000000e+00
2.907819e+00	9.097577e+01	3.060868e-01	88341.000000	0.000000e+00
2.932335e+00	9.002395e+01	3.009522e-01	89479.000000	0.000000e+00
2.956914e+00	8.853175e+01	2.926434e-01	91521.000000	0.000000e+00
2.981449e+00	8.724588e+01	2.869790e-01	92425.000000	0.000000e+00
3.005876e+00	8.644365e+01	2.825816e-01	93579.000000	0.000000e+00
3.030403e+00	8.535959e+01	2.750660e-01	96301.000000	0.000000e+00
3.055041e+00	8.401111e+01	2.688345e-01	97657.000000	0.000000e+00
3.079692e+00	8.299943e+01	2.632675e-01	99393.000000	0.000000e+00
3.104241e+00	8.194635e+01	2.588848e-01	100195.000000	0.000000e+00
3.128710e+00	8.123442e+01	2.547184e-01	101709.000000	0.000000e+00
3.153123e+00	8.019242e+01	2.498449e-01	103021.000000	0.000000e+00
3.177619e+00	7.902304e+01	2.431685e-01	105607.000000	0.000000e+00
3.202185e+00	7.842134e+01	2.399553e-01	106809.000000	0.000000e+00
3.226708e+00	7.703351e+01	2.337431e-01	108613.000000	0.000000e+00
3.251321e+00	7.606304e+01	2.285289e-01	110781.000000	0.000000e+00
3.275882e+00	7.500723e+01	2.244850e-01	111643.000000	0.000000e+00
3.300393e+00	7.435037e+01	2.205349e-01	113661.000000	0.000000e+00
3.324955e+00	7.330756e+01	2.159273e-01	115261.000000	0.000000e+00
3.349528e+00	7.268539e+01	2.120676e-01	117475.000000	0.000000e+00
3.374087e+00	7.183118e+01	2.087648e-01	118389.000000	0.000000e+00
3.398541e+00	7.079302e+01	2.043508e-01	120013.000000	0.000000e+00
3.423011e+00	7.002262e+01	2.005572e-01	121899.000000	0.000000e+00
3.447546e+00	6.891876e+01	1.956239e-01	124117.000000	0.000000e+00
3.472176e+00	6.832005e+01	1.919610e-01	126669.000000	0.000000e+00
3.496772e+00	6.752682e+01	1.895139e-01	126961.000000	0.000000e+00
3.521302e+00	6.681870e+01	1.853966e-01	129895.000000	0.000000e+00
3.545845e+00	6.570400e+01	1.819078e-01	130461.000000	0.000000e+00
3.570351e+00	6.540610e+01	1.791303e-01	133321.000000	0.000000e+00
3.594817e+00	6.429963e+01	1.759008e-01	133623.000000	0.000000e+00
3.619340e+00	6.402013e+01	1.727041e-01	137413.000000	0.000000e+00
3.643921e+00	6.308076e+01	1.696596e-01	138241.000000	0.000000e+00
3.668501e+00	6.221835e+01	1.657177e-01	140961.000000	0.000000e+00
3.693083e+00	6.145934e+01	1.629499e-01	142255.000000	0.000000e+00
3.717636e+00	6.047376e+01	1.592711e-01	144165.000000	0.000000e+00
3.742123e+00	6.016288e+01	1.577948e-01	145369.000000	0.000000e+00
3.766623e+00	5.953982e+01	1.546666e-01	148191.000000	0.000000e+00
3.791211e+00	5.890792e+01	1.520018e-01	150193.000000	0.000000e+00
3.815740e+00	5.807110e+01	1.492061e-01	151477.000000	0.000000e+00
3.840250e+00	5.744624e+01	1.465012e-01	153759.000000	0.000000e+00
3.864816e+00	5.717950e+01	1.447137e-01	156121.000000	0.000000e+00
3.889416e+00	5.659485e+01	1.422767e-01	158229.000000	0.000000e+00
3.913984e+00	5.578342e+01	1.396275e-01	159613.000000	0.000000e+00
3.938439e+00	5.491054e+01	1.369127e-01	160851.000000	0.000000e+00
3.962856e+00	5.450884e+01	1.350334e-01	162949.000000	0.000000e+00
3.987408e+00	5.379453e+01	1.316924e-01	166861.000000	0.000000e+00
4.011951e+00	5.333839e+01	1.305421e-01	166947.000000	0.000000e+00
4.036502e+00	5.280904e+01	1.277771e-01	170809.000000	0.000000e+00
4.061101e+00	5.238912e+01	1.263063e-01	172041.000000	0.000000e+00
4.085632e+00	5.180610e+01	1.242638e-01	173809.000000	0.000000e+00
4.110226e+00	5.139133e+01	1.220236e-01	177375.000000	0.000000e+00
4.134760e+00	5.074852e+01	1.206327e-01	176977.000000	0.000000e+00
4.159247e+00	5.028443e+01	1.182496e-01	180829.000000	0.000000e+00
4.183807e+00	4.957733e+01	1.160254e-01	182583.000000	0.000000e+00
4.208321e+00	4.908497e+01	1.143973e-01	184105.000000	0.000000e+00
4.232839e+00	4.863754e+01	1.123856e-01	187293.000000	0.000000e+00
4.257376e+00	4.833299e+01	1.113743e-01	188329.000000	0.000000e+00
4.281944e+00	4.753351e+01	1.083527e-01	192451.000000	0.000000e+00
4.306505e+00	4.717952e+01	1.075084e-01	192585.000000	0.000000e+00
4.331033e+00	4.654605e+01	1.051054e-01	196117.000000	0.000000e+00
4.355617e+00	4.611008e+01	1.035706e-01	198207.000000	0.000000e+00
4.380161e+00	4.577702e+01	1.024638e-01	199597.000000	0.000000e+00
4.404676e+00	4.551306e+01	1.011259e-01	202557.000000	0.000000e+00
4.429249e+00	4.489072e+01	9.918403e-02	204847.000000	0.000000e+00
4.453772e+00	4.464355e+01	9.828018e-02	206341.000000	0.000000e+00
4.478282e+00	4.399418e+01	9.618264e-02	209217.000000	0.000000e+00
4.502777e+00	4.372744e+01	9.530657e-02	210505.000000	0.000000e+00
4.527289e+00	4.336282e+01	9.367150e-02	214299.000000	0.000000e+00
4.551889e+00	4.265942e+01	9.166865e-02	216565.000000	0.000000e+00
4.576426e+00	4.240734e+01	9.086386e-02	217821.000000	0.000000e+00
4.600893e+00	4.192342e+01	8.935363e-02	220135.000000	0.000000e+00
4.625467e+00	4.147266e+01	8.756738e-02	224305.000000	0.000000e+00
4.650035e+00	4.138024e+01	8.725408e-02	224913.000000	0.000000e+00
4.674541e+00	4.082846e+01	8.555515e-02	227737.000000	0.000000e+00
4.699104e+00	4.023085e+01	8.373527e-02	230835.000000	0.000000e+00
4.723670e+00	4.002508e+01	8.295874e-02	232777.000000	0.000000e+00
4.748182e+00	3.970013e+01	8.200319e-02	234381.000000	0.000000e+00
4.772682e+00	3.933831e+01	8.069418e-02	237655.000000	0.000000e+00
4.797203e+00	3.898209e+01	7.968532e-02	239317.000000	0.000000e+00
4.821755e+00	3.861095e+01	7.823985e-02	243537.000000	0.000000e+00
4.846361e+00	3.834913e+01	7.744107e-02	245227.000000	0.000000e+00
4.870915e+00	3.786775e+01	7.615259e-02	247269.000000	0.000000e+00
4.895426e+00	3.761761e+01	7.529170e-02	249625.000000	0.000000e+00
4.919952e+00	3.742094e+01	7.449449e-02	252337.000000	0.000000e+00
4.944496e+00	3.694140e+01	7.310630e-02	255339.000000	0.000000e+00
4.969013e+00	3.655811e+01	7.218877e-02	256465.000000	0.000000e+00
4.993562e+00	3.631837e+01	7.105245e-02	261273.000000	0.000000e+00
5.018138e+00	3.597235e+01	7.024201e-02	262267.000000	0.000000e+00
5.042642e+00	3.564484e+01	6.928437e-02	264681.000000	0.000000e+00
5.067215e+00	3.520747e+01	6.787140e-02	269089.000000	0.000000e+00
5.091775e+00	3.511023e+01	6.765077e-02	269353.000000	0.000000e+00
5.116309e+00	3.482506e+01	6.652562e-02	274035.000000	0.000000e+00
5.140838e+00	3.446082e+01	6.580123e-02	274273.000000	0.000000e+00
5.165333e+00	3.423201e+01	6.486442e-02	278517.000000	0.000000e+00
5.189818e+00	3.397601e+01	6.427305e-02	279439.000000	0.000000e+00
5.214351e+00	3.361078e+01	6.298561e-02	284757.000000	0.000000e+00
5.238947e+00	3.342730e+01	6.246130e-02	286405.000000	0.000000e+00
5.263479e+00	3.304917e+01	6.152764e-02	288523.000000	0.000000e+00
5.288002e+00	3.278653e+01	6.070987e-02	291657.000000	0.000000e+00
5.312546e+00	3.241698e+01	5.974803e-02	294373.000000	0.000000e+00
5.337121e+00	3.228981e+01	5.916774e-02	297825.000000	0.000000e+00
5.361672e+00	3.202614e+01	5.853286e-02	299371.000000	0.000000e+00
5.386196e+00	3.174830e+01	5.771341e-02	302613.000000	0.000000e+00
5.410715e+00	3.151415e+01	5.709751e-02	304633.000000	0.000000e+00
5.435244e+00	3.120729e+01	5.618358e-02	308527.000000	0.000000e+00
5.459823e+00	3.089808e+01	5.537317e-02	311361.000000	0.000000e+00
5.484389e+00	3.072224e+01	5.481737e-02	314101.000000	0.000000e+00
5.508889e+00	3.048458e+01	5.433661e-02	314757.000000	0.000000e+00
5.533464e+00	3.023517e+01	5.327132e-02	322135.000000	0.000000e+00
5.558036e+00	2.999022e+01	5.300538e-02	320125.000000	0.000000e+00
5.582484e+00	2.969087e+01	5.210873e-02	324657.000000	0.000000e+00
5.606956e+00	2.940779e+01	5.147148e-02	326431.000000	0.000000e+00
5.631560e+00	2.925733e+01	5.065424e-02	333609.000000	0.000000e+00
5.656168e+00	2.897325e+01	5.020817e-02	333001.000000	0.000000e+00
5.680698e+00	2.875019e+01	4.954684e-02	336705.000000	0.000000e+00
5.705204e+00	2.854660e+01	4.906951e-02	338443.000000	0.000000e+00
5.729704e+00	2.843849e+01	4.861593e-02	342181.000000	0.000000e+00
5.754232e+00	2.805014e+01	4.774514e-02	345153.000000	0.000000e+00
5.778772e+00	2.781736e+01	4.711296e-02	348619.000000	0.000000e+00
5.803342e+00	2.759368e+01	4.654691e-02	351429.000000	0.000000e+00
5.827902e+00	2.736257e+01	4.594315e-02	354709.000000	0.000000e+00
5.852409e+00	2.723582e+01	4.565920e-02	355815.000000	0.000000e+00
5.876957e+00	2.704329e+01	4.496505e-02	361717.000000	0.000000e+00
5.901534e+00	2.686020e+01	4.459115e-02	362845.000000	0.000000e+00
5.926030e+00	2.662643e+01	4.406146e-02	365181.000000	0.000000e+00
5.950548e+00	2.654169e+01	4.364329e-02	369847.000000	0.000000e+00
5.975137e+00	2.619670e+01	4.288431e-02	373161.000000	0.000000e+00
5.999657e+00	2.597321e+01	4.247728e-02	373885.000000	0.000000e+00
6.024161e+00	2.589797e+01	4.206817e-02	378987.000000	0.000000e+00
6.048714e+00	2.566962e+01	4.157184e-02	381277.000000	0.000000e+00
6.073267e+00	2.551257e+01	4.109179e-02	385477.000000	0.000000e+00
6.097868e+00	2.528449e+01	4.054767e-02	388845.000000	0.000000e+00
6.122369e+00	2.509498e+01	4.025568e-02	388615.000000	0.000000e+00
6.146867e+00	2.488320e+01	3.958776e-02	395085.000000	0.000000e+00
6.171452e+00	2.477915e+01	3.930817e-02	397381.000000	0.000000e+00
6.195974e+00	2.454949e+01	3.882241e-02	399871.000000	0.000000e+00
6.220444e+00	2.436073e+01	3.844601e-02	401493.000000	0.000000e+00
6.244986e+00	2.425568e+01	3.793021e-02	408937.000000	0.000000e+00
6.269588e+00	2.394458e+01	3.740468e-02	409791.000000	0.000000e+00
6.294124e+00	2.379402e+01	3.702404e-02	413017.000000	0.000000e+00
6.318633e+00	2.365328e+01	3.668340e-02	415761.000000	0.000000e+00
6.343202e+00	2.347687e+01	3.618835e-02	420865.000000	0.000000e+00
6.367770e+00	2.332084e+01	3.586688e-02	422767.000000	0.000000e+00
6.392288e+00	2.318157e+01	3.554130e-02	425421.000000	0.000000e+00
6.416837e+00	2.301090e+01	3.506989e-02	430525.000000	0.000000e+00
6.441383e+00	2.283858e+01	3.475830e-02	431739.000000	0.000000e+00
6.465913e+00	2.267530e+01	3.432010e-02	436525.000000	0.000000e+00
6.490433e+00	2.258506e+01	3.411201e-02	438357.000000	0.000000e+00
6.514946e+00	2.232430e+01	3.356446e-02	442381.000000	0.000000e+00
6.539518e+00	2.222144e+01	3.321598e-02	447559.000000	0.000000e+00
6.564059e+00	2.201619e+01	3.290248e-02	447741.000000	0.000000e+00
6.588587e+00	2.192758e+01	3.254865e-02	453853.000000	0.000000e+00
6.613110e+00	2.171651e+01	3.221484e-02	454431.000000	0.000000e+00
6.637622e+00	2.159187e+01	3.183683e-02	459961.000000	0.000000e+00
6.662172e+00	2.139730e+01	3.145406e-02	462769.000000	0.000000e+00
6.686693e+00	2.127384e+01	3.117204e-02	465759.000000	0.000000e+00
6.711227e+00	2.111405e+01	3.079942e-02	469957.000000	0.000000e+00
6.735777e+00	2.094718e+01	3.044208e-02	473481.000000	0.000000e+00
6.760323e+00	2.085901e+01	3.022585e-02	476245.000000	0.000000e+00
6.784855e+00	2.067867e+01	2.983768e-02	480303.000000	0.000000e+00
6.809427e+00	2.059321e+01	2.958315e-02	484573.000000	0.000000e+00
6.833979e+00	2.048289e+01	2.936654e-02	486493.000000	0.000000e+00
6.858503e+00	2.033692e+01	2.903464e-02	490611.000000	0.000000e+00
6.883055e+00	2.020129e+01	2.873409e-02	494269.000000	0.000000e+00
6.907584e+00	2.004670e+01	2.842783e-02	497277.000000	0.000000e+00
6.932134e+00	1.994793e+01	2.816322e-02	501685.000000	0.000000e+00
6.956669e+00	1.974042e+01	2.780244e-02	504135.000000	0.000000e+00
6.981221e+00	1.961806e+01	2.749372e-02	509149.000000	0.000000e+00
7.005753e+00	1.949183e+01	2.727732e-02	510625.000000	0.000000e+00
7.030233e+00	1.933185e+01	2.695285e-02	514443.000000	0.000000e+00
7.054782e+00	1.928683e+01	2.674517e-02	520033.000000	0.000000e+00
7.079343e+00	1.915266e+01	2.648901e-02	522789.000000	0.000000e+00
7.103883e+00	1.898215e+01	2.617272e-02	526009.000000	0.000000e+00
7.128424e+00	1.888179e+01	2.592452e-02	530475.000000	0.000000e+00
7.152965e+00	1.877492e+01	2.571683e-02	532993.000000	0.000000e+00
7.177501e+00	1.860717e+01	2.537929e-02	537529.000000	0.000000e+00
7.202013e+00	1.849907e+01	2.518125e-02	539691.000000	0.000000e+00
7.226577e+00	1.838534e+01	2.486693e-02	546637.000000	0.000000e+00
7.251125e+00	1.829816e+01	2.474177e-02	546957.000000	0.000000e+00
7.275651e+00	1.820965e+01	2.449484e-02	552655.000000	0.000000e+00
7.300226e+00	1.804477e+01	2.418512e-02	556681.000000	0.000000e+00
7.324759e+00	1.796389e+01	2.403745e-02	558501.000000	0.000000e+00
7.349299e+00	1.779428e+01	2.369008e-02	564193.000000	0.000000e+00
7.373825e+00	1.770502e+01	2.354293e-02	565551.000000	0.000000e+00
7.398312e+00	1.757509e+01	2.328218e-02	569833.000000	0.000000e+00
7.422892e+00	1.753303e+01	2.307399e-02	577389.000000	0.000000e+00
7.447442e+00	1.732598e+01	2.282242e-02	576331.000000	0.000000e+00
7.471956e+00	1.726961e+01	2.262054e-02	582853.000000	0.000000e+00
7.496499e+00	1.713915e+01	2.239126e-02	585897.000000	0.000000e+00
7.521014e+00	1.708453e+01	2.226790e-02	588637.000000	0.000000e+00
7.545557e+00	1.695332e+01	2.197377e-02	595251.000000	0.000000e+00
7.570086e+00	1.682544e+01	2.179708e-02	595849.000000	0.000000e+00
7.594613e+00	1.674235e+01	2.157381e-02	602253.000000	0.000000e+00
7.619172e+00	1.659036e+01	2.131417e-02	605863.000000	0.000000e+00
7.643756e+00	1.653990e+01	2.116203e-02	610873.000000	0.000000e+00
7.668263e+00	1.644445e+01	2.104887e-02	610353.000000	0.000000e+00
7.692777e+00	1.636145e+01	2.080244e-02	618607.000000	0.000000e+00
7.717371e+00	1.624867e+01	2.059957e-02	622185.000000	0.000000e+00
7.741929e+00	1.615025e+01	2.042475e-02	625237.000000	0.000000e+00
7.766457e+00	1.604350e+01	2.024460e-02	628029.000000	0.000000e+00
7.790953e+00	1.595546e+01	2.007056e-02	631975.000000	0.000000e+00
7.815489e+00	1.585383e+01	1.985571e-02	637525.000000	0.000000e+00
7.840050e+00	1.575407e+01	1.966488e-02	641805.000000	0.000000e+00
7.864588e+00	1.566085e+01	1.951028e-02	644323.000000	0.000000e+00
7.889126e+00	1.556066e+01	1.930970e-02	649389.000000	0.000000e+00
7.913643e+00	1.547461e+01	1.916870e-02	651709.000000	0.000000e+00
7.938181e+00	1.537484e+01	1.894940e-02	658309.000000	0.000000e+00
7.962760e+00	1.533644e+01	1.884067e-02	662607.000000	0.000000e+00
7.987311e+00	1.520602e+01	1.865752e-02	664237.000000	0.000000e+00
8.011811e+00	1.506624e+01	1.843155e-02	668169.000000	0.000000e+00
8.036325e+00	1.504019e+01	1.832514e-02	673615.000000	0.000000e+00
8.060868e+00	1.491606e+01	1.811974e-02	677649.000000	0.000000e+00
8.085446e+00	1.485983e+01	1.796882e-02	683893.000000	0.000000e+00
8.109989e+00	1.476773e+01	1.785730e-02	683905.000000	0.000000e+00
8.134471e+00	1.469750e+01	1.770846e-02	688851.000000	0.000000e+00
8.159038e+00	1.458066e+01	1.746231e-02	697189.000000	0.000000e+00
8.183598e+00	1.452097e+01	1.740257e-02	696249.000000	0.000000e+00
8.208073e+00	1.445994e+01	1.726574e-02	701395.000000	0.000000e+00
8.232590e+00	1.438663e+01	1.711606e-02	706497.000000	0.000000e+00
8.257144e+00	1.428190e+01	1.692228e-02	712285.000000	0.000000e+00
8.281710e+00	1.417991e+01	1.676174e-02	715663.000000	0.000000e+00
8.306271e+00	1.410200e+01	1.661871e-02	720057.000000	0.000000e+00
8.330826e+00	1.405777e+01	1.651474e-02	724585.000000	0.000000e+00
8.355374e+00	1.395852e+01	1.636799e-02	727257.000000	0.000000e+00
8.379901e+00	1.388003e+01	1.621536e-02	732703.000000	0.000000e+00
8.404418e+00	1.380619e+01	1.610574e-02	734829.000000	0.000000e+00
8.428928e+00	1.370731e+01	1.592701e-02	740689.000000	0.000000e+00
8.453504e+00	1.360884e+01	1.573535e-02	747979.000000	0.000000e+00
8.478051e+00	1.355887e+01	1.568812e-02	746973.000000	0.000000e+00
8.502580e+00	1.349735e+01	1.551985e-02	756349.000000	0.000000e+00
8.527138e+00	1.344092e+01	1.545206e-02	756633.000000	0.000000e+00
8.551634e+00	1.334417e+01	1.529074e-02	761599.000000	0.000000e+00
8.576156e+00	1.327576e+01	1.515698e-02	767173.000000	0.000000e+00
8.600697e+00	1.319828e+01	1.502853e-02	771261.000000	0.000000e+00
8.625259e+00	1.312462e+01	1.488424e-02	777535.000000	0.000000e+00
8.649836e+00	1.304869e+01	1.476874e-02	780633.000000	0.000000e+00
8.674376e+00	1.297769e+01	1.465000e-02	784729.000000	0.000000e+00
8.698927e+00	1.291770e+01	1.453588e-02	789747.000000	0.000000e+00
8.723450e+00	1.285358e+01	1.444411e-02	791893.000000	0.000000e+00
8.747957e+00	1.276006e+01	1.428694e-02	797677.000000	0.000000e+00
8.772521e+00	1.270487e+01	1.416531e-02	804429.000000	0.000000e+00
8.797047e+00	1.261173e+01	1.406054e-02	804535.000000	0.000000e+00
8.821541e+00	1.256766e+01	1.395666e-02	810861.000000	0.000000e+00
8.846076e+00	1.251174e+01	1.384797e-02	816325.000000	0.000000e+00
8.870641e+00	1.246462e+01	1.374478e-02	822399.000000	0.000000e+00
8.895170e+00	1.240700e+01	1.368036e-02	822505.000000	0.000000e+00
8.919713e+00	1.229643e+01	1.347554e-02	832657.000000	0.000000e+00
8.944263e+00	1.225946e+01	1.344145e-02	831861.000000	0.000000e+00
8.968772e+00	1.218968e+01	1.330530e-02	839335.000000	0.000000e+00
8.993334e+00	1.212527e+01	1.319288e-02	844701.000000	0.000000e+00
9.017895e+00	1.206494e+01	1.310212e-02	847945.000000	0.000000e+00
9.042430e+00	1.200894e+01	1.300324e-02	852915.000000	0.000000e+00
9.066970e+00	1.193080e+01	1.288940e-02	856789.000000	0.000000e+00
9.091538e+00	1.190028e+01	1.279599e-02	864901.000000	0.000000e+00
9.116063e+00	1.182122e+01	1.272900e-02	862455.000000	0.000000e+00
9.140573e+00	1.174046e+01	1.256199e-02	873481.000000	0.000000e+00
9.165140e+00	1.172138e+01	1.252467e-02	875841.000000	0.000000e+00
9.189653e+00	1.163398e+01	1.241069e-02	878749.000000	0.000000e+00
9.214176e+00	1.156686e+01	1.228498e-02	886507.000000	0.000000e+00
9.238722e+00	1.151429e+01	1.221105e-02	889137.000000	0.000000e+00
9.263252e+00	1.147357e+01	1.212650e-02	895213.000000	0.000000e+00
9.287810e+00	1.140467e+01	1.201715e-02	900663.000000	0.000000e+00
9.312363e+00	1.134718e+01	1.193276e-02	904261.000000	0.000000e+00
9.336898e+00	1.130147e+01	1.185291e-02	909117.000000	0.000000e+00
9.361428e+00	1.125557e+01	1.178005e-02	912937.000000	0.000000e+00
9.385969e+00	1.119241e+01	1.166882e-02	920011.000000	0.000000e+00
9.410496e+00	1.112315e+01	1.158882e-02	921249.000000	0.000000e+00
9.435027e+00	1.108095e+01	1.149025e-02	930025.000000	0.000000e+00
9.459577e+00	1.102665e+01	1.141995e-02	932307.000000	0.000000e+00
9.484080e+00	1.097756e+01	1.134724e-02	935905.000000	0.000000e+00
9.508599e+00	1.092114e+01	1.124118e-02	943869.000000	0.000000e+00
9.533177e+00	1.089759e+01	1.118384e-02	949465.000000	0.000000e+00
9.557740e+00	1.083300e+01	1.109790e-02	952831.000000	0.000000e+00
9.582283e+00	1.078554e+01	1.102133e-02	957669.000000	0.000000e+00
9.606825e+00	1.071690e+01	1.092411e-02	962425.000000	0.000000e+00
9.631356e+00	1.068476e+01	1.086548e-02	967011.000000	0.000000e+00
9.655881e+00	1.062646e+01	1.078215e-02	971329.000000	0.000000e+00
9.680426e+00	1.057319e+01	1.068732e-02	978757.000000	0.000000e+00
9.704942e+00	1.053102e+01	1.064383e-02	978915.000000	0.000000e+00
9.729497e+00	1.046953e+01	1.051393e-02	991573.000000	0.000000e+00
9.754046e+00	1.043202e+01	1.048974e-02	989025.000000	0.000000e+00
9.778535e+00	1.036216e+01	1.038457e-02	995689.000000	0.000000e+00
9.803103e+00	1.032467e+01	1.029176e-02	1006407.000000	0.000000e+00
9.827649e+00	1.028667e+01	1.026975e-02	1003297.000000	0.000000e+00
9.852180e+00	1.023644e+01	1.015765e-02	1015573.000000	0.000000e+00
9.876731e+00	1.019194e+01	1.011557e-02	1015155.000000	0.000000e+00
9.901284e+00	1.013561e+01	1.001063e-02	1025125.000000	0.000000e+00
9.925835e+00	1.008869e+01	9.958946e-03	1026225.000000	0.000000e+00
9.950350e+00	1.003863e+01	9.884692e-03	1031389.000000	0.000000e+00
9.974902e+00	1.000189e+01	9.807399e-03	1040055.000000	0.000000e+00
9.999429e+00	9.960902e+00	9.772238e-03	1038985.000000	0.000000e+00
1.002392e+01	9.911655e+00	9.683521e-03	1047673.000000	0.000000e+00
1.004849e+01	9.892673e+00	9.629243e-03	1055463.000000	0.000000e+00
1.007303e+01	9.841274e+00	9.576010e-03	1056169.000000	0.000000e+00
1.009756e+01	9.794619e+00	9.493276e-03	1064493.000000	0.000000e+00
1.012209e+01	9.749167e+00	9.439872e-03	1066603.000000	0.000000e+00
1.014664e+01	9.714308e+00	9.363803e-03	1076265.000000	0.000000e+00
1.017120e+01	9.672405e+00	9.314261e-03	1078381.000000	0.000000e+00
1.019572e+01	9.626072e+00	9.252311e-03	1082425.000000	0.000000e+00
1.022025e+01	9.596729e+00	9.190081e-03	1090455.000000	0.000000e+00
1.024479e+01	9.555945e+00	9.138472e-03	1093453.000000	0.000000e+00
1.026933e+01	9.508529e+00	9.064639e-03	1100337.000000	0.000000e+00
1.029386e+01	9.469214e+00	9.011162e-03	1104247.000000	0.000000e+00
1.031842e+01	9.432128e+00	8.943926e-03	1112149.000000	0.000000e+00
1.034296e+01	9.400559e+00	8.903158e-03	1114857.000000	0.000000e+00
1.036749e+01	9.372101e+00	8.855672e-03	1120033.000000	0.000000e+00
1.039203e+01	9.329588e+00	8.785706e-03	1127643.000000	0.000000e+00
1.041655e+01	9.302527e+00	8.757527e-03	1128337.000000	0.000000e+00
1.044111e+01	9.251089e+00	8.658255e-03	1141629.000000	0.000000e+00
1.046570e+01	9.211954e+00	8.619688e-03	1142143.000000	0.000000e+00
1.049021e+01	9.165000e+00	8.565521e-03	1144873.000000	0.000000e+00
1.051473e+01	9.135923e+00	8.503892e-03	1154169.000000	0.000000e+00
1.053925e+01	9.104722e+00	8.471730e-03	1155019.000000	0.000000e+00
1.056380e+01	9.071083e+00	8.392861e-03	1168149.000000	0.000000e+00
1.058835e+01	9.039942e+00	8.369452e-03	1166641.000000	0.000000e+00
1.061283e+01	8.995001e+00	8.313079e-03	1170789.000000	0.000000e+00
1.063739e+01	8.965472e+00	8.233430e-03	1185727.000000	0.000000e+00
1.066197e+01	8.931179e+00	8.207691e-03	1184065.000000	0.000000e+00
1.068650e+01	8.913216e+00	8.165707e-03	1191465.000000	0.000000e+00
1.071103e+01	8.866177e+00	8.112291e-03	1194499.000000	0.000000e+00
1.073555e+01	8.838755e+00	8.062165e-03	1201929.000000	0.000000e+00
1.076011e+01	8.812210e+00	8.012699e-03	1209517.000000	0.000000e+00
1.078466e+01	8.788586e+00	7.981616e-03	1212429.000000	0.000000e+00
1.080918e+01	8.750418e+00	7.932370e-03	1216891.000000	0.000000e+00
1.083370e+01	8.715128e+00	7.881573e-03	1222705.000000	0.000000e+00
1.085823e+01	8.687345e+00	7.830986e-03	1230669.000000	0.000000e+00
1.088282e+01	8.648752e+00	7.769356e-03	1239187.000000	0.000000e+00
1.090737e+01	8.634559e+00	7.761223e-03	1237713.000000	0.000000e+00
1.093189e+01	8.590631e+00	7.693693e-03	1246753.000000	0.000000e+00
1.095642e+01	8.565972e+00	7.660887e-03	1250245.000000	0.000000e+00
1.098096e+01	8.545574e+00	7.612667e-03	1260111.000000	0.000000e+00
1.100552e+01	8.517903e+00	7.582501e-03	1261945.000000	0.000000e+00
1.103005e+01	8.477469e+00	7.526506e-03	1268661.000000	0.000000e+00
1.105458e+01	8.456561e+00	7.491951e-03	1274083.000000	0.000000e+00
1.107911e+01	8.426076e+00	7.449378e-03	1279413.000000	0.000000e+00
1.110366e+01	8.405375e+00	7.407895e-03	1287433.000000	0.000000e+00
1.112821e+01	8.378718e+00	7.373807e-03	1291135.000000	0.000000e+00
1.115273e+01	8.342363e+00	7.329317e-03	1295541.000000	0.000000e+00
1.117726e+01	8.329785e+00	7.297466e-03	1302937.000000	0.000000e+00
1.120181e+01	8.300748e+00	7.253391e-03	1309641.000000	0.000000e+00
1.122634e+01	8.274609e+00	7.222949e-03	1312399.000000	0.000000e+00
1.125085e+01	8.274606e+00	7.205371e-03	1318809.000000	0.000000e+00
1.127541e+01	8.225779e+00	7.133757e-03	1329589.000000	0.000000e+00
1.129999e+01	8.212873e+00	7.116867e-03	1331719.000000	0.000000e+00
1.132451e+01	8.197642e+00	7.094335e-03	1335225.000000	0.000000e+00
1.134903e+01	8.169698e+00	7.047850e-03	1343689.000000	0.000000e+00
1.137357e+01	8.153561e+00	7.022221e-03	1348173.000000	0.000000e+00
1.139811e+01	8.135220e+00	6.985539e-03	1356247.000000	0.000000e+00
1.142265e+01	8.105093e+00	6.952900e-03	1358889.000000	0.000000e+00
1.144718e+01	8.096097e+00	6.923989e-03	1367221.000000	0.000000e+00
1.147174e+01	8.072989e+00	6.887065e-03	1374043.000000	0.000000e+00
1.149628e+01	8.047383e+00	6.857166e-03	1377273.000000	0.000000e+00
1.152079e+01	8.039021e+00	6.839788e-03	1381405.000000	0.000000e+00
1.154533e+01	8.007662e+00	6.784637e-03	1393023.000000	0.000000e+00
1.156988e+01	7.987413e+00	6.765358e-03	1393897.000000	0.000000e+00
1.159441e+01	7.979479e+00	6.736866e-03	1402921.000000	0.000000e+00
1.161895e+01	7.947403e+00	6.698374e-03	1407705.000000	0.000000e+00
1.164349e+01	7.934441e+00	6.672115e-03	1414183.000000	0.000000e+00
1.166804e+01	7.917424e+00	6.644648e-03	1419789.000000	0.000000e+00
1.169259e+01	7.903438e+00	6.615340e-03	1427341.000000	0.000000e+00
1.171712e+01	7.896192e+00	6.605717e-03	1428879.000000	0.000000e+00
1.174164e+01	7.853793e+00	6.548810e-03	1438249.000000	0.000000e+00
1.176619e+01	7.863497e+00	6.540741e-03	1445365.000000	0.000000e+00
1.179072e+01	7.832236e+00	6.511910e-03	1446621.000000	0.000000e+00
1.181525e+01	7.824152e+00	6.480992e-03	1457443.000000	0.000000e+00
1.183979e+01	7.807563e+00	6.459248e-03	1461057.000000	0.000000e+00
1.186435e+01	7.794023e+00	6.428295e-03	1470049.000000	0.000000e+00
1.188889e+01	7.789325e+00	6.417086e-03	1473411.000000	0.000000e+00
1.191343e+01	7.777594e+00	6.393331e-03	1479913.000000	0.000000e+00
1.193797e+01	7.775048e+00	6.376442e-03	1486789.000000	0.000000e+00
1.196251e+01	7.753580e+00	6.348388e-03	1491687.000000	0.000000e+00
1.198703e+01	7.738375e+00	6.324403e-03	1497133.000000	0.000000e+00
1.201156e+01	7.724634e+00	6.296524e-03	1505061.000000	0.000000e+00
1.203612e+01	7.729447e+00	6.287044e-03	1511485.000000	0.000000e+00
1.206065e+01	7.706592e+00	6.260255e-03	1515447.000000	0.000000e+00
1.208515e+01	7.708481e+00	6.252763e-03	1519825.000000	0.000000e+00
1.210971e+01	7.692431e+00	6.207408e-03	1535701.000000	0.000000e+00
1.213428e+01	7.690406e+00	6.213153e-03	1532055.000000	0.000000e+00
1.215881e+01	7.675520e+00	6.174972e-03	1545061.000000	0.000000e+00
1.218336e+01	7.665037e+00	6.165445e-03	1545609.000000	0.000000e+00
1.220787e+01	7.669281e+00	6.155270e-03	1552441.000000	0.000000e+00
1.223242e+01	7.665085e+00	6.129403e-03	1563859.000000	0.000000e+00
1.225696e+01	7.658763e+00	6.124907e-03	1563573.000000	0.000000e+00
1.228148e+01	7.656807e+00	6.103762e-03	1573621.000000	0.000000e+00
1.230602e+01	7.655179e+00	6.092666e-03	1578687.000000	0.000000e+00
1.233056e+01	7.651843e+00	6.076680e-03	1585621.000000	0.000000e+00
1.235512e+01	7.648505e+00	6.055709e-03	1595229.000000	0.000000e+00
1.237965e+01	7.641721e+00	6.053929e-03	1593337.000000	0.000000e+00
1.240419e+01	7.635803e+00	6.018329e-03	1609747.000000	0.000000e+00
1.242874e+01	7.640576e+00	6.026986e-03	1607133.000000	0.000000e+00
1.245325e+01	7.643693e+00	6.012335e-03	1616293.000000	0.000000e+00
1.247780e+01	7.635041e+00	5.984613e-03	1627611.000000	0.000000e+00
1.250235e+01	7.648065e+00	5.996970e-03	1626445.000000	0.000000e+00
1.252688e+01	7.647322e+00	5.973258e-03	1639065.000000	0.000000e+00
1.255143e+01	7.651341e+00	5.971725e-03	1641631.000000	0.000000e+00
1.257596e+01	7.654379e+00	5.967776e-03	1645109.500000	0.000000e+00
1.260049e+01	7.623125e+00	5.948574e-03	1642254.000000	0.000000e+00
1.262503e+01	7.599864e+00	5.936068e-03	1639132.000000	0.000000e+00
1.264958e+01	7.579237e+00	5.923966e-03	1636914.000000	0.000000e+00
1.267411e+01	7.553357e+00	5.915005e-03	1630684.000000	0.000000e+00
1.269864e+01	7.522478e+00	5.894371e-03	1628722.000000	0.000000e+00
1.272316e+01	7.497484e+00	5.882557e-03	1624422.000000	0.000000e+00
1.274773e+01	7.486020e+00	5.868420e-03	1627270.000000	0.000000e+00
1.277225e+01	7.460741e+00	5.875984e-03	1612140.000000	0.000000e+00
1.279677e+01	7.435108e+00	5.842334e-03	1619578.000000	0.000000e+00
1.282133e+01	7.421196e+00	5.848703e-03	1610010.000000	0.000000e+00
1.284587e+01	7.396213e+00	5.827758e-03	1610704.000000	0.000000e+00
1.287043e+01	7.371501e+00	5.818124e-03	1605262.000000	0.000000e+00
1.289495e+01	7.353935e+00	5.814959e-03	1599360.000000	0.000000e+00
1.291951e+01	7.341852e+00	5.800742e-03	1601932.000000	0.000000e+00
1.294403e+01	7.313459e+00	5.802535e-03	1588584.000000	0.000000e+00
1.296853e+01	7.299435e+00	5.785820e-03	1591654.000000	0.000000e+00
1.299309e+01	7.269851e+00	5.767130e-03	1589028.000000	0.000000e+00
1.301763e+01	7.249904e+00	5.765379e-03	1581280.000000	0.000000e+00
1.304217e+01	7.226918e+00	5.747525e-03	1581046.000000	0.000000e+00
1.306670e+01	7.222162e+00	5.754844e-03	1574952.000000	0.000000e+00
1.309123e+01	7.210323e+00	5.751794e-03	1571458.000000	0.000000e+00
1.311579e+01	7.185848e+00	5.732737e-03	1571202.000000	0.000000e+00
1.314034e+01	7.169715e+00	5.732120e-03	1564492.000000	0.000000e+00
1.316488e+01	7.149009e+00	5.722655e-03	1560618.000000	0.000000e+00
1.318940e+01	7.118211e+00	5.706568e-03	1555936.000000	0.000000e+00
1.321393e+01	7.116476e+00	5.711888e-03	1552282.000000	0.000000e+00
1.323848e+01	7.082309e+00	5.685318e-03	1551816.000000	0.000000e+00
1.326302e+01	7.069577e+00	5.691619e-03	1542820.000000	0.000000e+00
1.328757e+01	7.051978e+00	5.674457e-03	1544448.000000	0.000000e+00
1.331210e+01	7.036485e+00	5.679984e-03	1534678.000000	0.000000e+00
1.333662e+01	6.997677e+00	5.651232e-03	1533280.000000	0.000000e+00
1.336117e+01	6.995618e+00	5.653627e-03	1531080.000000	0.000000e+00
1.338570e+01	6.970879e+00	5.648354e-03	1523110.000000	0.000000e+00
1.341022e+01	6.956575e+00	5.640228e-03	1521240.000000	0.000000e+00
1.343476e+01	6.937861e+00	5.633140e-03	1516876.000000	0.000000e+00
1.345932e+01	6.919808e+00	5.620836e-03	1515606.000000	0.000000e+00
1.348389e+01	6.908156e+00	5.619757e-03	1511086.000000	0.000000e+00
1.350843e+01	6.877207e+00	5.610251e-03	1502656.000000	0.000000e+00
1.353293e+01	6.869883e+00	5.611605e-03	1498734.000000	0.000000e+00
1.355748e+01	6.854718e+00	5.599613e-03	1498522.000000	0.000000e+00
1.358203e+01	6.836318e+00	5.597323e-03	1491708.000000	0.000000e+00
1.360658e+01	6.819113e+00	5.587219e-03	1489582.000000	0.000000e+00
1.363111e+01	6.806187e+00	5.593276e-03	1480728.000000	0.000000e+00
1.365563e+01	6.792765e+00	5.582532e-03	1480576.000000	0.000000e+00
1.368019e+01	6.778234e+00	5.579472e-03	1475866.000000	0.000000e+00
1.370473e+01	6.760491e+00	5.576824e-03	1469544.000000	0.000000e+00
1.372924e+01	6.742323e+00	5.572647e-03	1463848.000000	0.000000e+00
1.375380e+01	6.728298e+00	5.554839e-03	1467126.000000	0.000000e+00
1.377836e+01	6.721920e+00	5.573483e-03	1454566.000000	0.000000e+00
1.380287e+01	6.698591e+00	5.559791e-03	1451610.000000	0.000000e+00
1.382737e+01	6.676301e+00	5.552379e-03	1445818.000000	0.000000e+00
1.385191e+01	6.676330e+00	5.552023e-03	1446016.000000	0.000000e+00
1.387648e+01	6.659194e+00	5.548693e-03	1440330.000000	0.000000e+00
1.390103e+01	6.639859e+00	5.540450e-03	1436242.000000	0.000000e+00
1.392557e+01	6.627174e+00	5.545848e-03	1427976.000000	0.000000e+00
1.395012e+01	6.611922e+00	5.531276e-03	1428910.000000	0.000000e+00
1.397464e+01	6.607428e+00	5.553802e-03	1415416.000000	0.000000e+00
1.399917e+01	6.576551e+00	5.517703e-03	1420626.000000	0.000000e+00
1.402372e+01	6.581152e+00	5.545308e-03	1408486.000000	0.000000e+00
1.404824e+01	6.557735e+00	5.528422e-03	1407036.000000	0.000000e+00
1.407278e+01	6.549924e+00	5.530906e-03	1402426.000000	0.000000e+00
1.409731e+01	6.533193e+00	5.530705e-03	1395372.000000	0.000000e+00
1.412183e+01	6.517659e+00	5.523166e-03	1392538.000000	0.000000e+00
1.414639e+01	6.501738e+00	5.514048e-03	1390330.000000	0.000000e+00
1.417094e+01	6.497899e+00	5.530357e-03	1380510.000000	0.000000e+00
1.419546e+01	6.478535e+00	5.516506e-03	1379194.000000	0.000000e+00
1.422001e+01	6.468813e+00	5.521849e-03	1372398.000000	0.000000e+00
1.424455e+01	6.459958e+00	5.520815e-03	1369156.000000	0.000000e+00
1.426908e+01	6.448089e+00	5.527468e-03	1360848.000000	0.000000e+00
1.429362e+01	6.434075e+00	5.515300e-03	1360924.000000	0.000000e+00
1.431818e+01	6.423816e+00	5.523678e-03	1352476.000000	0.000000e+00
1.434273e+01	6.419300e+00	5.525542e-03	1349664.000000	0.000000e+00
1.436724e+01	6.410217e+00	5.540086e-03	1338790.000000	0.000000e+00
1.439177e+01	6.404943e+00	5.528652e-03	1342122.000000	0.000000e+00
1.441633e+01	6.384236e+00	5.533327e-03	1331206.000000	0.000000e+00
1.444087e+01	6.372407e+00	5.527606e-03	1329024.000000	0.000000e+00
1.446541e+01	6.370855e+00	5.541169e-03	1321882.000000	0.000000e+00
1.448996e+01	6.354352e+00	5.532141e-03	1319338.000000	0.000000e+00
1.451448e+01	6.338745e+00	5.540514e-03	1308900.000000	0.000000e+00
1.453902e+01	6.338286e+00	5.537528e-03	1310122.000000	0.000000e+00
1.456356e+01	6.315267e+00	5.539107e-03	1299882.000000	0.000000e+00
1.458809e+01	6.319034e+00	5.550016e-03	1296322.000000	0.000000e+00
1.461262e+01	6.306778e+00	5.548208e-03	1292140.000000	0.000000e+00
1.463716e+01	6.293547e+00	5.553208e-03	1284408.000000	0.000000e+00
1.466171e+01	6.285927e+00	5.549173e-03	1283164.000000	0.000000e+00
1.468625e+01	6.281230e+00	5.565921e-03	1273548.000000	0.000000e+00
1.471078e+01	6.277078e+00	5.570308e-03	1269862.000000	0.000000e+00
1.473534e+01	6.255631e+00	5.557433e-03	1267050.000000	0.000000e+00
1.475987e+01	6.255736e+00	5.583235e-03	1255408.000000	0.000000e+00
1.478439e+01	6.247657e+00	5.575906e-03	1255462.000000	0.000000e+00
1.480894e+01	6.237799e+00	5.586412e-03	1246800.000000	0.000000e+00
1.483348e+01	6.218475e+00	5.574694e-03	1244302.000000	0.000000e+00
1.485802e+01	6.219965e+00	5.596708e-03	1235124.000000	0.000000e+00
1.488256e+01	6.212628e+00	5.594856e-03	1233028.000000	0.000000e+00
1.490708e+01	6.198291e+00	5.605447e-03	1222710.000000	0.000000e+00
1.493162e+01	6.196903e+00	5.605805e-03	1222006.000000	0.000000e+00
1.495618e+01	6.195443e+00	5.618863e-03	1215760.000000	0.000000e+00
1.498071e+01	6.179131e+00	5.624727e-03	1206846.000000	0.000000e+00
1.500525e+01	6.176640e+00	5.628035e-03	1204456.000000	0.000000e+00
1.502980e+01	6.174251e+00	5.641826e-03	1197648.000000	0.000000e+00
1.505434e+01	6.157322e+00	5.642966e-03	1190608.000000	0.000000e+00
1.507886e+01	6.161803e+00	5.657799e-03	1186098.000000	0.000000e+00
1.510342e+01	6.158158e+00	5.666149e-03	1181206.000000	0.000000e+00
1.512796e+01	6.130003e+00	5.660652e-03	1172704.000000	0.000000e+00
1.515246e+01	6.147495e+00	5.689638e-03	1167420.000000	0.000000e+00
1.517700e+01	6.133214e+00	5.686620e-03	1163236.000000	0.000000e+00
1.520157e+01	6.128709e+00	5.692371e-03	1159182.000000	0.000000e+00
1.522611e+01	6.120507e+00	5.713397e-03	1147588.000000	0.000000e+00
1.525063e+01	6.125000e+00	5.720912e-03	1146256.000000	0.000000e+00
1.527518e+01	6.108924e+00	5.726598e-03	1137984.000000	0.000000e+00
1.529972e+01	6.107510e+00	5.737784e-03	1133026.000000	0.000000e+00
1.532424e+01	6.105991e+00	5.755724e-03	1125414.000000	0.000000e+00
1.534877e+01	6.100593e+00	5.761880e-03	1121026.000000	0.000000e+00
1.537332e+01	6.096045e+00	5.772211e-03	1115352.000000	0.000000e+00
1.539786e+01	6.081499e+00	5.778121e-03	1107766.000000	0.000000e+00
1.542240e+01	6.089668e+00	5.796756e-03	1103614.000000	0.000000e+00
1.544694e+01	6.088690e+00	5.817733e-03	1095318.000000	0.000000e+00
1.547149e+01	6.082206e+00	5.823005e-03	1091008.000000	0.000000e+00
1.549603e+01	6.081495e+00	5.840915e-03	1084074.000000	0.000000e+00
1.552054e+01	6.080669e+00	5.867011e-03	1074160.000000	0.000000e+00
1.554506e+01	6.082786e+00	5.871557e-03	1073244.000000	0.000000e+00
1.556963e+01	6.072772e+00	5.880235e-03	1066558.000000	0.000000e+00
1.559418e+01	6.062023e+00	5.893732e-03	1057924.000000	0.000000e+00
1.561873e+01	6.058919e+00	5.901529e-03	1054050.000000	0.000000e+00
1.564327e+01	6.071754e+00	5.941614e-03	1044286.000000	0.000000e+00
1.566780e+01	6.067480e+00	5.945065e-03	1041606.000000	0.000000e+00
1.569233e+01	6.068500e+00	5.977156e-03	1030798.000000	0.000000e+00
1.571685e+01	6.068682e+00	5.986768e-03	1027552.000000	0.000000e+00
1.574141e+01	6.060284e+00	5.996644e-03	1021338.000000	0.000000e+00
1.576595e+01	6.056278e+00	6.016288e-03	1013338.000000	0.000000e+00
1.579049e+01	6.066144e+00	6.041467e-03	1008186.000000	0.000000e+00
1.581502e+01	6.055392e+00	6.057228e-03	999394.000000	0.000000e+00
1.583955e+01	6.070524e+00	6.086681e-03	994698.000000	0.000000e+00
1.586407e+01	6.060674e+00	6.100259e-03	987064.000000	0.000000e+00
1.588861e+01	6.062125e+00	6.120405e-03	981046.000000	0.000000e+00
1.591315e+01	6.067792e+00	6.143900e-03	975378.000000	0.000000e+00
1.593770e+01	6.062475e+00	6.161727e-03	968044.000000	0.000000e+00
1.596225e+01	6.073175e+00	6.193610e-03	961488.000000	0.000000e+00
1.598677e+01	6.080711e+00	6.227903e-03	953290.000000	0.000000e+00
1.601131e+01	6.088995e+00	6.250243e-03	949068.000000	0.000000e+00
1.603586e+01	6.076433e+00	6.264144e-03	940966.000000	0.000000e+00
1.606040e+01	6.087183e+00	6.298463e-03	934036.000000	0.000000e+00
1.608493e+01	6.083873e+00	6.316716e-03	927636.000000	0.000000e+00
1.610947e+01	6.091412e+00	6.351413e-03	919804.000000	0.000000e+00
1.613400e+01	6.096120e+00	6.376520e-03	913986.000000	0.000000e+00
1.615854e+01	6.096627e+00	6.399573e-03	907564.000000	0.000000e+00
1.618310e+01	6.105661e+00	6.434216e-03	900480.000000	0.000000e+00
1.620765e+01	6.114954e+00	6.469457e-03	893410.000000	0.000000e+00
1.623216e+01	6.113801e+00	6.504839e-03	883384.000000	0.000000e+00
1.625669e+01	6.112914e+00	6.512763e-03	880980.000000	0.000000e+00
1.628123e+01	6.126864e+00	6.564011e-03	871240.000000	0.000000e+00
1.630580e+01	6.122138e+00	6.573375e-03	867420.000000	0.000000e+00
1.633036e+01	6.136265e+00	6.626473e-03	857518.000000	0.000000e+00
1.635486e+01	6.144493e+00	6.670007e-03	848632.000000	0.000000e+00
1.637939e+01	6.153727e+00	6.691958e-03	845610.000000	0.000000e+00
1.640395e+01	6.147195e+00	6.721856e-03	836326.000000	0.000000e+00
1.642848e+01	6.157437e+00	6.761509e-03	829302.000000	0.000000e+00
1.645298e+01	6.176482e+00	6.818788e-03	820480.000000	0.000000e+00
1.647753e+01	6.165893e+00	6.821496e-03	817020.000000	0.000000e+00
1.650209e+01	6.173337e+00	6.866166e-03	808372.000000	0.000000e+00
1.652660e+01	6.176674e+00	6.913168e-03	798280.000000	0.000000e+00
1.655114e+01	6.203289e+00	6.954456e-03	795642.000000	0.000000e+00
1.657571e+01	6.183354e+00	6.973334e-03	786262.000000	0.000000e+00
1.660025e+01	6.199174e+00	7.028759e-03	777876.000000	0.000000e+00
1.662478e+01	6.223969e+00	7.081751e-03	772420.000000	0.000000e+00
1.664931e+01	6.213262e+00	7.115752e-03	762426.000000	0.000000e+00
1.667386e+01	6.244177e+00	7.167911e-03	758866.000000	0.000000e+00
1.669842e+01	6.246403e+00	7.221000e-03	748282.000000	0.000000e+00
1.672293e+01	6.244646e+00	7.255117e-03	740844.000000	0.000000e+00
1.674748e+01	6.260949e+00	7.298253e-03	735940.000000	0.000000e+00
1.677204e+01	6.262733e+00	7.350869e-03	725856.000000	0.000000e+00
1.679655e+01	6.288843e+00	7.418472e-03	718642.000000	0.000000e+00
1.682107e+01	6.288537e+00	7.454820e-03	711582.000000	0.000000e+00
1.684563e+01	6.308662e+00	7.514733e-03	704770.000000	0.000000e+00
1.687018e+01	6.313096e+00	7.562465e-03	696880.000000	0.000000e+00
1.689472e+01	6.322102e+00	7.622558e-03	687894.000000	0.000000e+00
1.691924e+01	6.333015e+00	7.669888e-03	681778.000000	0.000000e+00
1.694378e+01	6.341038e+00	7.732340e-03	672510.000000	0.000000e+00
1.696830e+01	6.349898e+00	7.781749e-03	665854.000000	0.000000e+00
1.699283e+01	6.356358e+00	7.838305e-03	657616.000000	0.000000e+00
1.701740e+01	6.361232e+00	7.879356e-03	651780.000000	0.000000e+00
1.704195e+01	6.383224e+00	7.966381e-03	642034.000000	0.000000e+00
1.706646e+01	6.386783e+00	8.027271e-03	633036.000000	0.000000e+00
1.709097e+01	6.404861e+00	8.083982e-03	627724.000000	0.000000e+00
1.711553e+01	6.415168e+00	8.152296e-03	619236.000000	0.000000e+00
1.714008e+01	6.421391e+00	8.216296e-03	610810.000000	0.000000e+00
1.716463e+01	6.422914e+00	8.259236e-03	604762.000000	0.000000e+00
1.718918e+01	6.424988e+00	8.338137e-03	593754.000000	0.000000e+00
1.721369e+01	6.465789e+00	8.433823e-03	587752.000000	0.000000e+00
1.723823e+01	6.438486e+00	8.462934e-03	578796.000000	0.000000e+00
1.726278e+01	6.474495e+00	8.561196e-03	571930.000000	0.000000e+00
1.728731e+01	6.445314e+00	8.590271e-03	562956.000000	0.000000e+00
1.731188e+01	6.474857e+00	8.682289e-03	556150.000000	0.000000e+00
1.733641e+01	6.475110e+00	8.760281e-03	546334.000000	0.000000e+00
1.736091e+01	6.481977e+00	8.840570e-03	537594.000000	0.000000e+00
1.738543e+01	6.497073e+00	8.904613e-03	532360.000000	0.000000e+00
1.741000e+01	6.497173e+00	8.992785e-03	521988.000000	0.000000e+00
1.743456e+01	6.525464e+00	9.085113e-03	515896.000000	0.000000e+00
1.745909e+01	6.496334e+00	9.138769e-03	505314.000000	0.000000e+00
1.748363e+01	6.497779e+00	9.201603e-03	498658.000000	0.000000e+00
1.750818e+01	6.491081e+00	9.272349e-03	490066.000000	0.000000e+00
1.753269e+01	6.500578e+00	9.383069e-03	479970.000000	0.000000e+00
1.755722e+01	6.504450e+00	9.443255e-03	474436.000000	0.000000e+00
1.758176e+01	6.483032e+00	9.517624e-03	463980.000000	0.000000e+00
1.760629e+01	6.485366e+00	9.595753e-03	456784.000000	0.000000e+00
1.763083e+01	6.512577e+00	9.726051e-03	448366.000000	0.000000e+00
1.765539e+01	6.458197e+00	9.737182e-03	439902.000000	0.000000e+00
1.767993e+01	6.461446e+00	9.840371e-03	431158.000000	0.000000e+00
1.770446e+01	6.467704e+00	9.947042e-03	422778.000000	0.000000e+00
1.772897e+01	6.448530e+00	1.002718e-02	413584.000000	0.000000e+00
1.775351e+01	6.417444e+00	1.006557e-02	406488.000000	0.000000e+00
1.777808e+01	6.379706e+00	1.011563e-02	397754.500000	0.000000e+00
1.780261e+01	6.386868e+00	1.023835e-02	389149.000000	0.000000e+00
1.782713e+01	6.387894e+00	1.033271e-02	382197.000000	0.000000e+00
1.785169e+01	6.362049e+00	1.038049e-02	375628.000000	0.000000e+00
1.787623e+01	6.366397e+00	1.049823e-02	367752.000000	0.000000e+00
1.790076e+01	6.357188e+00	1.056720e-02	361918.000000	0.000000e+00
1.792530e+01	6.338881e+00	1.063693e-02	355134.000000	0.000000e+00
1.794985e+01	6.341535e+00	1.073962e-02	348667.000000	0.000000e+00
1.797440e+01	6.370313e+00	1.087783e-02	342955.000000	0.000000e+00
1.799891e+01	6.332976e+00	1.092991e-02	335724.000000	0.000000e+00
1.802344e+01	6.335400e+00	1.101124e-02	331036.000000	0.000000e+00
1.804802e+01	6.344399e+00	1.112149e-02	325428.000000	0.000000e+00
1.807255e+01	6.350652e+00	1.125724e-02	318253.000000	0.000000e+00
1.809707e+01	6.336436e+00	1.130719e-02	314037.000000	0.000000e+00
1.812164e+01	6.359140e+00	1.145560e-02	308149.000000	0.000000e+00
1.814617e+01	6.314643e+00	1.148578e-02	302257.000000	0.000000e+00
1.817068e+01	6.358019e+00	1.166428e-02	297117.000000	0.000000e+00
1.819523e+01	6.363874e+00	1.176389e-02	292645.000000	0.000000e+00
1.821979e+01	6.359581e+00	1.187006e-02	287046.000000	0.000000e+00
1.824431e+01	6.373663e+00	1.201661e-02	281329.000000	0.000000e+00
1.826883e+01	6.344285e+00	1.204767e-02	277306.000000	0.000000e+00
1.829337e+01	6.363858e+00	1.219761e-02	272202.000000	0.000000e+00
1.831793e+01	6.391753e+00	1.235325e-02	267718.000000	0.000000e+00
1.834250e+01	6.381160e+00	1.244345e-02	262977.000000	0.000000e+00
1.836701e+01	6.390071e+00	1.260315e-02	257071.000000	0.000000e+00
1.839152e+01	6.383242e+00	1.267190e-02	253746.000000	0.000000e+00
1.841609e+01	6.396597e+00	1.281243e-02	249250.000000	0.000000e+00
1.844064e+01	6.420966e+00	1.299423e-02	244174.000000	0.000000e+00
1.846515e+01	6.426720e+00	1.311603e-02	240090.000000	0.000000e+00
1.848971e+01	6.390418e+00	1.315449e-02	235999.000000	0.000000e+00
1.851428e+01	6.425488e+00	1.334635e-02	231786.000000	0.000000e+00
1.853881e+01	6.441400e+00	1.351795e-02	227059.000000	0.000000e+00
1.856328e+01	6.436817e+00	1.364977e-02	222378.000000	0.000000e+00
1.858784e+01	6.459107e+00	1.376476e-02	220195.000000	0.000000e+00
1.861244e+01	6.452090e+00	1.391487e-02	215002.000000	0.000000e+00
1.863693e+01	6.457252e+00	1.407290e-02	210537.000000	0.000000e+00
1.866143e+01	6.470912e+00	1.421334e-02	207271.000000	0.000000e+00
1.868601e+01	6.467217e+00	1.432319e-02	203871.000000	0.000000e+00
1.871055e+01	6.493373e+00	1.454663e-02	199258.000000	0.000000e+00
1.873503e+01	6.533056e+00	1.478192e-02	195331.000000	0.000000e+00
1.875958e+01	6.491596e+00	1.477888e-02	192939.000000	0.000000e+00
1.878417e+01	6.528212e+00	1.504041e-02	188395.000000	0.000000e+00
1.880870e+01	6.547181e+00	1.522259e-02	184983.000000	0.000000e+00
1.883322e+01	6.526019e+00	1.533015e-02	181219.000000	0.000000e+00
1.885775e+01	6.548600e+00	1.552695e-02	177879.000000	0.000000e+00
1.888231e+01	6.552911e+00	1.568099e-02	174631.000000	0.000000e+00
1.890684e+01	6.593359e+00	1.594913e-02	170899.000000	0.000000e+00
1.893134e+01	6.606338e+00	1.614421e-02	167451.000000	0.000000e+00
1.895590e+01	6.592663e+00	1.623617e-02	164875.000000	0.000000e+00
1.898046e+01	6.641494e+00	1.655914e-02	160863.000000	0.000000e+00
1.900495e+01	6.636947e+00	1.671823e-02	157600.000000	0.000000e+00
1.902946e+01	6.623025e+00	1.683059e-02	154851.000000	0.000000e+00
1.905406e+01	6.692782e+00	1.715991e-02	152119.000000	0.000000e+00
1.907863e+01	6.690032e+00	1.736581e-02	148411.000000	0.000000e+00
1.910311e+01	6.704042e+00	1.760920e-02	144942.000000	0.000000e+00
1.912765e+01	6.705707e+00	1.773134e-02	143023.000000	0.000000e+00
1.915226e+01	6.770203e+00	1.811621e-02	139659.000000	0.000000e+00
1.917678e+01	6.794392e+00	1.840765e-02	136240.000000	0.000000e+00
1.920124e+01	6.846169e+00	1.874299e-02	133419.000000	0.000000e+00
1.922581e+01	6.778612e+00	1.870042e-02	131395.000000	0.000000e+00
1.925040e+01	6.839644e+00	1.912306e-02	127924.000000	0.000000e+00
1.927489e+01	6.863090e+00	1.941027e-02	125019.000000	0.000000e+00
1.929941e+01	6.859830e+00	1.957939e-02	122752.000000	0.000000e+00
1.932402e+01	6.911921e+00	1.992587e-02	120327.000000	0.000000e+00
1.934855e+01	6.940020e+00	2.031818e-02	116668.000000	0.000000e+00
1.937298e+01	6.968835e+00	2.061975e-02	114223.000000	0.000000e+00
1.939755e+01	6.943740e+00	2.067551e-02	112791.000000	0.000000e+00
1.942217e+01	6.987171e+00	2.113331e-02	109312.000000	0.000000e+00
1.944667e+01	7.013143e+00	2.144782e-02	106920.000000	0.000000e+00
1.947113e+01	7.040047e+00	2.182974e-02	104005.000000	0.000000e+00
1.949570e+01	7.042586e+00	2.196479e-02	102804.000000	0.000000e+00
1.952032e+01	7.093109e+00	2.247188e-02	99631.000000	0.000000e+00
1.954482e+01	7.133407e+00	2.289125e-02	97108.000000	0.000000e+00
1.956930e+01	7.178483e+00	2.329805e-02	94935.000000	0.000000e+00
1.959391e+01	7.194117e+00	2.357169e-02	93148.000000	0.000000e+00
1.961850e+01	7.205315e+00	2.397142e-02	90348.000000	0.000000e+00
1.964294e+01	7.193023e+00	2.428870e-02	87703.000000	0.000000e+00
1.966740e+01	7.285322e+00	2.483177e-02	86076.000000	0.000000e+00
1.969204e+01	7.290894e+00	2.509629e-02	84400.000000	0.000000e+00
1.971660e+01	7.340710e+00	2.574009e-02	81331.000000	0.000000e+00
1.974103e+01	7.383589e+00	2.619480e-02	79452.000000	0.000000e+00
1.976563e+01	7.457508e+00	2.667482e-02	78160.000000	0.000000e+00
1.979032e+01	7.427336e+00	2.698620e-02	75750.000000	0.000000e+00
1.981482e+01	7.504281e+00	2.774667e-02	73147.000000	0.000000e+00
1.983914e+01	7.512860e+00	2.823266e-02	70812.000000	0.000000e+00
1.986374e+01	7.583488e+00	2.853356e-02	70636.000000	0.000000e+00
1.988844e+01	7.520166e+00	2.892885e-02	67576.000000	0.000000e+00
1.991292e+01	7.616491e+00	2.970866e-02	65727.000000	0.000000e+00
1.993736e+01	7.671396e+00	3.038659e-02	63736.000000	0.000000e+00
1.996197e+01	7.688033e+00	3.070598e-02	62688.000000	0.000000e+00
1.998658e+01	7.725277e+00	3.147438e-02	60244.000000	0.000000e+00
2.001095e+01	7.756389e+00	3.218668e-02	58072.000000	0.000000e+00
2.003547e+01	7.863713e+00	3.280907e-02	57447.000000	0.000000e+00
2.006019e+01	7.922186e+00	3.366118e-02	55390.000000	0.000000e+00
2.008472e+01	7.934705e+00	3.434841e-02	53364.000000	0.000000e+00
2.010903e+01	7.943084e+00	3.508052e-02	51268.000000	0.000000e+00
2.013363e+01	8.032149e+00	3.551685e-02	51144.000000	0.000000e+00
2.015842e+01	8.076454e+00	3.657088e-02	48772.000000	0.000000e+00
2.018288e+01	8.125430e+00	3.754858e-02	46828.000000	0.000000e+00
2.020721e+01	8.170809e+00	3.835934e-02	45372.000000	0.000000e+00
2.023181e+01	8.231705e+00	3.900494e-02	44539.000000	0.000000e+00
2.025650e+01	8.219516e+00	3.976772e-02	42720.000000	0.000000e+00
2.028095e+01	8.361578e+00	4.132716e-02	40936.000000	0.000000e+00
2.030542e+01	8.383769e+00	4.193038e-02	39978.000000	0.000000e+00
2.033011e+01	8.430527e+00	4.290580e-02	38608.000000	0.000000e+00
2.035466e+01	8.421968e+00	4.384777e-02	36892.000000	0.000000e+00
2.037892e+01	8.507709e+00	4.534109e-02	35208.000000	0.000000e+00
2.040348e+01	8.505807e+00	4.545246e-02	35020.000000	0.000000e+00
2.042837e+01	8.636546e+00	4.727690e-02	33372.000000	0.000000e+00
2.045281e+01	8.735154e+00	4.927963e-02	31420.000000	0.000000e+00
2.047697e+01	8.840467e+00	5.074698e-02	30348.000000	0.000000e+00
2.050165e+01	8.912404e+00	5.142152e-02	30040.000000	0.000000e+00
2.052659e+01	8.866422e+00	5.249437e-02	28528.000000	0.000000e+00
2.055100e+01	8.954184e+00	5.487893e-02	26622.000000	0.000000e+00
2.057510e+01	9.057113e+00	5.640899e-02	25780.000000	0.000000e+00
2.059985e+01	9.156056e+00	5.739149e-02	25452.000000	0.000000e+00
2.062477e+01	9.140310e+00	5.902505e-02	23980.000000	0.000000e+00
2.064904e+01	9.377089e+00	6.292923e-02	22204.000000	0.000000e+00
2.067328e+01	9.371768e+00	6.329387e-02	21924.000000	0.000000e+00
2.069813e+01	9.412220e+00	6.487022e-02	21052.000000	0.000000e+00
2.072282e+01	9.554364e+00	6.802370e-02	19728.000000	0.000000e+00
2.074689e+01	9.536854e+00	7.046765e-02	18316.000000	0.000000e+00
2.077148e+01	9.688005e+00	7.118531e-02	18522.000000	0.000000e+00
2.079650e+01	9.758377e+00	7.472037e-02	17056.000000	0.000000e+00
2.082086e+01	9.737241e+00	7.721892e-02	15901.000000	0.000000e+00
2.084494e+01	9.982488e+00	8.115039e-02	15132.000000	0.000000e+00
2.086988e+01	1.001558e+01	8.173333e-02	15016.000000	0.000000e+00
2.089484e+01	9.934613e+00	8.531416e-02	13560.000000	0.000000e+00
2.091874e+01	1.008265e+01	9.041374e-02	12436.000000	0.000000e+00
2.094286e+01	1.024720e+01	9.235087e-02	12312.000000	0.000000e+00
2.096835e+01	1.047818e+01	9.558857e-02	12016.000000	0.000000e+00
2.099333e+01	1.042440e+01	1.021509e-01	10414.000000	0.000000e+00
2.101635e+01	1.061674e+01	1.102328e-01	9276.000000	0.000000e+00
2.104066e+01	1.076143e+01	1.078248e-01	9961.000000	0.000000e+00
2.106684e+01	1.082149e+01	1.126505e-01	9228.000000	0.000000e+00
2.109169e+01	1.096298e+01	1.246759e-01	7732.000000	0.000000e+00
2.111385e+01	1.107780e+01	1.347747e-01	6756.000000	0.000000e+00
2.113864e+01	1.102906e+01	1.252332e-01	7756.000000	0.000000e+00
2.116547e+01	1.122947e+01	1.359775e-01	6820.000000	0.000000e+00
2.118998e+01	1.124647e+01	1.536438e-01	5358.000000	0.000000e+00
2.121167e+01	1.190594e+01	1.684933e-01	4993.000000	0.000000e+00
2.123701e+01	1.163078e+01	1.565450e-01	5520.000000	0.000000e+00
2.126409e+01	1.193063e+01	1.723475e-01	4792.000000	0.000000e+00
2.128812e+01	1.213177e+01	2.069653e-01	3436.000000	0.000000e+00
2.130920e+01	1.209281e+01	2.049922e-01	3480.000000	0.000000e+00
2.133536e+01	1.207460e+01	1.979442e-01	3721.000000	0.000000e+00
2.136298e+01	1.230163e+01	2.198122e-01	3132.000000	0.000000e+00
2.138535e+01	1.259463e+01	2.990258e-01	1774.000000	0.000000e+00
2.140616e+01	1.227170e+01	2.498710e-01	2412.000000	0.000000e+00
2.143360e+01	1.263897e+01	2.687318e-01	2212.000000	0.000000e+00
2.146162e+01	1.331487e+01	3.106578e-01	1837.000000	0.000000e+00
2.148292e+01	1.281836e+01	4.487323e-01	816.000000	0.000000e+00
2.150387e+01	1.330605e+01	3.592297e-01	1372.000000	0.000000e+00
2.153200e+01	1.377691e+01	4.169083e-01	1092.000000	0.000000e+00
2.156014e+01	1.407185e+01	4.843731e-01	844.000000	0.000000e+00
2.158178e+01	1.430097e+01	7.767223e-01	339.000000	0.000000e+00
2.160234e+01	1.376818e+01	5.969263e-01	532.000000	0.000000e+00
2.163046e+01	1.404635e+01	7.362289e-01	364.000000	0.000000e+00
2.165853e+01	1.494237e+01	9.895829e-01	228.000000	0.000000e+00
2.168066e+01	1.639356e+01	1.918721e+00	73.000000	0.000000e+00
2.170037e+01	1.860660e+01	2.030146e+00	84.000000	0.000000e+00
2.172766e+01	1.339846e+01	2.532071e+00	28.000000	0.000000e+00
2.175143e+01	1.127740e+01	6.511011e+00	3.000000	0.000000e+00
