# [<k> (h/Mpc)]	[<P_0(k)> (Mpc/h)^3]	[ErrorBar (Mpc/h)^3]	nModes	[<P_2(k)> (Mpc/h)^3]
3.476422e-02	1.500313e+04	4.161120e+03	13.000000	0.000000e+00
5.890282e-02	1.097830e+04	1.911077e+03	33.000000	0.000000e+00
8.378087e-02	6.476846e+03	7.287021e+02	79.000000	0.000000e+00
1.087368e-01	4.976523e+03	4.600797e+02	117.000000	0.000000e+00
1.341836e-01	3.721168e+03	2.598976e+02	205.000000	0.000000e+00
1.581206e-01	2.746895e+03	1.791877e+02	235.000000	0.000000e+00
1.826843e-01	2.127166e+03	1.107358e+02	369.000000	0.000000e+00
2.073525e-01	1.962048e+03	9.429003e+01	433.000000	0.000000e+00
2.322407e-01	1.713439e+03	7.084200e+01	585.000000	0.000000e+00
2.568838e-01	1.444342e+03	5.542875e+01	679.000000	0.000000e+00
2.811185e-01	1.310176e+03	4.594987e+01	813.000000	0.000000e+00
3.057758e-01	1.159997e+03	3.696057e+01	985.000000	0.000000e+00
3.308750e-01	1.120422e+03	3.257535e+01	1183.000000	0.000000e+00
3.553459e-01	1.038634e+03	2.915625e+01	1269.000000	0.000000e+00
3.797184e-01	8.891306e+02	2.267925e+01	1537.000000	0.000000e+00
4.042043e-01	8.665251e+02	2.131301e+01	1653.000000	0.000000e+00
4.287408e-01	7.821005e+02	1.765235e+01	1963.000000	0.000000e+00
4.533372e-01	7.661200e+02	1.663514e+01	2121.000000	0.000000e+00
4.779960e-01	7.192782e+02	1.464260e+01	2413.000000	0.000000e+00
5.026630e-01	6.826548e+02	1.329875e+01	2635.000000	0.000000e+00
5.271488e-01	6.175889e+02	1.151409e+01	2877.000000	0.000000e+00
5.515428e-01	6.012582e+02	1.068070e+01	3169.000000	0.000000e+00
5.762241e-01	5.663270e+02	9.563116e+00	3507.000000	0.000000e+00
6.007286e-01	5.701060e+02	9.391541e+00	3685.000000	0.000000e+00
6.252569e-01	5.415618e+02	8.391518e+00	4165.000000	0.000000e+00
6.499966e-01	5.264113e+02	7.956773e+00	4377.000000	0.000000e+00
6.746858e-01	4.931135e+02	7.077050e+00	4855.000000	0.000000e+00
6.991271e-01	4.861829e+02	6.925008e+00	4929.000000	0.000000e+00
7.235757e-01	4.682911e+02	6.268446e+00	5581.000000	0.000000e+00
7.479714e-01	4.517194e+02	5.994222e+00	5679.000000	0.000000e+00
7.726133e-01	4.406938e+02	5.515140e+00	6385.000000	0.000000e+00
7.972413e-01	4.224189e+02	5.218231e+00	6553.000000	0.000000e+00
8.218513e-01	4.145767e+02	4.911480e+00	7125.000000	0.000000e+00
8.464491e-01	3.979103e+02	4.610994e+00	7447.000000	0.000000e+00
8.709767e-01	3.908088e+02	4.388894e+00	7929.000000	0.000000e+00
8.955547e-01	3.760143e+02	4.114178e+00	8353.000000	0.000000e+00
9.199772e-01	3.678183e+02	3.926538e+00	8775.000000	0.000000e+00
9.444963e-01	3.663608e+02	3.796333e+00	9313.000000	0.000000e+00
9.690846e-01	3.572311e+02	3.601054e+00	9841.000000	0.000000e+00
9.935517e-01	3.494574e+02	3.461672e+00	10191.000000	0.000000e+00
1.018099e+00	3.413506e+02	3.269996e+00	10897.000000	0.000000e+00
1.042679e+00	3.325251e+02	3.127994e+00	11301.000000	0.000000e+00
1.067353e+00	3.236438e+02	2.951377e+00	12025.000000	0.000000e+00
1.092004e+00	3.147850e+02	2.824235e+00	12423.000000	0.000000e+00
1.116549e+00	3.084214e+02	2.702853e+00	13021.000000	0.000000e+00
1.140967e+00	3.044993e+02	2.629983e+00	13405.000000	0.000000e+00
1.165410e+00	2.943292e+02	2.465879e+00	14247.000000	0.000000e+00
1.189942e+00	2.845732e+02	2.350882e+00	14653.000000	0.000000e+00
1.214340e+00	2.839705e+02	2.293294e+00	15333.000000	0.000000e+00
1.238824e+00	2.776108e+02	2.198213e+00	15949.000000	0.000000e+00
1.263616e+00	2.687430e+02	2.057597e+00	17059.000000	0.000000e+00
1.288278e+00	2.646966e+02	2.024363e+00	17097.000000	0.000000e+00
1.312698e+00	2.580827e+02	1.925508e+00	17965.000000	0.000000e+00
1.337129e+00	2.524306e+02	1.854354e+00	18531.000000	0.000000e+00
1.361846e+00	2.500672e+02	1.783059e+00	19669.000000	0.000000e+00
1.386459e+00	2.440496e+02	1.730326e+00	19893.000000	0.000000e+00
1.410760e+00	2.381259e+02	1.663752e+00	20485.000000	0.000000e+00
1.435294e+00	2.380330e+02	1.613978e+00	21751.000000	0.000000e+00
1.459966e+00	2.307340e+02	1.548272e+00	22209.000000	0.000000e+00
1.484553e+00	2.270296e+02	1.495656e+00	23041.000000	0.000000e+00
1.509059e+00	2.244256e+02	1.458078e+00	23691.000000	0.000000e+00
1.533565e+00	2.179098e+02	1.393398e+00	24457.000000	0.000000e+00
1.558284e+00	2.175500e+02	1.354486e+00	25797.000000	0.000000e+00
1.582818e+00	2.129170e+02	1.330030e+00	25627.000000	0.000000e+00
1.607259e+00	2.085524e+02	1.264140e+00	27217.000000	0.000000e+00
1.631809e+00	2.043956e+02	1.231455e+00	27549.000000	0.000000e+00
1.656366e+00	2.003256e+02	1.180163e+00	28813.000000	0.000000e+00
1.680925e+00	1.981803e+02	1.156696e+00	29355.000000	0.000000e+00
1.705257e+00	1.933699e+02	1.117969e+00	29917.000000	0.000000e+00
1.729806e+00	1.906559e+02	1.071625e+00	31653.000000	0.000000e+00
1.754462e+00	1.872912e+02	1.047792e+00	31951.000000	0.000000e+00
1.778992e+00	1.822676e+02	1.002424e+00	33061.000000	0.000000e+00
1.803411e+00	1.795204e+02	9.794080e-01	33597.000000	0.000000e+00
1.827963e+00	1.785097e+02	9.515004e-01	35197.000000	0.000000e+00
1.852647e+00	1.734830e+02	9.165919e-01	35823.000000	0.000000e+00
1.877249e+00	1.718361e+02	8.939496e-01	36949.000000	0.000000e+00
1.901733e+00	1.678778e+02	8.691336e-01	37309.000000	0.000000e+00
1.926241e+00	1.647145e+02	8.332636e-01	39075.000000	0.000000e+00
1.950830e+00	1.625619e+02	8.192558e-01	39373.000000	0.000000e+00
1.975308e+00	1.611838e+02	7.976564e-01	40833.000000	0.000000e+00
1.999729e+00	1.585719e+02	7.811991e-01	41203.000000	0.000000e+00
2.024419e+00	1.545740e+02	7.395206e-01	43689.000000	0.000000e+00
2.049126e+00	1.519755e+02	7.285579e-01	43513.000000	0.000000e+00
2.073508e+00	1.508744e+02	7.157199e-01	44437.000000	0.000000e+00
2.097846e+00	1.485384e+02	6.952061e-01	45651.000000	0.000000e+00
2.122473e+00	1.453904e+02	6.672022e-01	47485.000000	0.000000e+00
2.147106e+00	1.433782e+02	6.546948e-01	47961.000000	0.000000e+00
2.171601e+00	1.412881e+02	6.373193e-01	49147.000000	0.000000e+00
2.196158e+00	1.386549e+02	6.180780e-01	50325.000000	0.000000e+00
2.220735e+00	1.369478e+02	6.025930e-01	51649.000000	0.000000e+00
2.245251e+00	1.351594e+02	5.918430e-01	52153.000000	0.000000e+00
2.269729e+00	1.333253e+02	5.740437e-01	53943.000000	0.000000e+00
2.294271e+00	1.314332e+02	5.619832e-01	54697.000000	0.000000e+00
2.318928e+00	1.287338e+02	5.404167e-01	56745.000000	0.000000e+00
2.343538e+00	1.268419e+02	5.312498e-01	57007.000000	0.000000e+00
2.368026e+00	1.252722e+02	5.181096e-01	58461.000000	0.000000e+00
2.392423e+00	1.218496e+02	5.014728e-01	59041.000000	0.000000e+00
2.416863e+00	1.202052e+02	4.866369e-01	61015.000000	0.000000e+00
2.441509e+00	1.194713e+02	4.773625e-01	62637.000000	0.000000e+00
2.466080e+00	1.173158e+02	4.667717e-01	63169.000000	0.000000e+00
2.490575e+00	1.155798e+02	4.547251e-01	64605.000000	0.000000e+00
2.515186e+00	1.140743e+02	4.424043e-01	66487.000000	0.000000e+00
2.539777e+00	1.129942e+02	4.364272e-01	67033.000000	0.000000e+00
2.564215e+00	1.114265e+02	4.265458e-01	68241.000000	0.000000e+00
2.588707e+00	1.098302e+02	4.151457e-01	69991.000000	0.000000e+00
2.613337e+00	1.078314e+02	4.032526e-01	71505.000000	0.000000e+00
2.637925e+00	1.072694e+02	3.978156e-01	72709.000000	0.000000e+00
2.662420e+00	1.045759e+02	3.858050e-01	73473.000000	0.000000e+00
2.686963e+00	1.031001e+02	3.745679e-01	75763.000000	0.000000e+00
2.711515e+00	1.025599e+02	3.713869e-01	76261.000000	0.000000e+00
2.735982e+00	1.006145e+02	3.602923e-01	77985.000000	0.000000e+00
2.760573e+00	9.930840e+01	3.510841e-01	80011.000000	0.000000e+00
2.785237e+00	9.749151e+01	3.425312e-01	81009.000000	0.000000e+00
2.809671e+00	9.697186e+01	3.394673e-01	81601.000000	0.000000e+00
2.834151e+00	9.514222e+01	3.281137e-01	84081.000000	0.000000e+00
2.858722e+00	9.378508e+01	3.213797e-01	85159.000000	0.000000e+00
2.883250e+00	9.317669e+01	3.165085e-01	86665.000000	0.000000e+00
2.907819e+00	9.135964e+01	3.073783e-01	88341.000000	0.000000e+00
2.932335e+00	9.039691e+01	3.021990e-01	89479.000000	0.000000e+00
2.956914e+00	8.893659e+01	2.939816e-01	91521.000000	0.000000e+00
2.981449e+00	8.763704e+01	2.882657e-01	92425.000000	0.000000e+00
3.005876e+00	8.681625e+01	2.837996e-01	93579.000000	0.000000e+00
3.030403e+00	8.576185e+01	2.763623e-01	96301.000000	0.000000e+00
3.055041e+00	8.445755e+01	2.702631e-01	97657.000000	0.000000e+00
3.079692e+00	8.341796e+01	2.645950e-01	99393.000000	0.000000e+00
3.104241e+00	8.230594e+01	2.600209e-01	100195.000000	0.000000e+00
3.128710e+00	8.162479e+01	2.559425e-01	101709.000000	0.000000e+00
3.153123e+00	8.059810e+01	2.511088e-01	103021.000000	0.000000e+00
3.177619e+00	7.943045e+01	2.444222e-01	105607.000000	0.000000e+00
3.202185e+00	7.882029e+01	2.411760e-01	106809.000000	0.000000e+00
3.226708e+00	7.744765e+01	2.349997e-01	108613.000000	0.000000e+00
3.251321e+00	7.645545e+01	2.297078e-01	110781.000000	0.000000e+00
3.275882e+00	7.542467e+01	2.257344e-01	111643.000000	0.000000e+00
3.300393e+00	7.478042e+01	2.218105e-01	113661.000000	0.000000e+00
3.324955e+00	7.372104e+01	2.171452e-01	115261.000000	0.000000e+00
3.349528e+00	7.309605e+01	2.132658e-01	117475.000000	0.000000e+00
3.374087e+00	7.224381e+01	2.099641e-01	118389.000000	0.000000e+00
3.398541e+00	7.120365e+01	2.055361e-01	120013.000000	0.000000e+00
3.423011e+00	7.045396e+01	2.017927e-01	121899.000000	0.000000e+00
3.447546e+00	6.934182e+01	1.968247e-01	124117.000000	0.000000e+00
3.472176e+00	6.874484e+01	1.931546e-01	126669.000000	0.000000e+00
3.496772e+00	6.792503e+01	1.906315e-01	126961.000000	0.000000e+00
3.521302e+00	6.723265e+01	1.865452e-01	129895.000000	0.000000e+00
3.545845e+00	6.613005e+01	1.830874e-01	130461.000000	0.000000e+00
3.570351e+00	6.584015e+01	1.803190e-01	133321.000000	0.000000e+00
3.594817e+00	6.473029e+01	1.770789e-01	133623.000000	0.000000e+00
3.619340e+00	6.449265e+01	1.739788e-01	137413.000000	0.000000e+00
3.643921e+00	6.352887e+01	1.708648e-01	138241.000000	0.000000e+00
3.668501e+00	6.265210e+01	1.668730e-01	140961.000000	0.000000e+00
3.693083e+00	6.191835e+01	1.641669e-01	142255.000000	0.000000e+00
3.717636e+00	6.091298e+01	1.604279e-01	144165.000000	0.000000e+00
3.742123e+00	6.057656e+01	1.588798e-01	145369.000000	0.000000e+00
3.766623e+00	5.995800e+01	1.557529e-01	148191.000000	0.000000e+00
3.791211e+00	5.935071e+01	1.531444e-01	150193.000000	0.000000e+00
3.815740e+00	5.852706e+01	1.503777e-01	151477.000000	0.000000e+00
3.840250e+00	5.786336e+01	1.475650e-01	153759.000000	0.000000e+00
3.864816e+00	5.758322e+01	1.457355e-01	156121.000000	0.000000e+00
3.889416e+00	5.702460e+01	1.433571e-01	158229.000000	0.000000e+00
3.913984e+00	5.624305e+01	1.407780e-01	159613.000000	0.000000e+00
3.938439e+00	5.535539e+01	1.380219e-01	160851.000000	0.000000e+00
3.962856e+00	5.495086e+01	1.361284e-01	162949.000000	0.000000e+00
3.987408e+00	5.424906e+01	1.328051e-01	166861.000000	0.000000e+00
4.011951e+00	5.380251e+01	1.316780e-01	166947.000000	0.000000e+00
4.036502e+00	5.328458e+01	1.289277e-01	170809.000000	0.000000e+00
4.061101e+00	5.282790e+01	1.273642e-01	172041.000000	0.000000e+00
4.085632e+00	5.227861e+01	1.253972e-01	173809.000000	0.000000e+00
4.110226e+00	5.184219e+01	1.230941e-01	177375.000000	0.000000e+00
4.134760e+00	5.116260e+01	1.216170e-01	176977.000000	0.000000e+00
4.159247e+00	5.074408e+01	1.193305e-01	180829.000000	0.000000e+00
4.183807e+00	5.002954e+01	1.170837e-01	182583.000000	0.000000e+00
4.208321e+00	4.949359e+01	1.153496e-01	184105.000000	0.000000e+00
4.232839e+00	4.907679e+01	1.134006e-01	187293.000000	0.000000e+00
4.257376e+00	4.879003e+01	1.124275e-01	188329.000000	0.000000e+00
4.281944e+00	4.796044e+01	1.093259e-01	192451.000000	0.000000e+00
4.306505e+00	4.765032e+01	1.085812e-01	192585.000000	0.000000e+00
4.331033e+00	4.700388e+01	1.061393e-01	196117.000000	0.000000e+00
4.355617e+00	4.655593e+01	1.045720e-01	198207.000000	0.000000e+00
4.380161e+00	4.623617e+01	1.034915e-01	199597.000000	0.000000e+00
4.404676e+00	4.597722e+01	1.021572e-01	202557.000000	0.000000e+00
4.429249e+00	4.534776e+01	1.001938e-01	204847.000000	0.000000e+00
4.453772e+00	4.510346e+01	9.929266e-02	206341.000000	0.000000e+00
4.478282e+00	4.443982e+01	9.715693e-02	209217.000000	0.000000e+00
4.502777e+00	4.417203e+01	9.627558e-02	210505.000000	0.000000e+00
4.527289e+00	4.383802e+01	9.469800e-02	214299.000000	0.000000e+00
4.551889e+00	4.311922e+01	9.265668e-02	216565.000000	0.000000e+00
4.576426e+00	4.288567e+01	9.188874e-02	217821.000000	0.000000e+00
4.600893e+00	4.238751e+01	9.034277e-02	220135.000000	0.000000e+00
4.625467e+00	4.192754e+01	8.852785e-02	224305.000000	0.000000e+00
4.650035e+00	4.183728e+01	8.821779e-02	224913.000000	0.000000e+00
4.674541e+00	4.131934e+01	8.658378e-02	227737.000000	0.000000e+00
4.699104e+00	4.068718e+01	8.468504e-02	230835.000000	0.000000e+00
4.723670e+00	4.047054e+01	8.388204e-02	232777.000000	0.000000e+00
4.748182e+00	4.018998e+01	8.301499e-02	234381.000000	0.000000e+00
4.772682e+00	3.978904e+01	8.161875e-02	237655.000000	0.000000e+00
4.797203e+00	3.945273e+01	8.064738e-02	239317.000000	0.000000e+00
4.821755e+00	3.907951e+01	7.918933e-02	243537.000000	0.000000e+00
4.846361e+00	3.881227e+01	7.837632e-02	245227.000000	0.000000e+00
4.870915e+00	3.832465e+01	7.707143e-02	247269.000000	0.000000e+00
4.895426e+00	3.808135e+01	7.621989e-02	249625.000000	0.000000e+00
4.919952e+00	3.789581e+01	7.543983e-02	252337.000000	0.000000e+00
4.944496e+00	3.741519e+01	7.404392e-02	255339.000000	0.000000e+00
4.969013e+00	3.702370e+01	7.310815e-02	256465.000000	0.000000e+00
4.993562e+00	3.680349e+01	7.200154e-02	261273.000000	0.000000e+00
5.018138e+00	3.643391e+01	7.114329e-02	262267.000000	0.000000e+00
5.042642e+00	3.610284e+01	7.017461e-02	264681.000000	0.000000e+00
5.067215e+00	3.567855e+01	6.877953e-02	269089.000000	0.000000e+00
5.091775e+00	3.557261e+01	6.854170e-02	269353.000000	0.000000e+00
5.116309e+00	3.529895e+01	6.743088e-02	274035.000000	0.000000e+00
5.140838e+00	3.493007e+01	6.669724e-02	274273.000000	0.000000e+00
5.165333e+00	3.470246e+01	6.575585e-02	278517.000000	0.000000e+00
5.189818e+00	3.444522e+01	6.516066e-02	279439.000000	0.000000e+00
5.214351e+00	3.406986e+01	6.384592e-02	284757.000000	0.000000e+00
5.238947e+00	3.390472e+01	6.335339e-02	286405.000000	0.000000e+00
5.263479e+00	3.351942e+01	6.240311e-02	288523.000000	0.000000e+00
5.288002e+00	3.327130e+01	6.160749e-02	291657.000000	0.000000e+00
5.312546e+00	3.287946e+01	6.060042e-02	294373.000000	0.000000e+00
5.337121e+00	3.276800e+01	6.004396e-02	297825.000000	0.000000e+00
5.361672e+00	3.250829e+01	5.941407e-02	299371.000000	0.000000e+00
5.386196e+00	3.222370e+01	5.857760e-02	302613.000000	0.000000e+00
5.410715e+00	3.199225e+01	5.796373e-02	304633.000000	0.000000e+00
5.435244e+00	3.169572e+01	5.706292e-02	308527.000000	0.000000e+00
5.459823e+00	3.138197e+01	5.624035e-02	311361.000000	0.000000e+00
5.484389e+00	3.120496e+01	5.567869e-02	314101.000000	0.000000e+00
5.508889e+00	3.097264e+01	5.520655e-02	314757.000000	0.000000e+00
5.533464e+00	3.072208e+01	5.412921e-02	322135.000000	0.000000e+00
5.558036e+00	3.048370e+01	5.387755e-02	320125.000000	0.000000e+00
5.582484e+00	3.017839e+01	5.296435e-02	324657.000000	0.000000e+00
5.606956e+00	2.989686e+01	5.232748e-02	326431.000000	0.000000e+00
5.631560e+00	2.974413e+01	5.149706e-02	333609.000000	0.000000e+00
5.656168e+00	2.945924e+01	5.105035e-02	333001.000000	0.000000e+00
5.680698e+00	2.922765e+01	5.036967e-02	336705.000000	0.000000e+00
5.705204e+00	2.905047e+01	4.993561e-02	338443.000000	0.000000e+00
5.729704e+00	2.893547e+01	4.946553e-02	342181.000000	0.000000e+00
5.754232e+00	2.853959e+01	4.857826e-02	345153.000000	0.000000e+00
5.778772e+00	2.828994e+01	4.791335e-02	348619.000000	0.000000e+00
5.803342e+00	2.809092e+01	4.738568e-02	351429.000000	0.000000e+00
5.827902e+00	2.784912e+01	4.676010e-02	354709.000000	0.000000e+00
5.852409e+00	2.773323e+01	4.649309e-02	355815.000000	0.000000e+00
5.876957e+00	2.753933e+01	4.578981e-02	361717.000000	0.000000e+00
5.901534e+00	2.733939e+01	4.538666e-02	362845.000000	0.000000e+00
5.926030e+00	2.712917e+01	4.489338e-02	365181.000000	0.000000e+00
5.950548e+00	2.702951e+01	4.444543e-02	369847.000000	0.000000e+00
5.975137e+00	2.670239e+01	4.371213e-02	373161.000000	0.000000e+00
5.999657e+00	2.647209e+01	4.329315e-02	373885.000000	0.000000e+00
6.024161e+00	2.639094e+01	4.286894e-02	378987.000000	0.000000e+00
6.048714e+00	2.617226e+01	4.238586e-02	381277.000000	0.000000e+00
6.073267e+00	2.601394e+01	4.189931e-02	385477.000000	0.000000e+00
6.097868e+00	2.578466e+01	4.134977e-02	388845.000000	0.000000e+00
6.122369e+00	2.559370e+01	4.105569e-02	388615.000000	0.000000e+00
6.146867e+00	2.538055e+01	4.037902e-02	395085.000000	0.000000e+00
6.171452e+00	2.529919e+01	4.013313e-02	397381.000000	0.000000e+00
6.195974e+00	2.504764e+01	3.961018e-02	399871.000000	0.000000e+00
6.220444e+00	2.486923e+01	3.924853e-02	401493.000000	0.000000e+00
6.244986e+00	2.477329e+01	3.873963e-02	408937.000000	0.000000e+00
6.269588e+00	2.445632e+01	3.820409e-02	409791.000000	0.000000e+00
6.294124e+00	2.430225e+01	3.781486e-02	413017.000000	0.000000e+00
6.318633e+00	2.416535e+01	3.747755e-02	415761.000000	0.000000e+00
6.343202e+00	2.398330e+01	3.696899e-02	420865.000000	0.000000e+00
6.367770e+00	2.383400e+01	3.665612e-02	422767.000000	0.000000e+00
6.392288e+00	2.368832e+01	3.631824e-02	425421.000000	0.000000e+00
6.416837e+00	2.351127e+01	3.583248e-02	430525.000000	0.000000e+00
6.441383e+00	2.334715e+01	3.553229e-02	431739.000000	0.000000e+00
6.465913e+00	2.319956e+01	3.511358e-02	436525.000000	0.000000e+00
6.490433e+00	2.310289e+01	3.489413e-02	438357.000000	0.000000e+00
6.514946e+00	2.283770e+01	3.433634e-02	442381.000000	0.000000e+00
6.539518e+00	2.273175e+01	3.397878e-02	447559.000000	0.000000e+00
6.564059e+00	2.253688e+01	3.368064e-02	447741.000000	0.000000e+00
6.588587e+00	2.244080e+01	3.331047e-02	453853.000000	0.000000e+00
6.613110e+00	2.223604e+01	3.298554e-02	454431.000000	0.000000e+00
6.637622e+00	2.210179e+01	3.258869e-02	459961.000000	0.000000e+00
6.662172e+00	2.191777e+01	3.221917e-02	462769.000000	0.000000e+00
6.686693e+00	2.178768e+01	3.192496e-02	465759.000000	0.000000e+00
6.711227e+00	2.163609e+01	3.156092e-02	469957.000000	0.000000e+00
6.735777e+00	2.147441e+01	3.120828e-02	473481.000000	0.000000e+00
6.760323e+00	2.137880e+01	3.097906e-02	476245.000000	0.000000e+00
6.784855e+00	2.119823e+01	3.058736e-02	480303.000000	0.000000e+00
6.809427e+00	2.110486e+01	3.031817e-02	484573.000000	0.000000e+00
6.833979e+00	2.101448e+01	3.012869e-02	486493.000000	0.000000e+00
6.858503e+00	2.086083e+01	2.978263e-02	490611.000000	0.000000e+00
6.883055e+00	2.072558e+01	2.947984e-02	494269.000000	0.000000e+00
6.907584e+00	2.056265e+01	2.915949e-02	497277.000000	0.000000e+00
6.932134e+00	2.047929e+01	2.891341e-02	501685.000000	0.000000e+00
6.956669e+00	2.026021e+01	2.853452e-02	504135.000000	0.000000e+00
6.981221e+00	2.014827e+01	2.823679e-02	509149.000000	0.000000e+00
7.005753e+00	2.002212e+01	2.801941e-02	510625.000000	0.000000e+00
7.030233e+00	1.986890e+01	2.770162e-02	514443.000000	0.000000e+00
7.054782e+00	1.982105e+01	2.748598e-02	520033.000000	0.000000e+00
7.079343e+00	1.967998e+01	2.721832e-02	522789.000000	0.000000e+00
7.103883e+00	1.951516e+01	2.690763e-02	526009.000000	0.000000e+00
7.128424e+00	1.942602e+01	2.667174e-02	530475.000000	0.000000e+00
7.152965e+00	1.930832e+01	2.644745e-02	532993.000000	0.000000e+00
7.177501e+00	1.914179e+01	2.610848e-02	537529.000000	0.000000e+00
7.202013e+00	1.903864e+01	2.591572e-02	539691.000000	0.000000e+00
7.226577e+00	1.891957e+01	2.558950e-02	546637.000000	0.000000e+00
7.251125e+00	1.883736e+01	2.547085e-02	546957.000000	0.000000e+00
7.275651e+00	1.874845e+01	2.521960e-02	552655.000000	0.000000e+00
7.300226e+00	1.857766e+01	2.489934e-02	556681.000000	0.000000e+00
7.324759e+00	1.849851e+01	2.475282e-02	558501.000000	0.000000e+00
7.349299e+00	1.833723e+01	2.441294e-02	564193.000000	0.000000e+00
7.373825e+00	1.824810e+01	2.426509e-02	565551.000000	0.000000e+00
7.398312e+00	1.811800e+01	2.400140e-02	569833.000000	0.000000e+00
7.422892e+00	1.808753e+01	2.380373e-02	577389.000000	0.000000e+00
7.447442e+00	1.785545e+01	2.351986e-02	576331.000000	0.000000e+00
7.471956e+00	1.781805e+01	2.333891e-02	582853.000000	0.000000e+00
7.496499e+00	1.768109e+01	2.309927e-02	585897.000000	0.000000e+00
7.521014e+00	1.762787e+01	2.297609e-02	588637.000000	0.000000e+00
7.545557e+00	1.749546e+01	2.267647e-02	595251.000000	0.000000e+00
7.570086e+00	1.737185e+01	2.250494e-02	595849.000000	0.000000e+00
7.594613e+00	1.728984e+01	2.227930e-02	602253.000000	0.000000e+00
7.619172e+00	1.712859e+01	2.200566e-02	605863.000000	0.000000e+00
7.643756e+00	1.709280e+01	2.186944e-02	610873.000000	0.000000e+00
7.668263e+00	1.699400e+01	2.175229e-02	610353.000000	0.000000e+00
7.692777e+00	1.690851e+01	2.149799e-02	618607.000000	0.000000e+00
7.717371e+00	1.679831e+01	2.129638e-02	622185.000000	0.000000e+00
7.741929e+00	1.670489e+01	2.112619e-02	625237.000000	0.000000e+00
7.766457e+00	1.660378e+01	2.095159e-02	628029.000000	0.000000e+00
7.790953e+00	1.650726e+01	2.076466e-02	631975.000000	0.000000e+00
7.815489e+00	1.640144e+01	2.054156e-02	637525.000000	0.000000e+00
7.840050e+00	1.631181e+01	2.036107e-02	641805.000000	0.000000e+00
7.864588e+00	1.621700e+01	2.020313e-02	644323.000000	0.000000e+00
7.889126e+00	1.611372e+01	1.999601e-02	649389.000000	0.000000e+00
7.913643e+00	1.603685e+01	1.986517e-02	651709.000000	0.000000e+00
7.938181e+00	1.593151e+01	1.963551e-02	658309.000000	0.000000e+00
7.962760e+00	1.589630e+01	1.952846e-02	662607.000000	0.000000e+00
7.987311e+00	1.576694e+01	1.934576e-02	664237.000000	0.000000e+00
8.011811e+00	1.561511e+01	1.910301e-02	668169.000000	0.000000e+00
8.036325e+00	1.560356e+01	1.901156e-02	673615.000000	0.000000e+00
8.060868e+00	1.547457e+01	1.879820e-02	677649.000000	0.000000e+00
8.085446e+00	1.543038e+01	1.865876e-02	683893.000000	0.000000e+00
8.109989e+00	1.533583e+01	1.854426e-02	683905.000000	0.000000e+00
8.134471e+00	1.525817e+01	1.838399e-02	688851.000000	0.000000e+00
8.159038e+00	1.514499e+01	1.813818e-02	697189.000000	0.000000e+00
8.183598e+00	1.508149e+01	1.807433e-02	696249.000000	0.000000e+00
8.208073e+00	1.502707e+01	1.794291e-02	701395.000000	0.000000e+00
8.232590e+00	1.495811e+01	1.779597e-02	706497.000000	0.000000e+00
8.257144e+00	1.484862e+01	1.759378e-02	712285.000000	0.000000e+00
8.281710e+00	1.475295e+01	1.743912e-02	715663.000000	0.000000e+00
8.306271e+00	1.467195e+01	1.729037e-02	720057.000000	0.000000e+00
8.330826e+00	1.462697e+01	1.718342e-02	724585.000000	0.000000e+00
8.355374e+00	1.452960e+01	1.703765e-02	727257.000000	0.000000e+00
8.379901e+00	1.446207e+01	1.689533e-02	732703.000000	0.000000e+00
8.404418e+00	1.438424e+01	1.678007e-02	734829.000000	0.000000e+00
8.428928e+00	1.428657e+01	1.660008e-02	740689.000000	0.000000e+00
8.453504e+00	1.417424e+01	1.638910e-02	747979.000000	0.000000e+00
8.478051e+00	1.413846e+01	1.635874e-02	746973.000000	0.000000e+00
8.502580e+00	1.407126e+01	1.617975e-02	756349.000000	0.000000e+00
8.527138e+00	1.402307e+01	1.612131e-02	756633.000000	0.000000e+00
8.551634e+00	1.393238e+01	1.596475e-02	761599.000000	0.000000e+00
8.576156e+00	1.385556e+01	1.581895e-02	767173.000000	0.000000e+00
8.600697e+00	1.378224e+01	1.569347e-02	771261.000000	0.000000e+00
8.625259e+00	1.371097e+01	1.554921e-02	777535.000000	0.000000e+00
8.649836e+00	1.363030e+01	1.542702e-02	780633.000000	0.000000e+00
8.674376e+00	1.356205e+01	1.530966e-02	784729.000000	0.000000e+00
8.698927e+00	1.350241e+01	1.519383e-02	789747.000000	0.000000e+00
8.723450e+00	1.343372e+01	1.509604e-02	791893.000000	0.000000e+00
8.747957e+00	1.334298e+01	1.493962e-02	797677.000000	0.000000e+00
8.772521e+00	1.328870e+01	1.481626e-02	804429.000000	0.000000e+00
8.797047e+00	1.320059e+01	1.471705e-02	804535.000000	0.000000e+00
8.821541e+00	1.315781e+01	1.461202e-02	810861.000000	0.000000e+00
8.846076e+00	1.309846e+01	1.449736e-02	816325.000000	0.000000e+00
8.870641e+00	1.304681e+01	1.438676e-02	822399.000000	0.000000e+00
8.895170e+00	1.300522e+01	1.433997e-02	822505.000000	0.000000e+00
8.919713e+00	1.288548e+01	1.412107e-02	832657.000000	0.000000e+00
8.944263e+00	1.286342e+01	1.410363e-02	831861.000000	0.000000e+00
8.968772e+00	1.277998e+01	1.394963e-02	839335.000000	0.000000e+00
8.993334e+00	1.271243e+01	1.383175e-02	844701.000000	0.000000e+00
9.017895e+00	1.266184e+01	1.375032e-02	847945.000000	0.000000e+00
9.042430e+00	1.260718e+01	1.365102e-02	852915.000000	0.000000e+00
9.066970e+00	1.252588e+01	1.353229e-02	856789.000000	0.000000e+00
9.091538e+00	1.249308e+01	1.343341e-02	864901.000000	0.000000e+00
9.116063e+00	1.242363e+01	1.337767e-02	862455.000000	0.000000e+00
9.140573e+00	1.233340e+01	1.319642e-02	873481.000000	0.000000e+00
9.165140e+00	1.232424e+01	1.316884e-02	875841.000000	0.000000e+00
9.189653e+00	1.222973e+01	1.304622e-02	878749.000000	0.000000e+00
9.214176e+00	1.216898e+01	1.292448e-02	886507.000000	0.000000e+00
9.238722e+00	1.211569e+01	1.284884e-02	889137.000000	0.000000e+00
9.263252e+00	1.208063e+01	1.276810e-02	895213.000000	0.000000e+00
9.287810e+00	1.201191e+01	1.265701e-02	900663.000000	0.000000e+00
9.312363e+00	1.195079e+01	1.256752e-02	904261.000000	0.000000e+00
9.336898e+00	1.191119e+01	1.249238e-02	909117.000000	0.000000e+00
9.361428e+00	1.186829e+01	1.242132e-02	912937.000000	0.000000e+00
9.385969e+00	1.179539e+01	1.229747e-02	920011.000000	0.000000e+00
9.410496e+00	1.173921e+01	1.223068e-02	921249.000000	0.000000e+00
9.435027e+00	1.168810e+01	1.211983e-02	930025.000000	0.000000e+00
9.459577e+00	1.163739e+01	1.205247e-02	932307.000000	0.000000e+00
9.484080e+00	1.159779e+01	1.198835e-02	935905.000000	0.000000e+00
9.508599e+00	1.153959e+01	1.187776e-02	943869.000000	0.000000e+00
9.533177e+00	1.151489e+01	1.181735e-02	949465.000000	0.000000e+00
9.557740e+00	1.144019e+01	1.171993e-02	952831.000000	0.000000e+00
9.582283e+00	1.140371e+01	1.165302e-02	957669.000000	0.000000e+00
9.606825e+00	1.134252e+01	1.156182e-02	962425.000000	0.000000e+00
9.631356e+00	1.130147e+01	1.149262e-02	967011.000000	0.000000e+00
9.655881e+00	1.124902e+01	1.141384e-02	971329.000000	0.000000e+00
9.680426e+00	1.119368e+01	1.131451e-02	978757.000000	0.000000e+00
9.704942e+00	1.115783e+01	1.127735e-02	978915.000000	0.000000e+00
9.729497e+00	1.108974e+01	1.113677e-02	991573.000000	0.000000e+00
9.754046e+00	1.105804e+01	1.111923e-02	989025.000000	0.000000e+00
9.778535e+00	1.098906e+01	1.101283e-02	995689.000000	0.000000e+00
9.803103e+00	1.095219e+01	1.091727e-02	1006407.000000	0.000000e+00
9.827649e+00	1.091576e+01	1.089781e-02	1003297.000000	0.000000e+00
9.852180e+00	1.086533e+01	1.078170e-02	1015573.000000	0.000000e+00
9.876731e+00	1.082585e+01	1.074474e-02	1015155.000000	0.000000e+00
9.901284e+00	1.076790e+01	1.063512e-02	1025125.000000	0.000000e+00
9.925835e+00	1.072387e+01	1.058596e-02	1026225.000000	0.000000e+00
9.950350e+00	1.067834e+01	1.051459e-02	1031389.000000	0.000000e+00
9.974902e+00	1.063792e+01	1.043107e-02	1040055.000000	0.000000e+00
9.999429e+00	1.060320e+01	1.040237e-02	1038985.000000	0.000000e+00
1.002392e+01	1.054505e+01	1.030234e-02	1047673.000000	0.000000e+00
1.004849e+01	1.053964e+01	1.025899e-02	1055463.000000	0.000000e+00
1.007303e+01	1.049302e+01	1.021019e-02	1056169.000000	0.000000e+00
1.009756e+01	1.042941e+01	1.010854e-02	1064493.000000	0.000000e+00
1.012209e+01	1.039498e+01	1.006519e-02	1066603.000000	0.000000e+00
1.014664e+01	1.035885e+01	9.985085e-03	1076265.000000	0.000000e+00
1.017120e+01	1.031019e+01	9.928431e-03	1078381.000000	0.000000e+00
1.019572e+01	1.026455e+01	9.865994e-03	1082425.000000	0.000000e+00
1.022025e+01	1.024656e+01	9.812377e-03	1090455.000000	0.000000e+00
1.024479e+01	1.021077e+01	9.764691e-03	1093453.000000	0.000000e+00
1.026933e+01	1.015843e+01	9.684204e-03	1100337.000000	0.000000e+00
1.029386e+01	1.011906e+01	9.629570e-03	1104247.000000	0.000000e+00
1.031842e+01	1.008061e+01	9.558843e-03	1112149.000000	0.000000e+00
1.034296e+01	1.006149e+01	9.529114e-03	1114857.000000	0.000000e+00
1.036749e+01	1.003318e+01	9.480321e-03	1120033.000000	0.000000e+00
1.039203e+01	9.987749e+00	9.405498e-03	1127643.000000	0.000000e+00
1.041655e+01	9.956999e+00	9.373657e-03	1128337.000000	0.000000e+00
1.044111e+01	9.914507e+00	9.279159e-03	1141629.000000	0.000000e+00
1.046570e+01	9.875524e+00	9.240594e-03	1142143.000000	0.000000e+00
1.049021e+01	9.832819e+00	9.189659e-03	1144873.000000	0.000000e+00
1.051473e+01	9.800279e+00	9.122287e-03	1154169.000000	0.000000e+00
1.053925e+01	9.783384e+00	9.103210e-03	1155019.000000	0.000000e+00
1.056380e+01	9.743524e+00	9.015025e-03	1168149.000000	0.000000e+00
1.058835e+01	9.718483e+00	8.997666e-03	1166641.000000	0.000000e+00
1.061283e+01	9.665894e+00	8.933110e-03	1170789.000000	0.000000e+00
1.063739e+01	9.647416e+00	8.859693e-03	1185727.000000	0.000000e+00
1.066197e+01	9.611172e+00	8.832600e-03	1184065.000000	0.000000e+00
1.068650e+01	9.595056e+00	8.790364e-03	1191465.000000	0.000000e+00
1.071103e+01	9.546838e+00	8.735076e-03	1194499.000000	0.000000e+00
1.073555e+01	9.521840e+00	8.685233e-03	1201929.000000	0.000000e+00
1.076011e+01	9.499900e+00	8.637997e-03	1209517.000000	0.000000e+00
1.078466e+01	9.466555e+00	8.597334e-03	1212429.000000	0.000000e+00
1.080918e+01	9.436219e+00	8.554058e-03	1216891.000000	0.000000e+00
1.083370e+01	9.395985e+00	8.497310e-03	1222705.000000	0.000000e+00
1.085823e+01	9.378656e+00	8.454150e-03	1230669.000000	0.000000e+00
1.088282e+01	9.337447e+00	8.388025e-03	1239187.000000	0.000000e+00
1.090737e+01	9.325232e+00	8.382039e-03	1237713.000000	0.000000e+00
1.093189e+01	9.275107e+00	8.306704e-03	1246753.000000	0.000000e+00
1.095642e+01	9.260845e+00	8.282340e-03	1250245.000000	0.000000e+00
1.098096e+01	9.243701e+00	8.234581e-03	1260111.000000	0.000000e+00
1.100552e+01	9.215005e+00	8.203050e-03	1261945.000000	0.000000e+00
1.103005e+01	9.179643e+00	8.149914e-03	1268661.000000	0.000000e+00
1.105458e+01	9.156061e+00	8.111662e-03	1274083.000000	0.000000e+00
1.107911e+01	9.133211e+00	8.074546e-03	1279413.000000	0.000000e+00
1.110366e+01	9.110445e+00	8.029292e-03	1287433.000000	0.000000e+00
1.112821e+01	9.084631e+00	7.995055e-03	1291135.000000	0.000000e+00
1.115273e+01	9.055388e+00	7.955756e-03	1295541.000000	0.000000e+00
1.117726e+01	9.043909e+00	7.923088e-03	1302937.000000	0.000000e+00
1.120181e+01	9.012534e+00	7.875366e-03	1309641.000000	0.000000e+00
1.122634e+01	8.991723e+00	7.848922e-03	1312399.000000	0.000000e+00
1.125085e+01	8.994991e+00	7.832669e-03	1318809.000000	0.000000e+00
1.127541e+01	8.945286e+00	7.757745e-03	1329589.000000	0.000000e+00
1.129999e+01	8.938075e+00	7.745290e-03	1331719.000000	0.000000e+00
1.132451e+01	8.922444e+00	7.721587e-03	1335225.000000	0.000000e+00
1.134903e+01	8.898809e+00	7.676841e-03	1343689.000000	0.000000e+00
1.137357e+01	8.886000e+00	7.653031e-03	1348173.000000	0.000000e+00
1.139811e+01	8.870894e+00	7.617246e-03	1356247.000000	0.000000e+00
1.142265e+01	8.838966e+00	7.582449e-03	1358889.000000	0.000000e+00
1.144718e+01	8.835539e+00	7.556379e-03	1367221.000000	0.000000e+00
1.147174e+01	8.804681e+00	7.511271e-03	1374043.000000	0.000000e+00
1.149628e+01	8.788440e+00	7.488620e-03	1377273.000000	0.000000e+00
1.152079e+01	8.778804e+00	7.469213e-03	1381405.000000	0.000000e+00
1.154533e+01	8.751864e+00	7.415175e-03	1393023.000000	0.000000e+00
1.156988e+01	8.739258e+00	7.402173e-03	1393897.000000	0.000000e+00
1.159441e+01	8.735395e+00	7.375067e-03	1402921.000000	0.000000e+00
1.161895e+01	8.702955e+00	7.335182e-03	1407705.000000	0.000000e+00
1.164349e+01	8.691159e+00	7.308443e-03	1414183.000000	0.000000e+00
1.166804e+01	8.683217e+00	7.287336e-03	1419789.000000	0.000000e+00
1.169259e+01	8.668972e+00	7.256108e-03	1427341.000000	0.000000e+00
1.171712e+01	8.666646e+00	7.250256e-03	1428879.000000	0.000000e+00
1.174164e+01	8.618818e+00	7.186719e-03	1438249.000000	0.000000e+00
1.176619e+01	8.640131e+00	7.186734e-03	1445365.000000	0.000000e+00
1.179072e+01	8.612811e+00	7.160899e-03	1446621.000000	0.000000e+00
1.181525e+01	8.598444e+00	7.122363e-03	1457443.000000	0.000000e+00
1.183979e+01	8.585068e+00	7.102482e-03	1461057.000000	0.000000e+00
1.186435e+01	8.581207e+00	7.077542e-03	1470049.000000	0.000000e+00
1.188889e+01	8.577973e+00	7.066799e-03	1473411.000000	0.000000e+00
1.191343e+01	8.568180e+00	7.043208e-03	1479913.000000	0.000000e+00
1.193797e+01	8.571707e+00	7.029795e-03	1486789.000000	0.000000e+00
1.196251e+01	8.548029e+00	6.998858e-03	1491687.000000	0.000000e+00
1.198703e+01	8.543619e+00	6.982512e-03	1497133.000000	0.000000e+00
1.201156e+01	8.534679e+00	6.956810e-03	1505061.000000	0.000000e+00
1.203612e+01	8.530782e+00	6.938841e-03	1511485.000000	0.000000e+00
1.206065e+01	8.513468e+00	6.915700e-03	1515447.000000	0.000000e+00
1.208515e+01	8.515373e+00	6.907277e-03	1519825.000000	0.000000e+00
1.210971e+01	8.505180e+00	6.863255e-03	1535701.000000	0.000000e+00
1.213428e+01	8.503738e+00	6.870253e-03	1532055.000000	0.000000e+00
1.215881e+01	8.493269e+00	6.832852e-03	1545061.000000	0.000000e+00
1.218336e+01	8.483958e+00	6.824152e-03	1545609.000000	0.000000e+00
1.220787e+01	8.496440e+00	6.819137e-03	1552441.000000	0.000000e+00
1.223242e+01	8.496696e+00	6.794403e-03	1563859.000000	0.000000e+00
1.225696e+01	8.495102e+00	6.793750e-03	1563573.000000	0.000000e+00
1.228148e+01	8.497120e+00	6.773633e-03	1573621.000000	0.000000e+00
1.230602e+01	8.499476e+00	6.764632e-03	1578687.000000	0.000000e+00
1.233056e+01	8.492202e+00	6.744048e-03	1585621.000000	0.000000e+00
1.235512e+01	8.495399e+00	6.726239e-03	1595229.000000	0.000000e+00
1.237965e+01	8.480314e+00	6.718280e-03	1593337.000000	0.000000e+00
1.240419e+01	8.493137e+00	6.694056e-03	1609747.000000	0.000000e+00
1.242874e+01	8.490352e+00	6.697301e-03	1607133.000000	0.000000e+00
1.245325e+01	8.498584e+00	6.684771e-03	1616293.000000	0.000000e+00
1.247780e+01	8.493921e+00	6.657833e-03	1627611.000000	0.000000e+00
1.250235e+01	8.508592e+00	6.671723e-03	1626445.000000	0.000000e+00
1.252688e+01	8.516200e+00	6.651931e-03	1639065.000000	0.000000e+00
1.255143e+01	8.525930e+00	6.654325e-03	1641631.000000	0.000000e+00
1.257596e+01	8.525053e+00	6.646602e-03	1645109.500000	0.000000e+00
1.260049e+01	8.496829e+00	6.630354e-03	1642254.000000	0.000000e+00
1.262503e+01	8.474282e+00	6.619054e-03	1639132.000000	0.000000e+00
1.264958e+01	8.452325e+00	6.606376e-03	1636914.000000	0.000000e+00
1.267411e+01	8.428069e+00	6.599988e-03	1630684.000000	0.000000e+00
1.269864e+01	8.397533e+00	6.580036e-03	1628722.000000	0.000000e+00
1.272316e+01	8.370615e+00	6.567619e-03	1624422.000000	0.000000e+00
1.274773e+01	8.360902e+00	6.554255e-03	1627270.000000	0.000000e+00
1.277225e+01	8.338515e+00	6.567307e-03	1612140.000000	0.000000e+00
1.279677e+01	8.318896e+00	6.536793e-03	1619578.000000	0.000000e+00
1.282133e+01	8.300959e+00	6.542052e-03	1610010.000000	0.000000e+00
1.284587e+01	8.274167e+00	6.519532e-03	1610704.000000	0.000000e+00
1.287043e+01	8.252382e+00	6.513380e-03	1605262.000000	0.000000e+00
1.289495e+01	8.232772e+00	6.509880e-03	1599360.000000	0.000000e+00
1.291951e+01	8.223288e+00	6.497158e-03	1601932.000000	0.000000e+00
1.294403e+01	8.201034e+00	6.506741e-03	1588584.000000	0.000000e+00
1.296853e+01	8.189495e+00	6.491317e-03	1591654.000000	0.000000e+00
1.299309e+01	8.150905e+00	6.466065e-03	1589028.000000	0.000000e+00
1.301763e+01	8.129917e+00	6.465196e-03	1581280.000000	0.000000e+00
1.304217e+01	8.109921e+00	6.449772e-03	1581046.000000	0.000000e+00
1.306670e+01	8.103949e+00	6.457480e-03	1574952.000000	0.000000e+00
1.309123e+01	8.099738e+00	6.461295e-03	1571458.000000	0.000000e+00
1.311579e+01	8.074762e+00	6.441896e-03	1571202.000000	0.000000e+00
1.314034e+01	8.070206e+00	6.452054e-03	1564492.000000	0.000000e+00
1.316488e+01	8.041671e+00	6.437214e-03	1560618.000000	0.000000e+00
1.318940e+01	8.010135e+00	6.421611e-03	1555936.000000	0.000000e+00
1.321393e+01	8.012398e+00	6.430980e-03	1552282.000000	0.000000e+00
1.323848e+01	7.981068e+00	6.406796e-03	1551816.000000	0.000000e+00
1.326302e+01	7.970917e+00	6.417275e-03	1542820.000000	0.000000e+00
1.328757e+01	7.955270e+00	6.401301e-03	1544448.000000	0.000000e+00
1.331210e+01	7.940603e+00	6.409805e-03	1534678.000000	0.000000e+00
1.333662e+01	7.906537e+00	6.385216e-03	1533280.000000	0.000000e+00
1.336117e+01	7.896792e+00	6.381926e-03	1531080.000000	0.000000e+00
1.338570e+01	7.885605e+00	6.389537e-03	1523110.000000	0.000000e+00
1.341022e+01	7.866430e+00	6.377916e-03	1521240.000000	0.000000e+00
1.343476e+01	7.852353e+00	6.375655e-03	1516876.000000	0.000000e+00
1.345932e+01	7.833916e+00	6.363349e-03	1515606.000000	0.000000e+00
1.348389e+01	7.826746e+00	6.367027e-03	1511086.000000	0.000000e+00
1.350843e+01	7.797608e+00	6.361091e-03	1502656.000000	0.000000e+00
1.353293e+01	7.790581e+00	6.363668e-03	1498734.000000	0.000000e+00
1.355748e+01	7.772831e+00	6.349619e-03	1498522.000000	0.000000e+00
1.358203e+01	7.757161e+00	6.351274e-03	1491708.000000	0.000000e+00
1.360658e+01	7.746202e+00	6.346826e-03	1489582.000000	0.000000e+00
1.363111e+01	7.734533e+00	6.356184e-03	1480728.000000	0.000000e+00
1.365563e+01	7.726239e+00	6.349694e-03	1480576.000000	0.000000e+00
1.368019e+01	7.703486e+00	6.341089e-03	1475866.000000	0.000000e+00
1.370473e+01	7.694489e+00	6.347293e-03	1469544.000000	0.000000e+00
1.372924e+01	7.666604e+00	6.336582e-03	1463848.000000	0.000000e+00
1.375380e+01	7.660491e+00	6.324452e-03	1467126.000000	0.000000e+00
1.377836e+01	7.655127e+00	6.347252e-03	1454566.000000	0.000000e+00
1.380287e+01	7.630744e+00	6.333473e-03	1451610.000000	0.000000e+00
1.382737e+01	7.611719e+00	6.330324e-03	1445818.000000	0.000000e+00
1.385191e+01	7.604847e+00	6.324176e-03	1446016.000000	0.000000e+00
1.387648e+01	7.596467e+00	6.329664e-03	1440330.000000	0.000000e+00
1.390103e+01	7.574900e+00	6.320670e-03	1436242.000000	0.000000e+00
1.392557e+01	7.566609e+00	6.331999e-03	1427976.000000	0.000000e+00
1.395012e+01	7.564768e+00	6.328389e-03	1428910.000000	0.000000e+00
1.397464e+01	7.559347e+00	6.353927e-03	1415416.000000	0.000000e+00
1.399917e+01	7.526046e+00	6.314326e-03	1420626.000000	0.000000e+00
1.402372e+01	7.532725e+00	6.347108e-03	1408486.000000	0.000000e+00
1.404824e+01	7.521160e+00	6.340627e-03	1407036.000000	0.000000e+00
1.407278e+01	7.502421e+00	6.335217e-03	1402426.000000	0.000000e+00
1.409731e+01	7.488705e+00	6.339598e-03	1395372.000000	0.000000e+00
1.412183e+01	7.483619e+00	6.341736e-03	1392538.000000	0.000000e+00
1.414639e+01	7.475265e+00	6.339685e-03	1390330.000000	0.000000e+00
1.417094e+01	7.468578e+00	6.356501e-03	1380510.000000	0.000000e+00
1.419546e+01	7.449404e+00	6.343206e-03	1379194.000000	0.000000e+00
1.422001e+01	7.436457e+00	6.347841e-03	1372398.000000	0.000000e+00
1.424455e+01	7.426042e+00	6.346451e-03	1369156.000000	0.000000e+00
1.426908e+01	7.431634e+00	6.370587e-03	1360848.000000	0.000000e+00
1.429362e+01	7.416189e+00	6.357170e-03	1360924.000000	0.000000e+00
1.431818e+01	7.405518e+00	6.367818e-03	1352476.000000	0.000000e+00
1.434273e+01	7.401101e+00	6.370647e-03	1349664.000000	0.000000e+00
1.436724e+01	7.399464e+00	6.395051e-03	1338790.000000	0.000000e+00
1.439177e+01	7.389460e+00	6.378473e-03	1342122.000000	0.000000e+00
1.441633e+01	7.379175e+00	6.395657e-03	1331206.000000	0.000000e+00
1.444087e+01	7.363957e+00	6.387705e-03	1329024.000000	0.000000e+00
1.446541e+01	7.367296e+00	6.407842e-03	1321882.000000	0.000000e+00
1.448996e+01	7.349028e+00	6.398113e-03	1319338.000000	0.000000e+00
1.451448e+01	7.348614e+00	6.423211e-03	1308900.000000	0.000000e+00
1.453902e+01	7.339895e+00	6.412597e-03	1310122.000000	0.000000e+00
1.456356e+01	7.327177e+00	6.426651e-03	1299882.000000	0.000000e+00
1.458809e+01	7.329585e+00	6.437585e-03	1296322.000000	0.000000e+00
1.461262e+01	7.317035e+00	6.436953e-03	1292140.000000	0.000000e+00
1.463716e+01	7.306340e+00	6.446862e-03	1284408.000000	0.000000e+00
1.466171e+01	7.310164e+00	6.453362e-03	1283164.000000	0.000000e+00
1.468625e+01	7.298722e+00	6.467541e-03	1273548.000000	0.000000e+00
1.471078e+01	7.302505e+00	6.480277e-03	1269862.000000	0.000000e+00
1.473534e+01	7.290787e+00	6.477054e-03	1267050.000000	0.000000e+00
1.475987e+01	7.277934e+00	6.495546e-03	1255408.000000	0.000000e+00
1.478439e+01	7.279001e+00	6.496358e-03	1255462.000000	0.000000e+00
1.480894e+01	7.280248e+00	6.520003e-03	1246800.000000	0.000000e+00
1.483348e+01	7.258792e+00	6.507309e-03	1244302.000000	0.000000e+00
1.485802e+01	7.256134e+00	6.529050e-03	1235124.000000	0.000000e+00
1.488256e+01	7.252479e+00	6.531305e-03	1233028.000000	0.000000e+00
1.490708e+01	7.241211e+00	6.548615e-03	1222710.000000	0.000000e+00
1.493162e+01	7.246781e+00	6.555540e-03	1222006.000000	0.000000e+00
1.495618e+01	7.244770e+00	6.570534e-03	1215760.000000	0.000000e+00
1.498071e+01	7.239855e+00	6.590282e-03	1206846.000000	0.000000e+00
1.500525e+01	7.233173e+00	6.590728e-03	1204456.000000	0.000000e+00
1.502980e+01	7.233519e+00	6.609749e-03	1197648.000000	0.000000e+00
1.505434e+01	7.219168e+00	6.616110e-03	1190608.000000	0.000000e+00
1.507886e+01	7.233317e+00	6.641669e-03	1186098.000000	0.000000e+00
1.510342e+01	7.228391e+00	6.650876e-03	1181206.000000	0.000000e+00
1.512796e+01	7.210030e+00	6.657986e-03	1172704.000000	0.000000e+00
1.515246e+01	7.219736e+00	6.682020e-03	1167420.000000	0.000000e+00
1.517700e+01	7.207047e+00	6.682261e-03	1163236.000000	0.000000e+00
1.520157e+01	7.213896e+00	6.700297e-03	1159182.000000	0.000000e+00
1.522611e+01	7.208515e+00	6.729035e-03	1147588.000000	0.000000e+00
1.525063e+01	7.217703e+00	6.741526e-03	1146256.000000	0.000000e+00
1.527518e+01	7.203495e+00	6.752664e-03	1137984.000000	0.000000e+00
1.529972e+01	7.214252e+00	6.777528e-03	1133026.000000	0.000000e+00
1.532424e+01	7.212535e+00	6.798793e-03	1125414.000000	0.000000e+00
1.534877e+01	7.208385e+00	6.808166e-03	1121026.000000	0.000000e+00
1.537332e+01	7.217630e+00	6.834215e-03	1115352.000000	0.000000e+00
1.539786e+01	7.201345e+00	6.842103e-03	1107766.000000	0.000000e+00
1.542240e+01	7.216657e+00	6.869537e-03	1103614.000000	0.000000e+00
1.544694e+01	7.221887e+00	6.900500e-03	1095318.000000	0.000000e+00
1.547149e+01	7.211485e+00	6.904158e-03	1091008.000000	0.000000e+00
1.549603e+01	7.221826e+00	6.936135e-03	1084074.000000	0.000000e+00
1.552054e+01	7.217617e+00	6.964009e-03	1074160.000000	0.000000e+00
1.554506e+01	7.222773e+00	6.971958e-03	1073244.000000	0.000000e+00
1.556963e+01	7.220254e+00	6.991337e-03	1066558.000000	0.000000e+00
1.559418e+01	7.216481e+00	7.016140e-03	1057924.000000	0.000000e+00
1.561873e+01	7.220934e+00	7.033359e-03	1054050.000000	0.000000e+00
1.564327e+01	7.236171e+00	7.081073e-03	1044286.000000	0.000000e+00
1.566780e+01	7.234012e+00	7.088062e-03	1041606.000000	0.000000e+00
1.569233e+01	7.233590e+00	7.124708e-03	1030798.000000	0.000000e+00
1.571685e+01	7.241008e+00	7.143271e-03	1027552.000000	0.000000e+00
1.574141e+01	7.233573e+00	7.157612e-03	1021338.000000	0.000000e+00
1.576595e+01	7.226968e+00	7.179248e-03	1013338.000000	0.000000e+00
1.579049e+01	7.261181e+00	7.231642e-03	1008186.000000	0.000000e+00
1.581502e+01	7.243487e+00	7.245683e-03	999394.000000	0.000000e+00
1.583955e+01	7.268322e+00	7.287668e-03	994698.000000	0.000000e+00
1.586407e+01	7.263670e+00	7.311112e-03	987064.000000	0.000000e+00
1.588861e+01	7.260154e+00	7.329952e-03	981046.000000	0.000000e+00
1.591315e+01	7.273084e+00	7.364312e-03	975378.000000	0.000000e+00
1.593770e+01	7.267857e+00	7.386842e-03	968044.000000	0.000000e+00
1.596225e+01	7.289384e+00	7.433938e-03	961488.000000	0.000000e+00
1.598677e+01	7.304227e+00	7.481036e-03	953290.000000	0.000000e+00
1.601131e+01	7.315851e+00	7.509589e-03	949068.000000	0.000000e+00
1.603586e+01	7.296957e+00	7.522373e-03	940966.000000	0.000000e+00
1.606040e+01	7.322243e+00	7.576391e-03	934036.000000	0.000000e+00
1.608493e+01	7.328236e+00	7.608703e-03	927636.000000	0.000000e+00
1.610947e+01	7.338239e+00	7.651458e-03	919804.000000	0.000000e+00
1.613400e+01	7.348361e+00	7.686359e-03	913986.000000	0.000000e+00
1.615854e+01	7.348072e+00	7.713204e-03	907564.000000	0.000000e+00
1.618310e+01	7.365127e+00	7.761456e-03	900480.000000	0.000000e+00
1.620765e+01	7.373371e+00	7.800828e-03	893410.000000	0.000000e+00
1.623216e+01	7.380543e+00	7.852602e-03	883384.000000	0.000000e+00
1.625669e+01	7.388143e+00	7.871405e-03	880980.000000	0.000000e+00
1.628123e+01	7.411684e+00	7.940503e-03	871240.000000	0.000000e+00
1.630580e+01	7.410833e+00	7.957054e-03	867420.000000	0.000000e+00
1.633036e+01	7.426381e+00	8.019654e-03	857518.000000	0.000000e+00
1.635486e+01	7.449097e+00	8.086190e-03	848632.000000	0.000000e+00
1.637939e+01	7.447566e+00	8.098961e-03	845610.000000	0.000000e+00
1.640395e+01	7.466211e+00	8.164178e-03	836326.000000	0.000000e+00
1.642848e+01	7.469312e+00	8.202084e-03	829302.000000	0.000000e+00
1.645298e+01	7.485029e+00	8.263414e-03	820480.000000	0.000000e+00
1.647753e+01	7.492460e+00	8.289114e-03	817020.000000	0.000000e+00
1.650209e+01	7.499113e+00	8.340734e-03	808372.000000	0.000000e+00
1.652660e+01	7.527134e+00	8.424653e-03	798280.000000	0.000000e+00
1.655114e+01	7.538403e+00	8.451241e-03	795642.000000	0.000000e+00
1.657571e+01	7.534037e+00	8.496579e-03	786262.000000	0.000000e+00
1.660025e+01	7.562711e+00	8.574767e-03	777876.000000	0.000000e+00
1.662478e+01	7.576873e+00	8.621111e-03	772420.000000	0.000000e+00
1.664931e+01	7.574885e+00	8.675154e-03	762426.000000	0.000000e+00
1.667386e+01	7.621227e+00	8.748676e-03	758866.000000	0.000000e+00
1.669842e+01	7.638369e+00	8.830149e-03	748282.000000	0.000000e+00
1.672293e+01	7.633047e+00	8.868181e-03	740844.000000	0.000000e+00
1.674748e+01	7.644155e+00	8.910627e-03	735940.000000	0.000000e+00
1.677204e+01	7.656876e+00	8.987240e-03	725856.000000	0.000000e+00
1.679655e+01	7.686884e+00	9.067635e-03	718642.000000	0.000000e+00
1.682107e+01	7.692834e+00	9.119561e-03	711582.000000	0.000000e+00
1.684563e+01	7.716262e+00	9.191433e-03	704770.000000	0.000000e+00
1.687018e+01	7.731831e+00	9.261969e-03	696880.000000	0.000000e+00
1.689472e+01	7.741845e+00	9.334342e-03	687894.000000	0.000000e+00
1.691924e+01	7.767838e+00	9.407597e-03	681778.000000	0.000000e+00
1.694378e+01	7.786543e+00	9.495008e-03	672510.000000	0.000000e+00
1.696830e+01	7.803852e+00	9.563558e-03	665854.000000	0.000000e+00
1.699283e+01	7.804533e+00	9.624114e-03	657616.000000	0.000000e+00
1.701740e+01	7.827571e+00	9.695640e-03	651780.000000	0.000000e+00
1.704195e+01	7.830980e+00	9.773208e-03	642034.000000	0.000000e+00
1.706646e+01	7.847637e+00	9.863355e-03	633036.000000	0.000000e+00
1.709097e+01	7.901395e+00	9.972852e-03	627724.000000	0.000000e+00
1.711553e+01	7.902027e+00	1.004177e-02	619236.000000	0.000000e+00
1.714008e+01	7.928892e+00	1.014517e-02	610810.000000	0.000000e+00
1.716463e+01	7.934516e+00	1.020301e-02	604762.000000	0.000000e+00
1.718918e+01	7.946847e+00	1.031316e-02	593754.000000	0.000000e+00
1.721369e+01	7.978724e+00	1.040726e-02	587752.000000	0.000000e+00
1.723823e+01	7.957933e+00	1.046014e-02	578796.000000	0.000000e+00
1.726278e+01	8.008978e+00	1.059024e-02	571930.000000	0.000000e+00
1.728731e+01	7.984182e+00	1.064126e-02	562956.000000	0.000000e+00
1.731188e+01	8.028444e+00	1.076553e-02	556150.000000	0.000000e+00
1.733641e+01	8.026403e+00	1.085905e-02	546334.000000	0.000000e+00
1.736091e+01	8.035824e+00	1.095981e-02	537594.000000	0.000000e+00
1.738543e+01	8.070281e+00	1.106079e-02	532360.000000	0.000000e+00
1.741000e+01	8.054833e+00	1.114875e-02	521988.000000	0.000000e+00
1.743456e+01	8.098991e+00	1.127586e-02	515896.000000	0.000000e+00
1.745909e+01	8.076685e+00	1.136194e-02	505314.000000	0.000000e+00
1.748363e+01	8.085322e+00	1.144975e-02	498658.000000	0.000000e+00
1.750818e+01	8.074930e+00	1.153484e-02	490066.000000	0.000000e+00
1.753269e+01	8.096957e+00	1.168732e-02	479970.000000	0.000000e+00
1.755722e+01	8.092505e+00	1.174882e-02	474436.000000	0.000000e+00
1.758176e+01	8.091023e+00	1.187829e-02	463980.000000	0.000000e+00
1.760629e+01	8.089879e+00	1.196979e-02	456784.000000	0.000000e+00
1.763083e+01	8.111566e+00	1.211402e-02	448366.000000	0.000000e+00
1.765539e+01	8.087821e+00	1.219421e-02	439902.000000	0.000000e+00
1.767993e+01	8.074642e+00	1.229717e-02	431158.000000	0.000000e+00
1.770446e+01	8.080922e+00	1.242810e-02	422778.000000	0.000000e+00
1.772897e+01	8.068441e+00	1.254607e-02	413584.000000	0.000000e+00
1.775351e+01	8.033029e+00	1.259956e-02	406488.000000	0.000000e+00
1.777808e+01	7.996852e+00	1.267977e-02	397754.500000	0.000000e+00
1.780261e+01	8.003916e+00	1.283053e-02	389149.000000	0.000000e+00
1.782713e+01	8.011658e+00	1.295922e-02	382197.000000	0.000000e+00
1.785169e+01	7.973560e+00	1.300988e-02	375628.000000	0.000000e+00
1.787623e+01	7.994673e+00	1.318327e-02	367752.000000	0.000000e+00
1.790076e+01	7.992529e+00	1.328554e-02	361918.000000	0.000000e+00
1.792530e+01	7.974246e+00	1.338115e-02	355134.000000	0.000000e+00
1.794985e+01	7.990157e+00	1.353162e-02	348667.000000	0.000000e+00
1.797440e+01	7.996274e+00	1.365429e-02	342955.000000	0.000000e+00
1.799891e+01	7.987948e+00	1.378618e-02	335724.000000	0.000000e+00
1.802344e+01	7.987192e+00	1.388214e-02	331036.000000	0.000000e+00
1.804802e+01	8.021414e+00	1.406124e-02	325428.000000	0.000000e+00
1.807255e+01	7.989632e+00	1.416252e-02	318253.000000	0.000000e+00
1.809707e+01	8.012272e+00	1.429767e-02	314037.000000	0.000000e+00
1.812164e+01	8.033863e+00	1.447252e-02	308149.000000	0.000000e+00
1.814617e+01	8.013942e+00	1.457666e-02	302257.000000	0.000000e+00
1.817068e+01	8.049219e+00	1.476692e-02	297117.000000	0.000000e+00
1.819523e+01	8.073331e+00	1.492390e-02	292645.000000	0.000000e+00
1.821979e+01	8.089736e+00	1.509936e-02	287046.000000	0.000000e+00
1.824431e+01	8.094124e+00	1.526028e-02	281329.000000	0.000000e+00
1.826883e+01	8.083103e+00	1.534965e-02	277306.000000	0.000000e+00
1.829337e+01	8.110224e+00	1.554487e-02	272202.000000	0.000000e+00
1.831793e+01	8.127067e+00	1.570707e-02	267718.000000	0.000000e+00
1.834250e+01	8.146003e+00	1.588494e-02	262977.000000	0.000000e+00
1.836701e+01	8.135407e+00	1.604548e-02	257071.000000	0.000000e+00
1.839152e+01	8.129120e+00	1.613778e-02	253746.000000	0.000000e+00
1.841609e+01	8.132910e+00	1.629027e-02	249250.000000	0.000000e+00
1.844064e+01	8.187339e+00	1.656888e-02	244174.000000	0.000000e+00
1.846515e+01	8.151824e+00	1.663672e-02	240090.000000	0.000000e+00
1.848971e+01	8.148627e+00	1.677372e-02	235999.000000	0.000000e+00
1.851428e+01	8.216123e+00	1.706567e-02	231786.000000	0.000000e+00
1.853881e+01	8.206794e+00	1.722282e-02	227059.000000	0.000000e+00
1.856328e+01	8.257882e+00	1.751148e-02	222378.000000	0.000000e+00
1.858784e+01	8.254778e+00	1.759145e-02	220195.000000	0.000000e+00
1.861244e+01	8.302360e+00	1.790525e-02	215002.000000	0.000000e+00
1.863693e+01	8.300896e+00	1.809092e-02	210537.000000	0.000000e+00
1.866143e+01	8.300981e+00	1.823308e-02	207271.000000	0.000000e+00
1.868601e+01	8.285422e+00	1.835004e-02	203871.000000	0.000000e+00
1.871055e+01	8.337048e+00	1.867688e-02	199258.000000	0.000000e+00
1.873503e+01	8.394356e+00	1.899336e-02	195331.000000	0.000000e+00
1.875958e+01	8.353836e+00	1.901849e-02	192939.000000	0.000000e+00
1.878417e+01	8.433977e+00	1.943112e-02	188395.000000	0.000000e+00
1.880870e+01	8.423606e+00	1.958539e-02	184983.000000	0.000000e+00
1.883322e+01	8.420192e+00	1.977972e-02	181219.000000	0.000000e+00
1.885775e+01	8.477739e+00	2.010100e-02	177879.000000	0.000000e+00
1.888231e+01	8.498381e+00	2.033647e-02	174631.000000	0.000000e+00
1.890684e+01	8.494166e+00	2.054712e-02	170899.000000	0.000000e+00
1.893134e+01	8.518997e+00	2.081827e-02	167451.000000	0.000000e+00
1.895590e+01	8.530613e+00	2.100888e-02	164875.000000	0.000000e+00
1.898046e+01	8.612560e+00	2.147357e-02	160863.000000	0.000000e+00
1.900495e+01	8.644011e+00	2.177395e-02	157600.000000	0.000000e+00
1.902946e+01	8.585396e+00	2.181742e-02	154851.000000	0.000000e+00
1.905406e+01	8.722046e+00	2.236282e-02	152119.000000	0.000000e+00
1.907863e+01	8.714616e+00	2.262118e-02	148411.000000	0.000000e+00
1.910311e+01	8.726758e+00	2.292217e-02	144942.000000	0.000000e+00
1.912765e+01	8.736927e+00	2.310233e-02	143023.000000	0.000000e+00
1.915226e+01	8.773112e+00	2.347574e-02	139659.000000	0.000000e+00
1.917678e+01	8.823908e+00	2.390609e-02	136240.000000	0.000000e+00
1.920124e+01	8.858391e+00	2.425191e-02	133419.000000	0.000000e+00
1.922581e+01	8.852287e+00	2.442115e-02	131395.000000	0.000000e+00
1.925040e+01	8.929457e+00	2.496600e-02	127924.000000	0.000000e+00
1.927489e+01	8.931795e+00	2.526101e-02	125019.000000	0.000000e+00
1.929941e+01	8.968544e+00	2.559810e-02	122752.000000	0.000000e+00
1.932402e+01	9.035576e+00	2.604800e-02	120327.000000	0.000000e+00
1.934855e+01	9.048766e+00	2.649192e-02	116668.000000	0.000000e+00
1.937298e+01	9.089769e+00	2.689528e-02	114223.000000	0.000000e+00
1.939755e+01	9.105297e+00	2.711171e-02	112791.000000	0.000000e+00
1.942217e+01	9.154099e+00	2.768737e-02	109312.000000	0.000000e+00
1.944667e+01	9.166096e+00	2.803205e-02	106920.000000	0.000000e+00
1.947113e+01	9.284190e+00	2.878836e-02	104005.000000	0.000000e+00
1.949570e+01	9.231487e+00	2.879166e-02	102804.000000	0.000000e+00
1.952032e+01	9.274775e+00	2.938368e-02	99631.000000	0.000000e+00
1.954482e+01	9.306431e+00	2.986453e-02	97108.000000	0.000000e+00
1.956930e+01	9.441876e+00	3.064397e-02	94935.000000	0.000000e+00
1.959391e+01	9.432488e+00	3.090577e-02	93148.000000	0.000000e+00
1.961850e+01	9.474540e+00	3.152092e-02	90348.000000	0.000000e+00
1.964294e+01	9.496733e+00	3.206764e-02	87703.000000	0.000000e+00
1.966740e+01	9.600437e+00	3.272276e-02	86076.000000	0.000000e+00
1.969204e+01	9.625033e+00	3.313073e-02	84400.000000	0.000000e+00
1.971660e+01	9.675029e+00	3.392534e-02	81331.000000	0.000000e+00
1.974103e+01	9.668446e+00	3.430080e-02	79452.000000	0.000000e+00
1.976563e+01	9.787219e+00	3.500798e-02	78160.000000	0.000000e+00
1.979032e+01	9.848828e+00	3.578436e-02	75750.000000	0.000000e+00
1.981482e+01	9.892242e+00	3.657602e-02	73147.000000	0.000000e+00
1.983914e+01	9.928657e+00	3.731101e-02	70812.000000	0.000000e+00
1.986374e+01	1.001807e+01	3.769389e-02	70636.000000	0.000000e+00
1.988844e+01	9.984562e+00	3.840898e-02	67576.000000	0.000000e+00
1.991292e+01	1.000586e+01	3.902856e-02	65727.000000	0.000000e+00
1.993736e+01	1.018632e+01	4.034825e-02	63736.000000	0.000000e+00
1.996197e+01	1.017597e+01	4.064281e-02	62688.000000	0.000000e+00
1.998658e+01	1.028053e+01	4.188502e-02	60244.000000	0.000000e+00
2.001095e+01	1.026126e+01	4.258115e-02	58072.000000	0.000000e+00
2.003547e+01	1.039761e+01	4.338101e-02	57447.000000	0.000000e+00
2.006019e+01	1.053408e+01	4.475906e-02	55390.000000	0.000000e+00
2.008472e+01	1.053257e+01	4.559425e-02	53364.000000	0.000000e+00
2.010903e+01	1.062411e+01	4.692124e-02	51268.000000	0.000000e+00
2.013363e+01	1.064969e+01	4.709118e-02	51144.000000	0.000000e+00
2.015842e+01	1.077545e+01	4.879216e-02	48772.000000	0.000000e+00
2.018288e+01	1.088200e+01	5.028703e-02	46828.000000	0.000000e+00
2.020721e+01	1.088728e+01	5.111231e-02	45372.000000	0.000000e+00
2.023181e+01	1.093377e+01	5.180834e-02	44539.000000	0.000000e+00
2.025650e+01	1.103552e+01	5.339210e-02	42720.000000	0.000000e+00
2.028095e+01	1.114194e+01	5.506911e-02	40936.000000	0.000000e+00
2.030542e+01	1.120334e+01	5.603210e-02	39978.000000	0.000000e+00
2.033011e+01	1.140118e+01	5.802447e-02	38608.000000	0.000000e+00
2.035466e+01	1.136250e+01	5.915725e-02	36892.000000	0.000000e+00
2.037892e+01	1.139598e+01	6.073388e-02	35208.000000	0.000000e+00
2.040348e+01	1.152846e+01	6.160463e-02	35020.000000	0.000000e+00
2.042837e+01	1.153720e+01	6.315522e-02	33372.000000	0.000000e+00
2.045281e+01	1.164115e+01	6.567387e-02	31420.000000	0.000000e+00
2.047697e+01	1.192048e+01	6.842716e-02	30348.000000	0.000000e+00
2.050165e+01	1.190022e+01	6.866020e-02	30040.000000	0.000000e+00
2.052659e+01	1.187194e+01	7.028877e-02	28528.000000	0.000000e+00
2.055100e+01	1.203397e+01	7.375451e-02	26622.000000	0.000000e+00
2.057510e+01	1.204506e+01	7.501838e-02	25780.000000	0.000000e+00
2.059985e+01	1.250650e+01	7.839253e-02	25452.000000	0.000000e+00
2.062477e+01	1.231535e+01	7.952838e-02	23980.000000	0.000000e+00
2.064904e+01	1.259030e+01	8.449295e-02	22204.000000	0.000000e+00
2.067328e+01	1.254179e+01	8.470319e-02	21924.000000	0.000000e+00
2.069813e+01	1.271536e+01	8.763587e-02	21052.000000	0.000000e+00
2.072282e+01	1.292422e+01	9.201590e-02	19728.000000	0.000000e+00
2.074689e+01	1.297748e+01	9.589038e-02	18316.000000	0.000000e+00
2.077148e+01	1.324589e+01	9.732790e-02	18522.000000	0.000000e+00
2.079650e+01	1.322834e+01	1.012900e-01	17056.000000	0.000000e+00
2.082086e+01	1.313927e+01	1.041979e-01	15901.000000	0.000000e+00
2.084494e+01	1.338572e+01	1.088162e-01	15132.000000	0.000000e+00
2.086988e+01	1.366960e+01	1.115523e-01	15016.000000	0.000000e+00
2.089484e+01	1.378686e+01	1.183956e-01	13560.000000	0.000000e+00
2.091874e+01	1.375232e+01	1.233206e-01	12436.000000	0.000000e+00
2.094286e+01	1.408504e+01	1.269386e-01	12312.000000	0.000000e+00
2.096835e+01	1.403087e+01	1.279984e-01	12016.000000	0.000000e+00
2.099333e+01	1.461486e+01	1.432141e-01	10414.000000	0.000000e+00
2.101635e+01	1.446549e+01	1.501940e-01	9276.000000	0.000000e+00
2.104066e+01	1.485229e+01	1.488133e-01	9961.000000	0.000000e+00
2.106684e+01	1.494196e+01	1.555442e-01	9228.000000	0.000000e+00
2.109169e+01	1.502707e+01	1.708947e-01	7732.000000	0.000000e+00
2.111385e+01	1.516879e+01	1.845466e-01	6756.000000	0.000000e+00
2.113864e+01	1.523521e+01	1.729934e-01	7756.000000	0.000000e+00
2.116547e+01	1.555868e+01	1.883999e-01	6820.000000	0.000000e+00
2.118998e+01	1.617764e+01	2.210110e-01	5358.000000	0.000000e+00
2.121167e+01	1.583800e+01	2.241401e-01	4993.000000	0.000000e+00
2.123701e+01	1.609401e+01	2.166181e-01	5520.000000	0.000000e+00
2.126409e+01	1.605930e+01	2.319895e-01	4792.000000	0.000000e+00
2.128812e+01	1.677241e+01	2.861337e-01	3436.000000	0.000000e+00
2.130920e+01	1.683489e+01	2.853782e-01	3480.000000	0.000000e+00
2.133536e+01	1.693704e+01	2.776564e-01	3721.000000	0.000000e+00
2.136298e+01	1.687035e+01	3.014486e-01	3132.000000	0.000000e+00
2.138535e+01	1.730796e+01	4.109312e-01	1774.000000	0.000000e+00
2.140616e+01	1.741738e+01	3.546453e-01	2412.000000	0.000000e+00
2.143360e+01	1.787694e+01	3.801024e-01	2212.000000	0.000000e+00
2.146162e+01	1.811409e+01	4.226315e-01	1837.000000	0.000000e+00
2.148292e+01	1.824831e+01	6.388185e-01	816.000000	0.000000e+00
2.150387e+01	1.880217e+01	5.076109e-01	1372.000000	0.000000e+00
2.153200e+01	1.850242e+01	5.599087e-01	1092.000000	0.000000e+00
2.156014e+01	2.001392e+01	6.889077e-01	844.000000	0.000000e+00
2.158178e+01	1.891639e+01	1.027397e+00	339.000000	0.000000e+00
2.160234e+01	1.991252e+01	8.633171e-01	532.000000	0.000000e+00
2.163046e+01	2.051287e+01	1.075166e+00	364.000000	0.000000e+00
2.165853e+01	1.986127e+01	1.315344e+00	228.000000	0.000000e+00
2.168066e+01	2.289815e+01	2.680026e+00	73.000000	0.000000e+00
2.170037e+01	2.086267e+01	2.276303e+00	84.000000	0.000000e+00
2.172766e+01	1.413893e+01	2.672007e+00	28.000000	0.000000e+00
2.175143e+01	3.965747e+01	2.289625e+01	3.000000	0.000000e+00
