# bins: 3565
# col 1: bin 
# col 2: particle count
0	0
1	262835317
2	0
3	0
4	0
5	0
6	0
7	0
8	0
9	0
10	0
11	0
12	0
13	0
14	0
15	0
16	0
17	0
18	0
19	0
20	0
21	0
22	0
23	0
24	0
25	0
26	0
27	0
28	0
29	0
30	0
31	0
32	0
33	0
34	0
35	0
36	0
37	0
38	0
39	0
40	0
41	0
42	0
43	0
44	0
45	0
46	0
47	0
48	0
49	0
50	0
51	0
52	0
53	0
54	0
55	0
56	0
57	0
58	0
59	0
60	0
61	0
62	0
63	0
64	0
65	0
66	0
67	0
68	0
69	0
70	0
71	0
72	0
73	0
74	0
75	0
76	0
77	0
78	0
79	0
80	0
81	0
82	0
83	0
84	0
85	0
86	0
87	0
88	0
89	0
90	0
91	0
92	0
93	0
94	0
95	0
96	0
97	0
98	0
99	0
100	0
101	0
102	0
103	0
104	0
105	0
106	0
107	0
108	0
109	0
110	0
111	0
112	0
113	0
114	0
115	0
116	0
117	0
118	0
119	0
120	0
121	0
122	0
123	0
124	0
125	0
126	0
127	0
128	0
129	0
130	0
131	0
132	0
133	0
134	0
135	0
136	0
137	0
138	0
139	0
140	0
141	0
142	0
143	0
144	0
145	0
146	0
147	0
148	0
149	0
150	0
151	0
152	0
153	0
154	0
155	0
156	0
157	0
158	0
159	0
160	0
161	0
162	0
163	0
164	0
165	0
166	0
167	0
168	0
169	0
170	0
171	0
172	0
173	0
174	0
175	0
176	0
177	0
178	0
179	0
180	0
181	0
182	0
183	0
184	0
185	0
186	0
187	0
188	0
189	0
190	0
191	0
192	0
193	0
194	0
195	0
196	0
197	0
198	0
199	0
200	0
201	0
202	0
203	0
204	0
205	0
206	0
207	0
208	0
209	0
210	0
211	0
212	0
213	0
214	0
215	0
216	0
217	0
218	0
219	0
220	0
221	0
222	0
223	0
224	0
225	0
226	0
227	0
228	0
229	0
230	0
231	0
232	0
233	0
234	0
235	0
236	0
237	0
238	0
239	0
240	0
241	0
242	0
243	0
244	0
245	0
246	0
247	0
248	0
249	0
250	0
251	0
252	0
253	0
254	0
255	0
256	0
257	0
258	0
259	0
260	0
261	0
262	0
263	0
264	0
265	0
266	0
267	0
268	0
269	0
270	0
271	0
272	0
273	0
274	0
275	0
276	0
277	0
278	0
279	0
280	0
281	0
282	0
283	0
284	0
285	0
286	0
287	0
288	0
289	0
290	0
291	0
292	0
293	0
294	0
295	0
296	0
297	0
298	0
299	0
300	0
301	0
302	0
303	0
304	0
305	0
306	0
307	0
308	0
309	0
310	0
311	0
312	0
313	0
314	0
315	0
316	0
317	0
318	0
319	0
320	0
321	0
322	0
323	0
324	0
325	0
326	0
327	0
328	0
329	0
330	0
331	0
332	0
333	0
334	0
335	0
336	0
337	0
338	0
339	0
340	0
341	0
342	0
343	0
344	0
345	0
346	0
347	0
348	0
349	0
350	0
351	0
352	0
353	0
354	0
355	0
356	0
357	0
358	0
359	0
360	0
361	0
362	0
363	0
364	0
365	0
366	0
367	0
368	0
369	0
370	0
371	0
372	0
373	0
374	0
375	0
376	0
377	0
378	0
379	0
380	0
381	0
382	0
383	0
384	0
385	0
386	0
387	0
388	0
389	0
390	0
391	0
392	0
393	0
394	0
395	0
396	0
397	0
398	0
399	0
400	0
401	0
402	0
403	0
404	0
405	0
406	0
407	0
408	0
409	0
410	0
411	0
412	0
413	0
414	0
415	0
416	0
417	0
418	0
419	0
420	0
421	0
422	0
423	0
424	0
425	0
426	0
427	0
428	0
429	0
430	0
431	0
432	0
433	0
434	0
435	0
436	0
437	0
438	0
439	0
440	0
441	0
442	0
443	0
444	0
445	0
446	0
447	0
448	0
449	0
450	0
451	0
452	0
453	0
454	0
455	0
456	0
457	0
458	0
459	0
460	0
461	0
462	0
463	0
464	0
465	0
466	0
467	0
468	0
469	0
470	0
471	0
472	0
473	0
474	0
475	0
476	0
477	0
478	0
479	0
480	0
481	0
482	0
483	0
484	0
485	0
486	0
487	0
488	0
489	0
490	0
491	0
492	0
493	0
494	0
495	0
496	0
497	0
498	0
499	0
500	0
501	0
502	0
503	0
504	0
505	0
506	0
507	0
508	0
509	0
510	0
511	0
512	0
513	0
514	0
515	0
516	0
517	0
518	0
519	0
520	0
521	0
522	0
523	0
524	0
525	0
526	0
527	0
528	0
529	0
530	0
531	0
532	0
533	0
534	0
535	0
536	0
537	0
538	0
539	0
540	0
541	0
542	0
543	0
544	0
545	0
546	0
547	0
548	0
549	0
550	0
551	0
552	0
553	0
554	0
555	0
556	0
557	0
558	0
559	0
560	0
561	0
562	0
563	0
564	0
565	0
566	0
567	0
568	0
569	0
570	0
571	0
572	0
573	0
574	0
575	0
576	0
577	0
578	0
579	0
580	0
581	0
582	0
583	0
584	0
585	0
586	0
587	0
588	0
589	0
590	0
591	0
592	0
593	0
594	0
595	0
596	0
597	0
598	0
599	0
600	0
601	0
602	0
603	0
604	0
605	0
606	0
607	0
608	0
609	0
610	0
611	0
612	0
613	0
614	0
615	0
616	0
617	0
618	0
619	0
620	0
621	0
622	0
623	0
624	0
625	0
626	0
627	0
628	0
629	0
630	0
631	0
632	0
633	0
634	0
635	0
636	0
637	0
638	0
639	0
640	0
641	0
642	0
643	0
644	0
645	0
646	0
647	0
648	0
649	0
650	0
651	0
652	0
653	0
654	0
655	0
656	0
657	0
658	0
659	0
660	0
661	0
662	0
663	0
664	0
665	0
666	0
667	0
668	0
669	0
670	0
671	0
672	0
673	0
674	0
675	0
676	0
677	0
678	0
679	0
680	0
681	0
682	0
683	0
684	0
685	0
686	0
687	0
688	0
689	0
690	0
691	0
692	0
693	0
694	0
695	0
696	0
697	0
698	0
699	0
700	0
701	0
702	0
703	0
704	0
705	0
706	0
707	0
708	0
709	0
710	0
711	0
712	0
713	0
714	0
715	0
716	0
717	0
718	0
719	0
720	0
721	0
722	0
723	0
724	0
725	0
726	0
727	0
728	0
729	0
730	0
731	0
732	0
733	0
734	0
735	0
736	0
737	0
738	0
739	0
740	0
741	0
742	0
743	0
744	0
745	0
746	0
747	0
748	0
749	0
750	0
751	0
752	0
753	0
754	0
755	0
756	0
757	0
758	0
759	0
760	0
761	0
762	0
763	0
764	0
765	0
766	0
767	0
768	0
769	0
770	0
771	0
772	0
773	0
774	0
775	0
776	0
777	0
778	0
779	0
780	0
781	0
782	0
783	0
784	0
785	0
786	0
787	0
788	0
789	0
790	0
791	0
792	0
793	0
794	0
795	0
796	0
797	0
798	0
799	0
800	0
801	0
802	0
803	0
804	0
805	0
806	0
807	0
808	0
809	0
810	0
811	0
812	0
813	0
814	0
815	0
816	0
817	0
818	0
819	0
820	0
821	0
822	0
823	0
824	0
825	0
826	0
827	0
828	0
829	0
830	0
831	0
832	0
833	0
834	0
835	0
836	0
837	0
838	0
839	0
840	0
841	0
842	0
843	0
844	0
845	0
846	0
847	0
848	0
849	0
850	0
851	0
852	0
853	0
854	0
855	0
856	0
857	0
858	40762
859	39995
860	44141
861	48392
862	80180
863	77726
864	75289
865	72393
866	78823
867	79567
868	78132
869	69673
870	83275
871	76901
872	92064
873	116764
874	113010
875	132038
876	137252
877	192140
878	195358
879	186652
880	190744
881	194168
882	233061
883	222528
884	220002
885	248238
886	232551
887	230577
888	220338
889	226013
890	237948
891	229462
892	245300
893	241768
894	236589
895	249361
896	249161
897	268353
898	267412
899	281489
900	303928
901	279951
902	308024
903	319519
904	286816
905	304598
906	299050
907	299933
908	282831
909	297474
910	309108
911	294258
912	296514
913	299339
914	320466
915	310752
916	306210
917	295302
918	297555
919	294156
920	281362
921	294518
922	295932
923	306578
924	288772
925	297654
926	300848
927	308304
928	283620
929	312315
930	298546
931	297948
932	306467
933	296492
934	294969
935	303571
936	300734
937	291270
938	293699
939	310284
940	293539
941	302438
942	290811
943	295551
944	296606
945	299794
946	291011
947	295762
948	295319
949	279781
950	306030
951	288009
952	294417
953	304218
954	305717
955	288425
956	309224
957	308988
958	302277
959	293363
960	295723
961	290976
962	312207
963	289544
964	288067
965	297910
966	287814
967	316593
968	282667
969	305630
970	299245
971	306058
972	295585
973	298459
974	318285
975	286927
976	289881
977	295536
978	289789
979	298947
980	295868
981	296816
982	308119
983	280083
984	318315
985	315514
986	303490
987	298285
988	289935
989	299871
990	294665
991	295749
992	285722
993	297557
994	290007
995	294637
996	307518
997	308423
998	295860
999	286379
1000	303584
1001	304910
1002	309006
1003	294759
1004	312090
1005	292202
1006	312628
1007	289278
1008	303975
1009	314999
1010	293497
1011	283673
1012	291901
1013	306911
1014	306667
1015	306929
1016	290714
1017	321921
1018	301857
1019	321443
1020	315830
1021	311840
1022	311947
1023	305834
1024	292383
1025	315484
1026	310229
1027	281856
1028	320540
1029	292908
1030	303214
1031	298518
1032	289577
1033	306304
1034	300822
1035	325506
1036	298363
1037	284379
1038	299872
1039	291619
1040	306904
1041	295559
1042	310018
1043	310697
1044	284548
1045	292017
1046	294084
1047	282812
1048	296259
1049	292582
1050	280050
1051	313313
1052	295937
1053	290232
1054	331175
1055	296858
1056	295539
1057	285602
1058	282236
1059	286674
1060	302154
1061	297151
1062	278765
1063	310809
1064	312714
1065	290724
1066	307594
1067	309727
1068	288307
1069	297091
1070	302748
1071	299824
1072	308388
1073	303044
1074	298324
1075	301300
1076	303946
1077	291997
1078	314815
1079	314123
1080	294478
1081	292391
1082	292074
1083	306870
1084	291453
1085	308399
1086	306305
1087	291204
1088	288718
1089	312235
1090	304299
1091	302486
1092	302679
1093	306696
1094	306642
1095	299025
1096	297855
1097	299727
1098	301851
1099	300960
1100	298000
1101	300652
1102	312082
1103	306570
1104	305671
1105	299738
1106	285732
1107	288852
1108	284025
1109	289265
1110	306628
1111	288851
1112	302782
1113	312002
1114	298218
1115	323562
1116	296653
1117	314596
1118	303002
1119	315336
1120	309715
1121	288350
1122	292290
1123	287793
1124	287852
1125	293168
1126	286532
1127	309634
1128	291613
1129	288574
1130	280630
1131	298845
1132	306062
1133	304807
1134	286109
1135	309726
1136	316710
1137	298918
1138	284541
1139	287113
1140	285792
1141	291737
1142	287056
1143	302150
1144	292339
1145	322240
1146	310985
1147	280605
1148	297523
1149	295228
1150	283453
1151	334432
1152	317541
1153	285069
1154	313001
1155	300232
1156	294601
1157	298237
1158	298856
1159	292320
1160	316755
1161	310678
1162	315138
1163	299176
1164	294969
1165	299619
1166	290712
1167	316233
1168	299083
1169	287933
1170	313004
1171	295266
1172	290934
1173	294414
1174	303029
1175	305566
1176	293493
1177	302471
1178	279111
1179	291129
1180	290222
1181	318436
1182	308920
1183	309301
1184	316658
1185	287462
1186	295309
1187	293631
1188	283015
1189	296331
1190	295953
1191	302914
1192	295237
1193	318859
1194	298585
1195	302511
1196	300897
1197	295550
1198	308918
1199	289027
1200	286431
1201	313385
1202	298525
1203	296424
1204	314759
1205	284538
1206	301514
1207	308278
1208	288889
1209	307631
1210	285674
1211	305139
1212	306770
1213	282938
1214	287147
1215	312049
1216	307987
1217	284899
1218	285346
1219	279067
1220	313114
1221	290308
1222	297567
1223	296197
1224	293345
1225	301759
1226	302033
1227	285411
1228	319143
1229	280267
1230	296136
1231	272140
1232	292043
1233	309524
1234	287149
1235	310263
1236	288475
1237	298901
1238	287667
1239	301591
1240	285304
1241	278443
1242	308791
1243	300790
1244	313276
1245	309395
1246	296124
1247	300665
1248	306407
1249	296563
1250	293450
1251	291040
1252	297557
1253	302796
1254	316180
1255	297636
1256	289617
1257	300064
1258	307920
1259	293134
1260	293022
1261	292739
1262	301929
1263	305694
1264	292488
1265	290896
1266	285449
1267	295632
1268	304724
1269	290533
1270	293443
1271	302793
1272	307002
1273	287768
1274	306295
1275	300832
1276	312837
1277	299926
1278	275066
1279	320666
1280	302002
1281	285156
1282	305843
1283	284474
1284	314637
1285	293730
1286	297827
1287	294646
1288	307841
1289	297060
1290	295540
1291	295740
1292	305533
1293	305592
1294	298505
1295	303243
1296	300668
1297	300746
1298	286997
1299	304569
1300	305895
1301	299334
1302	320357
1303	306229
1304	303038
1305	306898
1306	301915
1307	321008
1308	299757
1309	304435
1310	314109
1311	299557
1312	287867
1313	297221
1314	292484
1315	307159
1316	282172
1317	305271
1318	293700
1319	313760
1320	289261
1321	306095
1322	288198
1323	325725
1324	317315
1325	299393
1326	299257
1327	294591
1328	295913
1329	303102
1330	310871
1331	295375
1332	296566
1333	300888
1334	299682
1335	298416
1336	308569
1337	309474
1338	304023
1339	305426
1340	302638
1341	312960
1342	286876
1343	299590
1344	302571
1345	321534
1346	285154
1347	314835
1348	289468
1349	307043
1350	302415
1351	315544
1352	299016
1353	308575
1354	308416
1355	297841
1356	287386
1357	303884
1358	313715
1359	299131
1360	295377
1361	304072
1362	298558
1363	301411
1364	313196
1365	291198
1366	278075
1367	297818
1368	298729
1369	287434
1370	298520
1371	289564
1372	297356
1373	296405
1374	317826
1375	293188
1376	288442
1377	299511
1378	316545
1379	297191
1380	307670
1381	306095
1382	304640
1383	301912
1384	302747
1385	302066
1386	307801
1387	298977
1388	304479
1389	286917
1390	298591
1391	306425
1392	298030
1393	309689
1394	312544
1395	303223
1396	312140
1397	295909
1398	306611
1399	315720
1400	313660
1401	281950
1402	305732
1403	324335
1404	304053
1405	287603
1406	311670
1407	318444
1408	291635
1409	299154
1410	303685
1411	323913
1412	310377
1413	304879
1414	297703
1415	298910
1416	303365
1417	298876
1418	306136
1419	300480
1420	301774
1421	299045
1422	295799
1423	307366
1424	306812
1425	296353
1426	320511
1427	295239
1428	307369
1429	311462
1430	296826
1431	301418
1432	305397
1433	307684
1434	321951
1435	305227
1436	307971
1437	292552
1438	298208
1439	287551
1440	297604
1441	305879
1442	314310
1443	314950
1444	294543
1445	290670
1446	310770
1447	291976
1448	300348
1449	293931
1450	299776
1451	302478
1452	303367
1453	307918
1454	292731
1455	290241
1456	319637
1457	299112
1458	296380
1459	295973
1460	307959
1461	288644
1462	296794
1463	309605
1464	336134
1465	310126
1466	290458
1467	301786
1468	297136
1469	296928
1470	293607
1471	306369
1472	294142
1473	297453
1474	302087
1475	284961
1476	299269
1477	300073
1478	288719
1479	301158
1480	303833
1481	300260
1482	288512
1483	305889
1484	313868
1485	278532
1486	309957
1487	303822
1488	309904
1489	298349
1490	295094
1491	301367
1492	295959
1493	304741
1494	291536
1495	282887
1496	296478
1497	309155
1498	310326
1499	286633
1500	298767
1501	302231
1502	321791
1503	302632
1504	305489
1505	289506
1506	280966
1507	305719
1508	298526
1509	295426
1510	311127
1511	311176
1512	298896
1513	304435
1514	297078
1515	293477
1516	296639
1517	299827
1518	318846
1519	286185
1520	287081
1521	296038
1522	285380
1523	281857
1524	320262
1525	293865
1526	308442
1527	307155
1528	299693
1529	295118
1530	300993
1531	304870
1532	284441
1533	292034
1534	291226
1535	302383
1536	283356
1537	307357
1538	320854
1539	299719
1540	307075
1541	316200
1542	301851
1543	301917
1544	300037
1545	302773
1546	289323
1547	296306
1548	302148
1549	305183
1550	305541
1551	302140
1552	290653
1553	288061
1554	299036
1555	315219
1556	293423
1557	295367
1558	298277
1559	307425
1560	290947
1561	296649
1562	299559
1563	301643
1564	306139
1565	309070
1566	307648
1567	283106
1568	316781
1569	297155
1570	292928
1571	305330
1572	309552
1573	304001
1574	303975
1575	291998
1576	288629
1577	295761
1578	308790
1579	312333
1580	294245
1581	308070
1582	303855
1583	300234
1584	301701
1585	298212
1586	302340
1587	295901
1588	324419
1589	306628
1590	322198
1591	304411
1592	310270
1593	288923
1594	294043
1595	307482
1596	300493
1597	304591
1598	294028
1599	299707
1600	315683
1601	284168
1602	317937
1603	284032
1604	311209
1605	297346
1606	313744
1607	307442
1608	302255
1609	289677
1610	314693
1611	308955
1612	316792
1613	297590
1614	311607
1615	299546
1616	305492
1617	285710
1618	283871
1619	305299
1620	298026
1621	299522
1622	304965
1623	299724
1624	308142
1625	283914
1626	290275
1627	312997
1628	314816
1629	302858
1630	326670
1631	313823
1632	298703
1633	312050
1634	310319
1635	312194
1636	316143
1637	299240
1638	302733
1639	296191
1640	311556
1641	297828
1642	339750
1643	296509
1644	313988
1645	304438
1646	287619
1647	311966
1648	308392
1649	303306
1650	299406
1651	307161
1652	291169
1653	300897
1654	291693
1655	292936
1656	291596
1657	288606
1658	297920
1659	308827
1660	301832
1661	294678
1662	296648
1663	297469
1664	310721
1665	300878
1666	306724
1667	291168
1668	289507
1669	297179
1670	299736
1671	307719
1672	283832
1673	304134
1674	289741
1675	295034
1676	285197
1677	297411
1678	282302
1679	308195
1680	301833
1681	301780
1682	302735
1683	300678
1684	293391
1685	294006
1686	319538
1687	308183
1688	294151
1689	296709
1690	299763
1691	304703
1692	302725
1693	297912
1694	290371
1695	316777
1696	281520
1697	289439
1698	286432
1699	287189
1700	307360
1701	300322
1702	303414
1703	314476
1704	308733
1705	304407
1706	312738
1707	310228
1708	303329
1709	294220
1710	287029
1711	303125
1712	313633
1713	298520
1714	308830
1715	290016
1716	296978
1717	284079
1718	303611
1719	304686
1720	297023
1721	288747
1722	291563
1723	299376
1724	306089
1725	302001
1726	304634
1727	302252
1728	292534
1729	300053
1730	285908
1731	309161
1732	306850
1733	302223
1734	284805
1735	294739
1736	311587
1737	299057
1738	305296
1739	293920
1740	313720
1741	294617
1742	294206
1743	305123
1744	294579
1745	309977
1746	288200
1747	298742
1748	294756
1749	301923
1750	310145
1751	303200
1752	317511
1753	312179
1754	304165
1755	291638
1756	295873
1757	301437
1758	303003
1759	294771
1760	288751
1761	309833
1762	306966
1763	312098
1764	321793
1765	316719
1766	308801
1767	303433
1768	307520
1769	299371
1770	287634
1771	309489
1772	318234
1773	292263
1774	303566
1775	314731
1776	299895
1777	299133
1778	292991
1779	321043
1780	293557
1781	307320
1782	296497
1783	321461
1784	289942
1785	314545
1786	298803
1787	305087
1788	307589
1789	287116
1790	292240
1791	289039
1792	298396
1793	304167
1794	303059
1795	294886
1796	304931
1797	288009
1798	319123
1799	299340
1800	286381
1801	321020
1802	305846
1803	292107
1804	291060
1805	298629
1806	327267
1807	288492
1808	288974
1809	310086
1810	298848
1811	308647
1812	296813
1813	307867
1814	295831
1815	317435
1816	300314
1817	301966
1818	313304
1819	301067
1820	288816
1821	306921
1822	291566
1823	314514
1824	304201
1825	318117
1826	303835
1827	295993
1828	299488
1829	287468
1830	302897
1831	308785
1832	303862
1833	306268
1834	295268
1835	309278
1836	294052
1837	300215
1838	287180
1839	290355
1840	292392
1841	310417
1842	309359
1843	300622
1844	308447
1845	294850
1846	295197
1847	315470
1848	308838
1849	321602
1850	303283
1851	289920
1852	295669
1853	290045
1854	298338
1855	324181
1856	299570
1857	309177
1858	297520
1859	318026
1860	297848
1861	296964
1862	298760
1863	311469
1864	294377
1865	299601
1866	309368
1867	312336
1868	283987
1869	300117
1870	314247
1871	309183
1872	316576
1873	303607
1874	304650
1875	311535
1876	291602
1877	298316
1878	308464
1879	294142
1880	294751
1881	308869
1882	294409
1883	316476
1884	304294
1885	290389
1886	316623
1887	311598
1888	303754
1889	294513
1890	313536
1891	296849
1892	304551
1893	291687
1894	301071
1895	295610
1896	295493
1897	288443
1898	312333
1899	305520
1900	305548
1901	303102
1902	292076
1903	315923
1904	293399
1905	312875
1906	285347
1907	294274
1908	306914
1909	300046
1910	312684
1911	291590
1912	278182
1913	304891
1914	318559
1915	297798
1916	300155
1917	305330
1918	298169
1919	298631
1920	310317
1921	293167
1922	300668
1923	321127
1924	296661
1925	298468
1926	301530
1927	293129
1928	295351
1929	287898
1930	297428
1931	292292
1932	284781
1933	312435
1934	309673
1935	296501
1936	303435
1937	309200
1938	303732
1939	286261
1940	294115
1941	304195
1942	286475
1943	303303
1944	317090
1945	286846
1946	295591
1947	302577
1948	311823
1949	311823
1950	290158
1951	303946
1952	293832
1953	311087
1954	292510
1955	304059
1956	293783
1957	298290
1958	295964
1959	317087
1960	314824
1961	304652
1962	288479
1963	295940
1964	313507
1965	307698
1966	289338
1967	314548
1968	301129
1969	301697
1970	304065
1971	303877
1972	300807
1973	304750
1974	315623
1975	282150
1976	297582
1977	292391
1978	301504
1979	297585
1980	294571
1981	289784
1982	304877
1983	333718
1984	295991
1985	323599
1986	310591
1987	292316
1988	314503
1989	301673
1990	311707
1991	295275
1992	295297
1993	295976
1994	292756
1995	295478
1996	311942
1997	322134
1998	296654
1999	297702
2000	321896
2001	297067
2002	297766
2003	309252
2004	299703
2005	310849
2006	315757
2007	300934
2008	284611
2009	301269
2010	294174
2011	307560
2012	301595
2013	298111
2014	304188
2015	314591
2016	300946
2017	291583
2018	297005
2019	293015
2020	314882
2021	317119
2022	291202
2023	289504
2024	287959
2025	317217
2026	311526
2027	301871
2028	305903
2029	312416
2030	298418
2031	300662
2032	291534
2033	294066
2034	293599
2035	308670
2036	286255
2037	299893
2038	292820
2039	297069
2040	297000
2041	315596
2042	318565
2043	309669
2044	316857
2045	281253
2046	285286
2047	310094
2048	305628
2049	313168
2050	312112
2051	305069
2052	291938
2053	310305
2054	303886
2055	305779
2056	306950
2057	297211
2058	286132
2059	311450
2060	312790
2061	292137
2062	291804
2063	324226
2064	316806
2065	303612
2066	290735
2067	313425
2068	297786
2069	308890
2070	317383
2071	317832
2072	306310
2073	315290
2074	285432
2075	313820
2076	291986
2077	321625
2078	308613
2079	283303
2080	293387
2081	298311
2082	308165
2083	293876
2084	311113
2085	284336
2086	302703
2087	303943
2088	280668
2089	302521
2090	307785
2091	303770
2092	297622
2093	291845
2094	286832
2095	299520
2096	297446
2097	325499
2098	302355
2099	305937
2100	307700
2101	310452
2102	319645
2103	308021
2104	318719
2105	305149
2106	304377
2107	309660
2108	309697
2109	285928
2110	312738
2111	311544
2112	281834
2113	312012
2114	298365
2115	292553
2116	303065
2117	295952
2118	290855
2119	305174
2120	290941
2121	306181
2122	300485
2123	297125
2124	303931
2125	303102
2126	305480
2127	307415
2128	304955
2129	308695
2130	297573
2131	308096
2132	302879
2133	287451
2134	315373
2135	294987
2136	301069
2137	293253
2138	307106
2139	308326
2140	300011
2141	310349
2142	315313
2143	306637
2144	300643
2145	309517
2146	290744
2147	284881
2148	290547
2149	301669
2150	313027
2151	295873
2152	293679
2153	316355
2154	300484
2155	297523
2156	307808
2157	303602
2158	296279
2159	298659
2160	299636
2161	310522
2162	297016
2163	311276
2164	315999
2165	321122
2166	283152
2167	300481
2168	308994
2169	313530
2170	278733
2171	301721
2172	302155
2173	305412
2174	301531
2175	304648
2176	315149
2177	313773
2178	284718
2179	290264
2180	308530
2181	298753
2182	275867
2183	298260
2184	292012
2185	293204
2186	297570
2187	306323
2188	287221
2189	308891
2190	287455
2191	325461
2192	309505
2193	297002
2194	303336
2195	317549
2196	309030
2197	309658
2198	287693
2199	294423
2200	305965
2201	317328
2202	302534
2203	299480
2204	306203
2205	308340
2206	301215
2207	306871
2208	286713
2209	291700
2210	304158
2211	311647
2212	302737
2213	303593
2214	319037
2215	299089
2216	290095
2217	307659
2218	303858
2219	316063
2220	295162
2221	310467
2222	303047
2223	300862
2224	300418
2225	300303
2226	283033
2227	308356
2228	310704
2229	304167
2230	307472
2231	304355
2232	294097
2233	292266
2234	313842
2235	286150
2236	303891
2237	301279
2238	290882
2239	299264
2240	301141
2241	302881
2242	291504
2243	305409
2244	309679
2245	296412
2246	294987
2247	279782
2248	297171
2249	311030
2250	293345
2251	298566
2252	332580
2253	293318
2254	310434
2255	298808
2256	297200
2257	321361
2258	313002
2259	292880
2260	304343
2261	298241
2262	313254
2263	317075
2264	294430
2265	300887
2266	305713
2267	311483
2268	305745
2269	305843
2270	300451
2271	332579
2272	308863
2273	303359
2274	316059
2275	294532
2276	295963
2277	295886
2278	292453
2279	307199
2280	316371
2281	309066
2282	287395
2283	310421
2284	300576
2285	295608
2286	315921
2287	298077
2288	303591
2289	301113
2290	299613
2291	293563
2292	306565
2293	311763
2294	299453
2295	303580
2296	305861
2297	299875
2298	297878
2299	300656
2300	299632
2301	335121
2302	307280
2303	287726
2304	301194
2305	298577
2306	289118
2307	296831
2308	317466
2309	296096
2310	306916
2311	314610
2312	302350
2313	291307
2314	290177
2315	303731
2316	306911
2317	287669
2318	315795
2319	295885
2320	308982
2321	311044
2322	295795
2323	308619
2324	298795
2325	306131
2326	305114
2327	282952
2328	320958
2329	290404
2330	330975
2331	311166
2332	308554
2333	301285
2334	291011
2335	301313
2336	315854
2337	302459
2338	307551
2339	290446
2340	302897
2341	298414
2342	299268
2343	318086
2344	293504
2345	303254
2346	301137
2347	302623
2348	308705
2349	286740
2350	296808
2351	302576
2352	299893
2353	302846
2354	296102
2355	284663
2356	294418
2357	293792
2358	306175
2359	288875
2360	304598
2361	311466
2362	300064
2363	309703
2364	303447
2365	306741
2366	305809
2367	291429
2368	300815
2369	327209
2370	301907
2371	312136
2372	293161
2373	312343
2374	300660
2375	300143
2376	291687
2377	302113
2378	292252
2379	292262
2380	299137
2381	310012
2382	302778
2383	309444
2384	302351
2385	316985
2386	303438
2387	296841
2388	285604
2389	296553
2390	307206
2391	301681
2392	299121
2393	296426
2394	298791
2395	297644
2396	308380
2397	301094
2398	312788
2399	298820
2400	285745
2401	309826
2402	307427
2403	306937
2404	317601
2405	304919
2406	301162
2407	299724
2408	287318
2409	290231
2410	296267
2411	299090
2412	291874
2413	326793
2414	299323
2415	323181
2416	301671
2417	308148
2418	297449
2419	303805
2420	288227
2421	304060
2422	315810
2423	309376
2424	293347
2425	293124
2426	313564
2427	310942
2428	318949
2429	318151
2430	304139
2431	295025
2432	310685
2433	317427
2434	296673
2435	304271
2436	315377
2437	301634
2438	296733
2439	316144
2440	299865
2441	323602
2442	298885
2443	298825
2444	294500
2445	310437
2446	298663
2447	318811
2448	313371
2449	293100
2450	292714
2451	296757
2452	310114
2453	293978
2454	301098
2455	283010
2456	288602
2457	308001
2458	312112
2459	283740
2460	301680
2461	314392
2462	294618
2463	306799
2464	311471
2465	304240
2466	300444
2467	296067
2468	312173
2469	294612
2470	297360
2471	287920
2472	293195
2473	297664
2474	308924
2475	312628
2476	293580
2477	307410
2478	310022
2479	296633
2480	288945
2481	293994
2482	297685
2483	312978
2484	291800
2485	310643
2486	297547
2487	300344
2488	296344
2489	295183
2490	293927
2491	300791
2492	305001
2493	298855
2494	330041
2495	290405
2496	313157
2497	316663
2498	313019
2499	306921
2500	310666
2501	301605
2502	309228
2503	293086
2504	293711
2505	308650
2506	311017
2507	294174
2508	298319
2509	306637
2510	306871
2511	308112
2512	307518
2513	307127
2514	305687
2515	296120
2516	301821
2517	293672
2518	297033
2519	301682
2520	291360
2521	306862
2522	296276
2523	299802
2524	306271
2525	307849
2526	304613
2527	317461
2528	295058
2529	289631
2530	298122
2531	303974
2532	328476
2533	303529
2534	284958
2535	284295
2536	297812
2537	320659
2538	315185
2539	295057
2540	301460
2541	295691
2542	295259
2543	290804
2544	293080
2545	302265
2546	305788
2547	289081
2548	305736
2549	295674
2550	302551
2551	306616
2552	321368
2553	296403
2554	290820
2555	299118
2556	316603
2557	296278
2558	301979
2559	317911
2560	281156
2561	291445
2562	301853
2563	298738
2564	333273
2565	291886
2566	317973
2567	300931
2568	308664
2569	315922
2570	302382
2571	315148
2572	301036
2573	299225
2574	318538
2575	285387
2576	319359
2577	315510
2578	318649
2579	300025
2580	298982
2581	318909
2582	281276
2583	296787
2584	307105
2585	292829
2586	304310
2587	319784
2588	311014
2589	301061
2590	296647
2591	295112
2592	297158
2593	294465
2594	312238
2595	312300
2596	283703
2597	298359
2598	303706
2599	306376
2600	301066
2601	298543
2602	325679
2603	295349
2604	305623
2605	302528
2606	292775
2607	288224
2608	294827
2609	291050
2610	283262
2611	306313
2612	302282
2613	294117
2614	300504
2615	287386
2616	289703
2617	319748
2618	302696
2619	294073
2620	300417
2621	331331
2622	290346
2623	291784
2624	310408
2625	294299
2626	296282
2627	320041
2628	296335
2629	295026
2630	291128
2631	307182
2632	291066
2633	280357
2634	299806
2635	308446
2636	305053
2637	301018
2638	314869
2639	294077
2640	295004
2641	296657
2642	294154
2643	302753
2644	297547
2645	297939
2646	304760
2647	312610
2648	291711
2649	302302
2650	317615
2651	303930
2652	283457
2653	289782
2654	290129
2655	307906
2656	295464
2657	291856
2658	292641
2659	286087
2660	284872
2661	309205
2662	312633
2663	297960
2664	316641
2665	281493
2666	300469
2667	293463
2668	278715
2669	307373
2670	300214
2671	309620
2672	292759
2673	304517
2674	301976
2675	315729
2676	305693
2677	302140
2678	298723
2679	306455
2680	300972
2681	311706
2682	318728
2683	312782
2684	300574
2685	319703
2686	312901
2687	303480
2688	299968
2689	316415
2690	297121
2691	289098
2692	287113
2693	310090
2694	305936
2695	312339
2696	302902
2697	290797
2698	284250
2699	291396
2700	295219
2701	301702
2702	290573
2703	302154
2704	310379
2705	301714
2706	304490
2707	318611
2708	310888
2709	322495
2710	303907
2711	326460
2712	285646
2713	309643
2714	290494
2715	315641
2716	301019
2717	297321
2718	299779
2719	313239
2720	301057
2721	295292
2722	290036
2723	298132
2724	304962
2725	301256
2726	294395
2727	307623
2728	297416
2729	294656
2730	309783
2731	307927
2732	307637
2733	289849
2734	296391
2735	297884
2736	305533
2737	290243
2738	313903
2739	300936
2740	331413
2741	324288
2742	307195
2743	299389
2744	314749
2745	304822
2746	312760
2747	306572
2748	303833
2749	292637
2750	300703
2751	310043
2752	296389
2753	309253
2754	295611
2755	296079
2756	298482
2757	290527
2758	281536
2759	295705
2760	289969
2761	284165
2762	318514
2763	309843
2764	302946
2765	313225
2766	298851
2767	303168
2768	290367
2769	296950
2770	297202
2771	303016
2772	291535
2773	300317
2774	297485
2775	297796
2776	297064
2777	301943
2778	307348
2779	308099
2780	311675
2781	307659
2782	304254
2783	296584
2784	289610
2785	298838
2786	319089
2787	320391
2788	286989
2789	307945
2790	310160
2791	305593
2792	291438
2793	309303
2794	311857
2795	299503
2796	309699
2797	287529
2798	295539
2799	290413
2800	288459
2801	322781
2802	305681
2803	304356
2804	291164
2805	297740
2806	296292
2807	309671
2808	292563
2809	301923
2810	278497
2811	305265
2812	286988
2813	297703
2814	304180
2815	289401
2816	296762
2817	294369
2818	298456
2819	298468
2820	300273
2821	303822
2822	301953
2823	298019
2824	311542
2825	302565
2826	292715
2827	302067
2828	299373
2829	306011
2830	291055
2831	296111
2832	299276
2833	286399
2834	293031
2835	311355
2836	289015
2837	301216
2838	314489
2839	305401
2840	292315
2841	287090
2842	317131
2843	298466
2844	306969
2845	311789
2846	312412
2847	293478
2848	312363
2849	297941
2850	313152
2851	299394
2852	309432
2853	308933
2854	294935
2855	296466
2856	314720
2857	297571
2858	294509
2859	317679
2860	283820
2861	287392
2862	280960
2863	301003
2864	294883
2865	306415
2866	303628
2867	300559
2868	300272
2869	307949
2870	311679
2871	301927
2872	303492
2873	301247
2874	305131
2875	303302
2876	293772
2877	312569
2878	314848
2879	287522
2880	304315
2881	308073
2882	296882
2883	332880
2884	300826
2885	283886
2886	307380
2887	300784
2888	323549
2889	304066
2890	306414
2891	289017
2892	292351
2893	311114
2894	314164
2895	295960
2896	283054
2897	303946
2898	280502
2899	299680
2900	305782
2901	294699
2902	289104
2903	301246
2904	296997
2905	290562
2906	303966
2907	295457
2908	290283
2909	297941
2910	296721
2911	284883
2912	288124
2913	309386
2914	315263
2915	297773
2916	306354
2917	299506
2918	301614
2919	300341
2920	302825
2921	303432
2922	293726
2923	301237
2924	307471
2925	307432
2926	304348
2927	306580
2928	304981
2929	299533
2930	310293
2931	292002
2932	296172
2933	305779
2934	296997
2935	328545
2936	284907
2937	294990
2938	301292
2939	311844
2940	297257
2941	325296
2942	307028
2943	301384
2944	323799
2945	305873
2946	306498
2947	311516
2948	282832
2949	299206
2950	287586
2951	305966
2952	297702
2953	317267
2954	287983
2955	308388
2956	301089
2957	286896
2958	306873
2959	324183
2960	293081
2961	300491
2962	301663
2963	299286
2964	300066
2965	301815
2966	292679
2967	316130
2968	298843
2969	293847
2970	292554
2971	298452
2972	319162
2973	314357
2974	309335
2975	299808
2976	298743
2977	305467
2978	304818
2979	303350
2980	295907
2981	294237
2982	299812
2983	300634
2984	300790
2985	294834
2986	300009
2987	304488
2988	301928
2989	307958
2990	303646
2991	301539
2992	298725
2993	291294
2994	295121
2995	305942
2996	293874
2997	310549
2998	310436
2999	312451
3000	292728
3001	312190
3002	305087
3003	305166
3004	302468
3005	303041
3006	301599
3007	302314
3008	289376
3009	298895
3010	293911
3011	305925
3012	307685
3013	284991
3014	292006
3015	300640
3016	316482
3017	287450
3018	288277
3019	292160
3020	307331
3021	304490
3022	300949
3023	305543
3024	318211
3025	300773
3026	326971
3027	302511
3028	302882
3029	305494
3030	320412
3031	302118
3032	314379
3033	317824
3034	317036
3035	295195
3036	318251
3037	298583
3038	304724
3039	281927
3040	294944
3041	300760
3042	296170
3043	315786
3044	298860
3045	309349
3046	308708
3047	304036
3048	279065
3049	279899
3050	295553
3051	293706
3052	291180
3053	313691
3054	304669
3055	314077
3056	298492
3057	309159
3058	307887
3059	305969
3060	293523
3061	312222
3062	296775
3063	287968
3064	287683
3065	296538
3066	309342
3067	298757
3068	300001
3069	300886
3070	294553
3071	293323
3072	304697
3073	306382
3074	298014
3075	298159
3076	296034
3077	311067
3078	299967
3079	299817
3080	290525
3081	314262
3082	295397
3083	331970
3084	324626
3085	298496
3086	299203
3087	288661
3088	302736
3089	290587
3090	312928
3091	300133
3092	309513
3093	291884
3094	318633
3095	286605
3096	293558
3097	305475
3098	348125
3099	307786
3100	305881
3101	302063
3102	305153
3103	300219
3104	287750
3105	313607
3106	297967
3107	309351
3108	284651
3109	324394
3110	314171
3111	297787
3112	283095
3113	306158
3114	302313
3115	319323
3116	318727
3117	301731
3118	291987
3119	306550
3120	298168
3121	311567
3122	300590
3123	300829
3124	285296
3125	287212
3126	298805
3127	297440
3128	285009
3129	307802
3130	332136
3131	303583
3132	292485
3133	312156
3134	295294
3135	305858
3136	307869
3137	305270
3138	284963
3139	308580
3140	318740
3141	305663
3142	292741
3143	311440
3144	295145
3145	317406
3146	286882
3147	318504
3148	319185
3149	299353
3150	328269
3151	312089
3152	307756
3153	291179
3154	311469
3155	281437
3156	275487
3157	325604
3158	290536
3159	306924
3160	311932
3161	300218
3162	315722
3163	317101
3164	288765
3165	306868
3166	310948
3167	298760
3168	296477
3169	290082
3170	322955
3171	298853
3172	300952
3173	293190
3174	290977
3175	294650
3176	288121
3177	306528
3178	297057
3179	318305
3180	304545
3181	303278
3182	308347
3183	306954
3184	296309
3185	314109
3186	300269
3187	300718
3188	294953
3189	283922
3190	310337
3191	322073
3192	311582
3193	307039
3194	302022
3195	288806
3196	319277
3197	295766
3198	306158
3199	310875
3200	308993
3201	316151
3202	303270
3203	326370
3204	297044
3205	297549
3206	290337
3207	323308
3208	303479
3209	308455
3210	305488
3211	299503
3212	301168
3213	287192
3214	298719
3215	294618
3216	286068
3217	303440
3218	303716
3219	307491
3220	291360
3221	284891
3222	303842
3223	325631
3224	294284
3225	300426
3226	278902
3227	295879
3228	294373
3229	299411
3230	326847
3231	303057
3232	305587
3233	300939
3234	302386
3235	305230
3236	304490
3237	285283
3238	289796
3239	301039
3240	304745
3241	303262
3242	303786
3243	313927
3244	296175
3245	315010
3246	304678
3247	318573
3248	296820
3249	297089
3250	314926
3251	292168
3252	294310
3253	302111
3254	315479
3255	321585
3256	307456
3257	293453
3258	301586
3259	294179
3260	301845
3261	297666
3262	297470
3263	308359
3264	298242
3265	318194
3266	321287
3267	308275
3268	296688
3269	307307
3270	301351
3271	310930
3272	304047
3273	298463
3274	292690
3275	290938
3276	308535
3277	297046
3278	299492
3279	301221
3280	296248
3281	285643
3282	300500
3283	313861
3284	296695
3285	294299
3286	319042
3287	315449
3288	297752
3289	317652
3290	299285
3291	317246
3292	312043
3293	314583
3294	308831
3295	288457
3296	338039
3297	302568
3298	301105
3299	302185
3300	297067
3301	309730
3302	293006
3303	303775
3304	296012
3305	296224
3306	294819
3307	308297
3308	300907
3309	290712
3310	309791
3311	291234
3312	280762
3313	307716
3314	294833
3315	300155
3316	307271
3317	292971
3318	303852
3319	305229
3320	300545
3321	294516
3322	295670
3323	315416
3324	302078
3325	294718
3326	297917
3327	313676
3328	302372
3329	300053
3330	289373
3331	286473
3332	311136
3333	281371
3334	296673
3335	312161
3336	298172
3337	297001
3338	305527
3339	295910
3340	300602
3341	308395
3342	310551
3343	306155
3344	298780
3345	312849
3346	303591
3347	282765
3348	294221
3349	306475
3350	319487
3351	305296
3352	299960
3353	304746
3354	299311
3355	297439
3356	299532
3357	307172
3358	294790
3359	327277
3360	292141
3361	300584
3362	312334
3363	303143
3364	302855
3365	314733
3366	299790
3367	300748
3368	287671
3369	289916
3370	296146
3371	301742
3372	304486
3373	292062
3374	297748
3375	290958
3376	305284
3377	325037
3378	306194
3379	324507
3380	305904
3381	317919
3382	306961
3383	284563
3384	304890
3385	301744
3386	311514
3387	308611
3388	303001
3389	316484
3390	285812
3391	293094
3392	297414
3393	303527
3394	290670
3395	321854
3396	302791
3397	309313
3398	317015
3399	308699
3400	294019
3401	304369
3402	306515
3403	296285
3404	282361
3405	295848
3406	304122
3407	304049
3408	313152
3409	298856
3410	314835
3411	300648
3412	311667
3413	297306
3414	292506
3415	301067
3416	299172
3417	317895
3418	301864
3419	327640
3420	304585
3421	295366
3422	292677
3423	291739
3424	313271
3425	290990
3426	300376
3427	305062
3428	307256
3429	296533
3430	305852
3431	292009
3432	310676
3433	294842
3434	303311
3435	312884
3436	316092
3437	296346
3438	292265
3439	307545
3440	301973
3441	311962
3442	295315
3443	310656
3444	320916
3445	291109
3446	306301
3447	304618
3448	305249
3449	313675
3450	293067
3451	301349
3452	303409
3453	292106
3454	301668
3455	297230
3456	286417
3457	305866
3458	310543
3459	301340
3460	314493
3461	296282
3462	299176
3463	303399
3464	289722
3465	311536
3466	284286
3467	298827
3468	298997
3469	311747
3470	297710
3471	300556
3472	290805
3473	291822
3474	308025
3475	292181
3476	304561
3477	326023
3478	296678
3479	300158
3480	301403
3481	287649
3482	310926
3483	280658
3484	304966
3485	299600
3486	316211
3487	290893
3488	299827
3489	314891
3490	307820
3491	300802
3492	324019
3493	297994
3494	304068
3495	317419
3496	302711
3497	298236
3498	324480
3499	293541
3500	309073
3501	303796
3502	319870
3503	294784
3504	301672
3505	297185
3506	311454
3507	291855
3508	309171
3509	308552
3510	313778
3511	293410
3512	299013
3513	296123
3514	300586
3515	299660
3516	292658
3517	304608
3518	296262
3519	294861
3520	296567
3521	320515
3522	308327
3523	301686
3524	310502
3525	287398
3526	296554
3527	310109
3528	308784
3529	311336
3530	304513
3531	290147
3532	296806
3533	280111
3534	294759
3535	299595
3536	281258
3537	300822
3538	309653
3539	312195
3540	297703
3541	309357
3542	297212
3543	297142
3544	320918
3545	290365
3546	293053
3547	305135
3548	277061
3549	306670
3550	306616
3551	303542
3552	300265
3553	299323
3554	291412
3555	308670
3556	309290
3557	295519
3558	292704
3559	306783
3560	288715
3561	291027
3562	292514
3563	295762
3564	621278
