# [<k> (h/Mpc)]	[<P_0(k)> (Mpc/h)^3]	[ErrorBar (Mpc/h)^3]	nModes	[<P_2(k)> (Mpc/h)^3]
3.476422e-02	1.500016e+04	4.160296e+03	13.000000	0.000000e+00
5.890282e-02	1.097946e+04	1.911279e+03	33.000000	0.000000e+00
8.378087e-02	6.475809e+03	7.285854e+02	79.000000	0.000000e+00
1.087368e-01	4.976397e+03	4.600681e+02	117.000000	0.000000e+00
1.341836e-01	3.721249e+03	2.599033e+02	205.000000	0.000000e+00
1.581206e-01	2.746653e+03	1.791719e+02	235.000000	0.000000e+00
1.826843e-01	2.127068e+03	1.107307e+02	369.000000	0.000000e+00
2.073525e-01	1.961812e+03	9.427865e+01	433.000000	0.000000e+00
2.322407e-01	1.713263e+03	7.083470e+01	585.000000	0.000000e+00
2.568838e-01	1.444166e+03	5.542200e+01	679.000000	0.000000e+00
2.811185e-01	1.310304e+03	4.595438e+01	813.000000	0.000000e+00
3.057758e-01	1.160261e+03	3.696899e+01	985.000000	0.000000e+00
3.308750e-01	1.120365e+03	3.257372e+01	1183.000000	0.000000e+00
3.553459e-01	1.038651e+03	2.915673e+01	1269.000000	0.000000e+00
3.797184e-01	8.891700e+02	2.268025e+01	1537.000000	0.000000e+00
4.042043e-01	8.665221e+02	2.131293e+01	1653.000000	0.000000e+00
4.287408e-01	7.821987e+02	1.765456e+01	1963.000000	0.000000e+00
4.533372e-01	7.659498e+02	1.663144e+01	2121.000000	0.000000e+00
4.779960e-01	7.192311e+02	1.464164e+01	2413.000000	0.000000e+00
5.026630e-01	6.825866e+02	1.329742e+01	2635.000000	0.000000e+00
5.271488e-01	6.174361e+02	1.151124e+01	2877.000000	0.000000e+00
5.515428e-01	6.012498e+02	1.068055e+01	3169.000000	0.000000e+00
5.762241e-01	5.663182e+02	9.562967e+00	3507.000000	0.000000e+00
6.007286e-01	5.701530e+02	9.392316e+00	3685.000000	0.000000e+00
6.252569e-01	5.416035e+02	8.392164e+00	4165.000000	0.000000e+00
6.499966e-01	5.263111e+02	7.955258e+00	4377.000000	0.000000e+00
6.746858e-01	4.930841e+02	7.076629e+00	4855.000000	0.000000e+00
6.991271e-01	4.861791e+02	6.924953e+00	4929.000000	0.000000e+00
7.235757e-01	4.681840e+02	6.267012e+00	5581.000000	0.000000e+00
7.479714e-01	4.516418e+02	5.993192e+00	5679.000000	0.000000e+00
7.726133e-01	4.406646e+02	5.514774e+00	6385.000000	0.000000e+00
7.972413e-01	4.223734e+02	5.217669e+00	6553.000000	0.000000e+00
8.218513e-01	4.146505e+02	4.912355e+00	7125.000000	0.000000e+00
8.464491e-01	3.977476e+02	4.609108e+00	7447.000000	0.000000e+00
8.709767e-01	3.907422e+02	4.388147e+00	7929.000000	0.000000e+00
8.955547e-01	3.760261e+02	4.114308e+00	8353.000000	0.000000e+00
9.199772e-01	3.678096e+02	3.926445e+00	8775.000000	0.000000e+00
9.444963e-01	3.663084e+02	3.795789e+00	9313.000000	0.000000e+00
9.690846e-01	3.572149e+02	3.600891e+00	9841.000000	0.000000e+00
9.935517e-01	3.493428e+02	3.460537e+00	10191.000000	0.000000e+00
1.018099e+00	3.413280e+02	3.269779e+00	10897.000000	0.000000e+00
1.042679e+00	3.324993e+02	3.127752e+00	11301.000000	0.000000e+00
1.067353e+00	3.234806e+02	2.949889e+00	12025.000000	0.000000e+00
1.092004e+00	3.146956e+02	2.823432e+00	12423.000000	0.000000e+00
1.116549e+00	3.083480e+02	2.702209e+00	13021.000000	0.000000e+00
1.140967e+00	3.045137e+02	2.630107e+00	13405.000000	0.000000e+00
1.165410e+00	2.942800e+02	2.465466e+00	14247.000000	0.000000e+00
1.189942e+00	2.845004e+02	2.350280e+00	14653.000000	0.000000e+00
1.214340e+00	2.838093e+02	2.291992e+00	15333.000000	0.000000e+00
1.238824e+00	2.774677e+02	2.197079e+00	15949.000000	0.000000e+00
1.263616e+00	2.686096e+02	2.056576e+00	17059.000000	0.000000e+00
1.288278e+00	2.645239e+02	2.023042e+00	17097.000000	0.000000e+00
1.312698e+00	2.579629e+02	1.924614e+00	17965.000000	0.000000e+00
1.337129e+00	2.522846e+02	1.853281e+00	18531.000000	0.000000e+00
1.361846e+00	2.499473e+02	1.782204e+00	19669.000000	0.000000e+00
1.386459e+00	2.438629e+02	1.729003e+00	19893.000000	0.000000e+00
1.410760e+00	2.380170e+02	1.662992e+00	20485.000000	0.000000e+00
1.435294e+00	2.379070e+02	1.613123e+00	21751.000000	0.000000e+00
1.459966e+00	2.305546e+02	1.547068e+00	22209.000000	0.000000e+00
1.484553e+00	2.268456e+02	1.494444e+00	23041.000000	0.000000e+00
1.509059e+00	2.242577e+02	1.456987e+00	23691.000000	0.000000e+00
1.533565e+00	2.177356e+02	1.392284e+00	24457.000000	0.000000e+00
1.558284e+00	2.173070e+02	1.352973e+00	25797.000000	0.000000e+00
1.582818e+00	2.126955e+02	1.328646e+00	25627.000000	0.000000e+00
1.607259e+00	2.084133e+02	1.263296e+00	27217.000000	0.000000e+00
1.631809e+00	2.041975e+02	1.230261e+00	27549.000000	0.000000e+00
1.656366e+00	2.001390e+02	1.179064e+00	28813.000000	0.000000e+00
1.680925e+00	1.980341e+02	1.155843e+00	29355.000000	0.000000e+00
1.705257e+00	1.931536e+02	1.116719e+00	29917.000000	0.000000e+00
1.729806e+00	1.905292e+02	1.070913e+00	31653.000000	0.000000e+00
1.754462e+00	1.871106e+02	1.046782e+00	31951.000000	0.000000e+00
1.778992e+00	1.820944e+02	1.001472e+00	33061.000000	0.000000e+00
1.803411e+00	1.793441e+02	9.784459e-01	33597.000000	0.000000e+00
1.827963e+00	1.783197e+02	9.504877e-01	35197.000000	0.000000e+00
1.852647e+00	1.732859e+02	9.155504e-01	35823.000000	0.000000e+00
1.877249e+00	1.716197e+02	8.928239e-01	36949.000000	0.000000e+00
1.901733e+00	1.676146e+02	8.677710e-01	37309.000000	0.000000e+00
1.926241e+00	1.645047e+02	8.322022e-01	39075.000000	0.000000e+00
1.950830e+00	1.624043e+02	8.184618e-01	39373.000000	0.000000e+00
1.975308e+00	1.610529e+02	7.970082e-01	40833.000000	0.000000e+00
1.999729e+00	1.584061e+02	7.803824e-01	41203.000000	0.000000e+00
2.024419e+00	1.543494e+02	7.384461e-01	43689.000000	0.000000e+00
2.049126e+00	1.517880e+02	7.276589e-01	43513.000000	0.000000e+00
2.073508e+00	1.507082e+02	7.149316e-01	44437.000000	0.000000e+00
2.097846e+00	1.483433e+02	6.942929e-01	45651.000000	0.000000e+00
2.122473e+00	1.451683e+02	6.661830e-01	47485.000000	0.000000e+00
2.147106e+00	1.431313e+02	6.535674e-01	47961.000000	0.000000e+00
2.171601e+00	1.410630e+02	6.363037e-01	49147.000000	0.000000e+00
2.196158e+00	1.383880e+02	6.168884e-01	50325.000000	0.000000e+00
2.220735e+00	1.366557e+02	6.013077e-01	51649.000000	0.000000e+00
2.245251e+00	1.349163e+02	5.907784e-01	52153.000000	0.000000e+00
2.269729e+00	1.330545e+02	5.728779e-01	53943.000000	0.000000e+00
2.294271e+00	1.311920e+02	5.609521e-01	54697.000000	0.000000e+00
2.318928e+00	1.284895e+02	5.393910e-01	56745.000000	0.000000e+00
2.343538e+00	1.266027e+02	5.302476e-01	57007.000000	0.000000e+00
2.368026e+00	1.250288e+02	5.171029e-01	58461.000000	0.000000e+00
2.392423e+00	1.216167e+02	5.005141e-01	59041.000000	0.000000e+00
2.416863e+00	1.199744e+02	4.857023e-01	61015.000000	0.000000e+00
2.441509e+00	1.192267e+02	4.763850e-01	62637.000000	0.000000e+00
2.466080e+00	1.170477e+02	4.657049e-01	63169.000000	0.000000e+00
2.490575e+00	1.153006e+02	4.536266e-01	64605.000000	0.000000e+00
2.515186e+00	1.138611e+02	4.415774e-01	66487.000000	0.000000e+00
2.539777e+00	1.127270e+02	4.353953e-01	67033.000000	0.000000e+00
2.564215e+00	1.111841e+02	4.256179e-01	68241.000000	0.000000e+00
2.588707e+00	1.095545e+02	4.141038e-01	69991.000000	0.000000e+00
2.613337e+00	1.075457e+02	4.021841e-01	71505.000000	0.000000e+00
2.637925e+00	1.070069e+02	3.968422e-01	72709.000000	0.000000e+00
2.662420e+00	1.043148e+02	3.848415e-01	73473.000000	0.000000e+00
2.686963e+00	1.028397e+02	3.736219e-01	75763.000000	0.000000e+00
2.711515e+00	1.023117e+02	3.704880e-01	76261.000000	0.000000e+00
2.735982e+00	1.003355e+02	3.592932e-01	77985.000000	0.000000e+00
2.760573e+00	9.901695e+01	3.500537e-01	80011.000000	0.000000e+00
2.785237e+00	9.725290e+01	3.416929e-01	81009.000000	0.000000e+00
2.809671e+00	9.669357e+01	3.384931e-01	81601.000000	0.000000e+00
2.834151e+00	9.485137e+01	3.271106e-01	84081.000000	0.000000e+00
2.858722e+00	9.356047e+01	3.206100e-01	85159.000000	0.000000e+00
2.883250e+00	9.292500e+01	3.156536e-01	86665.000000	0.000000e+00
2.907819e+00	9.110890e+01	3.065347e-01	88341.000000	0.000000e+00
2.932335e+00	9.015569e+01	3.013926e-01	89479.000000	0.000000e+00
2.956914e+00	8.867766e+01	2.931257e-01	91521.000000	0.000000e+00
2.981449e+00	8.737972e+01	2.874193e-01	92425.000000	0.000000e+00
3.005876e+00	8.658632e+01	2.830480e-01	93579.000000	0.000000e+00
3.030403e+00	8.550051e+01	2.755201e-01	96301.000000	0.000000e+00
3.055041e+00	8.415926e+01	2.693086e-01	97657.000000	0.000000e+00
3.079692e+00	8.314621e+01	2.637331e-01	99393.000000	0.000000e+00
3.104241e+00	8.206644e+01	2.592642e-01	100195.000000	0.000000e+00
3.128710e+00	8.136259e+01	2.551203e-01	101709.000000	0.000000e+00
3.153123e+00	8.032932e+01	2.502714e-01	103021.000000	0.000000e+00
3.177619e+00	7.916269e+01	2.435983e-01	105607.000000	0.000000e+00
3.202185e+00	7.855807e+01	2.403737e-01	106809.000000	0.000000e+00
3.226708e+00	7.718124e+01	2.341914e-01	108613.000000	0.000000e+00
3.251321e+00	7.620257e+01	2.289481e-01	110781.000000	0.000000e+00
3.275882e+00	7.514879e+01	2.249087e-01	111643.000000	0.000000e+00
3.300393e+00	7.449465e+01	2.209629e-01	113661.000000	0.000000e+00
3.324955e+00	7.344843e+01	2.163422e-01	115261.000000	0.000000e+00
3.349528e+00	7.283147e+01	2.124938e-01	117475.000000	0.000000e+00
3.374087e+00	7.197249e+01	2.091755e-01	118389.000000	0.000000e+00
3.398541e+00	7.093745e+01	2.047677e-01	120013.000000	0.000000e+00
3.423011e+00	7.017918e+01	2.010056e-01	121899.000000	0.000000e+00
3.447546e+00	6.906040e+01	1.960259e-01	124117.000000	0.000000e+00
3.472176e+00	6.845956e+01	1.923530e-01	126669.000000	0.000000e+00
3.496772e+00	6.766727e+01	1.899081e-01	126961.000000	0.000000e+00
3.521302e+00	6.695518e+01	1.857753e-01	129895.000000	0.000000e+00
3.545845e+00	6.585221e+01	1.823182e-01	130461.000000	0.000000e+00
3.570351e+00	6.554355e+01	1.795067e-01	133321.000000	0.000000e+00
3.594817e+00	6.444776e+01	1.763061e-01	133623.000000	0.000000e+00
3.619340e+00	6.418232e+01	1.731416e-01	137413.000000	0.000000e+00
3.643921e+00	6.323276e+01	1.700684e-01	138241.000000	0.000000e+00
3.668501e+00	6.235776e+01	1.660890e-01	140961.000000	0.000000e+00
3.693083e+00	6.161642e+01	1.633664e-01	142255.000000	0.000000e+00
3.717636e+00	6.061637e+01	1.596467e-01	144165.000000	0.000000e+00
3.742123e+00	6.030616e+01	1.581706e-01	145369.000000	0.000000e+00
3.766623e+00	5.967632e+01	1.550212e-01	148191.000000	0.000000e+00
3.791211e+00	5.906361e+01	1.524036e-01	150193.000000	0.000000e+00
3.815740e+00	5.822647e+01	1.496053e-01	151477.000000	0.000000e+00
3.840250e+00	5.758629e+01	1.468584e-01	153759.000000	0.000000e+00
3.864816e+00	5.731548e+01	1.450579e-01	156121.000000	0.000000e+00
3.889416e+00	5.673835e+01	1.426375e-01	158229.000000	0.000000e+00
3.913984e+00	5.593995e+01	1.400193e-01	159613.000000	0.000000e+00
3.938439e+00	5.505475e+01	1.372723e-01	160851.000000	0.000000e+00
3.962856e+00	5.465864e+01	1.354045e-01	162949.000000	0.000000e+00
3.987408e+00	5.395431e+01	1.320836e-01	166861.000000	0.000000e+00
4.011951e+00	5.349378e+01	1.309224e-01	166947.000000	0.000000e+00
4.036502e+00	5.297046e+01	1.281676e-01	170809.000000	0.000000e+00
4.061101e+00	5.253977e+01	1.266695e-01	172041.000000	0.000000e+00
4.085632e+00	5.197007e+01	1.246571e-01	173809.000000	0.000000e+00
4.110226e+00	5.154990e+01	1.224001e-01	177375.000000	0.000000e+00
4.134760e+00	5.088006e+01	1.209453e-01	176977.000000	0.000000e+00
4.159247e+00	5.044225e+01	1.186207e-01	180829.000000	0.000000e+00
4.183807e+00	4.972900e+01	1.163803e-01	182583.000000	0.000000e+00
4.208321e+00	4.922212e+01	1.147169e-01	184105.000000	0.000000e+00
4.232839e+00	4.879450e+01	1.127483e-01	187293.000000	0.000000e+00
4.257376e+00	4.848934e+01	1.117346e-01	188329.000000	0.000000e+00
4.281944e+00	4.767439e+01	1.086739e-01	192451.000000	0.000000e+00
4.306505e+00	4.733992e+01	1.078739e-01	192585.000000	0.000000e+00
4.331033e+00	4.669886e+01	1.054505e-01	196117.000000	0.000000e+00
4.355617e+00	4.625431e+01	1.038945e-01	198207.000000	0.000000e+00
4.380161e+00	4.593544e+01	1.028184e-01	199597.000000	0.000000e+00
4.404676e+00	4.567265e+01	1.014805e-01	202557.000000	0.000000e+00
4.429249e+00	4.504385e+01	9.952238e-02	204847.000000	0.000000e+00
4.453772e+00	4.480669e+01	9.863933e-02	206341.000000	0.000000e+00
4.478282e+00	4.414531e+01	9.651306e-02	209217.000000	0.000000e+00
4.502777e+00	4.387544e+01	9.562914e-02	210505.000000	0.000000e+00
4.527289e+00	4.353017e+01	9.403299e-02	214299.000000	0.000000e+00
4.551889e+00	4.281028e+01	9.199282e-02	216565.000000	0.000000e+00
4.576426e+00	4.257149e+01	9.121557e-02	217821.000000	0.000000e+00
4.600893e+00	4.207883e+01	8.968485e-02	220135.000000	0.000000e+00
4.625467e+00	4.162666e+01	8.789256e-02	224305.000000	0.000000e+00
4.650035e+00	4.153328e+01	8.757677e-02	224913.000000	0.000000e+00
4.674541e+00	4.099368e+01	8.590137e-02	227737.000000	0.000000e+00
4.699104e+00	4.038240e+01	8.405069e-02	230835.000000	0.000000e+00
4.723670e+00	4.017374e+01	8.326687e-02	232777.000000	0.000000e+00
4.748182e+00	3.986820e+01	8.235035e-02	234381.000000	0.000000e+00
4.772682e+00	3.948716e+01	8.099952e-02	237655.000000	0.000000e+00
4.797203e+00	3.913838e+01	8.000481e-02	239317.000000	0.000000e+00
4.821755e+00	3.877080e+01	7.856377e-02	243537.000000	0.000000e+00
4.846361e+00	3.851132e+01	7.776860e-02	245227.000000	0.000000e+00
4.870915e+00	3.801926e+01	7.645727e-02	247269.000000	0.000000e+00
4.895426e+00	3.777697e+01	7.561067e-02	249625.000000	0.000000e+00
4.919952e+00	3.758257e+01	7.481627e-02	252337.000000	0.000000e+00
4.944496e+00	3.710279e+01	7.342569e-02	255339.000000	0.000000e+00
4.969013e+00	3.671610e+01	7.250075e-02	256465.000000	0.000000e+00
4.993562e+00	3.648517e+01	7.137879e-02	261273.000000	0.000000e+00
5.018138e+00	3.612380e+01	7.053775e-02	262267.000000	0.000000e+00
5.042642e+00	3.580294e+01	6.959167e-02	264681.000000	0.000000e+00
5.067215e+00	3.536385e+01	6.817287e-02	269089.000000	0.000000e+00
5.091775e+00	3.526837e+01	6.795548e-02	269353.000000	0.000000e+00
5.116309e+00	3.499014e+01	6.684095e-02	274035.000000	0.000000e+00
5.140838e+00	3.462316e+01	6.611123e-02	274273.000000	0.000000e+00
5.165333e+00	3.438888e+01	6.516167e-02	278517.000000	0.000000e+00
5.189818e+00	3.413769e+01	6.457889e-02	279439.000000	0.000000e+00
5.214351e+00	3.376010e+01	6.326544e-02	284757.000000	0.000000e+00
5.238947e+00	3.358599e+01	6.275783e-02	286405.000000	0.000000e+00
5.263479e+00	3.320748e+01	6.182238e-02	288523.000000	0.000000e+00
5.288002e+00	3.294633e+01	6.100576e-02	291657.000000	0.000000e+00
5.312546e+00	3.257408e+01	6.003758e-02	294373.000000	0.000000e+00
5.337121e+00	3.245013e+01	5.946150e-02	297825.000000	0.000000e+00
5.361672e+00	3.218717e+01	5.882717e-02	299371.000000	0.000000e+00
5.386196e+00	3.190474e+01	5.799779e-02	302613.000000	0.000000e+00
5.410715e+00	3.167384e+01	5.738684e-02	304633.000000	0.000000e+00
5.435244e+00	3.137242e+01	5.648089e-02	308527.000000	0.000000e+00
5.459823e+00	3.106105e+01	5.566523e-02	311361.000000	0.000000e+00
5.484389e+00	3.088558e+01	5.510882e-02	314101.000000	0.000000e+00
5.508889e+00	3.064555e+01	5.462352e-02	314757.000000	0.000000e+00
5.533464e+00	3.039323e+01	5.354981e-02	322135.000000	0.000000e+00
5.558036e+00	3.015279e+01	5.329270e-02	320125.000000	0.000000e+00
5.582484e+00	2.985297e+01	5.239323e-02	324657.000000	0.000000e+00
5.606956e+00	2.957114e+01	5.175739e-02	326431.000000	0.000000e+00
5.631560e+00	2.941739e+01	5.093136e-02	333609.000000	0.000000e+00
5.656168e+00	2.913152e+01	5.048245e-02	333001.000000	0.000000e+00
5.680698e+00	2.890543e+01	4.981438e-02	336705.000000	0.000000e+00
5.705204e+00	2.871645e+01	4.936146e-02	338443.000000	0.000000e+00
5.729704e+00	2.860464e+01	4.889996e-02	342181.000000	0.000000e+00
5.754232e+00	2.821551e+01	4.802662e-02	345153.000000	0.000000e+00
5.778772e+00	2.797465e+01	4.737935e-02	348619.000000	0.000000e+00
5.803342e+00	2.776277e+01	4.683214e-02	351429.000000	0.000000e+00
5.827902e+00	2.752637e+01	4.621817e-02	354709.000000	0.000000e+00
5.852409e+00	2.740474e+01	4.594239e-02	355815.000000	0.000000e+00
5.876957e+00	2.721121e+01	4.524425e-02	361717.000000	0.000000e+00
5.901534e+00	2.701570e+01	4.484931e-02	362845.000000	0.000000e+00
5.926030e+00	2.679626e+01	4.434249e-02	365181.000000	0.000000e+00
5.950548e+00	2.670422e+01	4.391055e-02	369847.000000	0.000000e+00
5.975137e+00	2.636393e+01	4.315807e-02	373161.000000	0.000000e+00
5.999657e+00	2.613571e+01	4.274302e-02	373885.000000	0.000000e+00
6.024161e+00	2.606175e+01	4.233420e-02	378987.000000	0.000000e+00
6.048714e+00	2.583802e+01	4.184456e-02	381277.000000	0.000000e+00
6.073267e+00	2.567987e+01	4.136124e-02	385477.000000	0.000000e+00
6.097868e+00	2.545076e+01	4.081432e-02	388845.000000	0.000000e+00
6.122369e+00	2.526034e+01	4.052093e-02	388615.000000	0.000000e+00
6.146867e+00	2.504712e+01	3.984854e-02	395085.000000	0.000000e+00
6.171452e+00	2.495064e+01	3.958021e-02	397381.000000	0.000000e+00
6.195974e+00	2.471286e+01	3.908076e-02	399871.000000	0.000000e+00
6.220444e+00	2.452332e+01	3.870261e-02	401493.000000	0.000000e+00
6.244986e+00	2.442861e+01	3.820063e-02	408937.000000	0.000000e+00
6.269588e+00	2.411164e+01	3.766565e-02	409791.000000	0.000000e+00
6.294124e+00	2.396232e+01	3.728592e-02	413017.000000	0.000000e+00
6.318633e+00	2.382290e+01	3.694646e-02	415761.000000	0.000000e+00
6.343202e+00	2.363964e+01	3.643925e-02	420865.000000	0.000000e+00
6.367770e+00	2.348371e+01	3.611738e-02	422767.000000	0.000000e+00
6.392288e+00	2.334617e+01	3.579366e-02	425421.000000	0.000000e+00
6.416837e+00	2.317476e+01	3.531963e-02	430525.000000	0.000000e+00
6.441383e+00	2.300451e+01	3.501083e-02	431739.000000	0.000000e+00
6.465913e+00	2.284825e+01	3.458187e-02	436525.000000	0.000000e+00
6.490433e+00	2.275600e+01	3.437019e-02	438357.000000	0.000000e+00
6.514946e+00	2.249307e+01	3.381821e-02	442381.000000	0.000000e+00
6.539518e+00	2.238833e+01	3.346544e-02	447559.000000	0.000000e+00
6.564059e+00	2.218585e+01	3.315604e-02	447741.000000	0.000000e+00
6.588587e+00	2.208979e+01	3.278944e-02	453853.000000	0.000000e+00
6.613110e+00	2.188672e+01	3.246734e-02	454431.000000	0.000000e+00
6.637622e+00	2.175775e+01	3.208141e-02	459961.000000	0.000000e+00
6.662172e+00	2.156927e+01	3.170687e-02	462769.000000	0.000000e+00
6.686693e+00	2.143678e+01	3.141080e-02	465759.000000	0.000000e+00
6.711227e+00	2.128302e+01	3.104589e-02	469957.000000	0.000000e+00
6.735777e+00	2.111777e+01	3.069000e-02	473481.000000	0.000000e+00
6.760323e+00	2.102652e+01	3.046858e-02	476245.000000	0.000000e+00
6.784855e+00	2.084867e+01	3.008296e-02	480303.000000	0.000000e+00
6.809427e+00	2.075797e+01	2.981984e-02	484573.000000	0.000000e+00
6.833979e+00	2.065324e+01	2.961078e-02	486493.000000	0.000000e+00
6.858503e+00	2.050683e+01	2.927723e-02	490611.000000	0.000000e+00
6.883055e+00	2.036752e+01	2.897053e-02	494269.000000	0.000000e+00
6.907584e+00	2.021174e+01	2.866187e-02	497277.000000	0.000000e+00
6.932134e+00	2.012033e+01	2.840662e-02	501685.000000	0.000000e+00
6.956669e+00	1.990613e+01	2.803583e-02	504135.000000	0.000000e+00
6.981221e+00	1.978948e+01	2.773397e-02	509149.000000	0.000000e+00
7.005753e+00	1.965978e+01	2.751234e-02	510625.000000	0.000000e+00
7.030233e+00	1.950482e+01	2.719401e-02	514443.000000	0.000000e+00
7.054782e+00	1.945658e+01	2.698057e-02	520033.000000	0.000000e+00
7.079343e+00	1.931899e+01	2.671906e-02	522789.000000	0.000000e+00
7.103883e+00	1.914796e+01	2.640134e-02	526009.000000	0.000000e+00
7.128424e+00	1.905521e+01	2.616263e-02	530475.000000	0.000000e+00
7.152965e+00	1.894161e+01	2.594515e-02	532993.000000	0.000000e+00
7.177501e+00	1.877251e+01	2.560481e-02	537529.000000	0.000000e+00
7.202013e+00	1.866538e+01	2.540763e-02	539691.000000	0.000000e+00
7.226577e+00	1.855369e+01	2.509463e-02	546637.000000	0.000000e+00
7.251125e+00	1.846532e+01	2.496780e-02	546957.000000	0.000000e+00
7.275651e+00	1.837968e+01	2.472356e-02	552655.000000	0.000000e+00
7.300226e+00	1.821334e+01	2.441105e-02	556681.000000	0.000000e+00
7.324759e+00	1.813302e+01	2.426376e-02	558501.000000	0.000000e+00
7.349299e+00	1.796756e+01	2.392078e-02	564193.000000	0.000000e+00
7.373825e+00	1.787679e+01	2.377134e-02	565551.000000	0.000000e+00
7.398312e+00	1.774416e+01	2.350616e-02	569833.000000	0.000000e+00
7.422892e+00	1.770822e+01	2.330455e-02	577389.000000	0.000000e+00
7.447442e+00	1.749218e+01	2.304135e-02	576331.000000	0.000000e+00
7.471956e+00	1.744126e+01	2.284537e-02	582853.000000	0.000000e+00
7.496499e+00	1.730837e+01	2.261234e-02	585897.000000	0.000000e+00
7.521014e+00	1.725461e+01	2.248959e-02	588637.000000	0.000000e+00
7.545557e+00	1.712256e+01	2.219314e-02	595251.000000	0.000000e+00
7.570086e+00	1.699393e+01	2.201536e-02	595849.000000	0.000000e+00
7.594613e+00	1.691186e+01	2.179224e-02	602253.000000	0.000000e+00
7.619172e+00	1.675576e+01	2.152667e-02	605863.000000	0.000000e+00
7.643756e+00	1.671016e+01	2.137988e-02	610873.000000	0.000000e+00
7.668263e+00	1.661695e+01	2.126967e-02	610353.000000	0.000000e+00
7.692777e+00	1.653060e+01	2.101751e-02	618607.000000	0.000000e+00
7.717371e+00	1.642040e+01	2.081728e-02	622185.000000	0.000000e+00
7.741929e+00	1.632249e+01	2.064258e-02	625237.000000	0.000000e+00
7.766457e+00	1.621245e+01	2.045779e-02	628029.000000	0.000000e+00
7.790953e+00	1.612824e+01	2.028789e-02	631975.000000	0.000000e+00
7.815489e+00	1.602128e+01	2.006544e-02	637525.000000	0.000000e+00
7.840050e+00	1.592781e+01	1.988175e-02	641805.000000	0.000000e+00
7.864588e+00	1.583232e+01	1.972390e-02	644323.000000	0.000000e+00
7.889126e+00	1.572956e+01	1.951930e-02	649389.000000	0.000000e+00
7.913643e+00	1.564698e+01	1.938223e-02	651709.000000	0.000000e+00
7.938181e+00	1.554441e+01	1.915841e-02	658309.000000	0.000000e+00
7.962760e+00	1.550538e+01	1.904822e-02	662607.000000	0.000000e+00
7.987311e+00	1.537848e+01	1.886913e-02	664237.000000	0.000000e+00
8.011811e+00	1.523628e+01	1.863956e-02	668169.000000	0.000000e+00
8.036325e+00	1.521235e+01	1.853490e-02	673615.000000	0.000000e+00
8.060868e+00	1.508408e+01	1.832383e-02	677649.000000	0.000000e+00
8.085446e+00	1.503540e+01	1.818113e-02	683893.000000	0.000000e+00
8.109989e+00	1.494371e+01	1.807010e-02	683905.000000	0.000000e+00
8.134471e+00	1.486673e+01	1.791237e-02	688851.000000	0.000000e+00
8.159038e+00	1.475644e+01	1.767284e-02	697189.000000	0.000000e+00
8.183598e+00	1.469053e+01	1.760577e-02	696249.000000	0.000000e+00
8.208073e+00	1.463131e+01	1.747036e-02	701395.000000	0.000000e+00
8.232590e+00	1.456062e+01	1.732307e-02	706497.000000	0.000000e+00
8.257144e+00	1.445255e+01	1.712449e-02	712285.000000	0.000000e+00
8.281710e+00	1.435410e+01	1.696765e-02	715663.000000	0.000000e+00
8.306271e+00	1.427429e+01	1.682175e-02	720057.000000	0.000000e+00
8.330826e+00	1.422953e+01	1.671652e-02	724585.000000	0.000000e+00
8.355374e+00	1.413001e+01	1.656909e-02	727257.000000	0.000000e+00
8.379901e+00	1.405535e+01	1.642017e-02	732703.000000	0.000000e+00
8.404418e+00	1.397908e+01	1.630742e-02	734829.000000	0.000000e+00
8.428928e+00	1.388245e+01	1.613051e-02	740689.000000	0.000000e+00
8.453504e+00	1.377555e+01	1.592811e-02	747979.000000	0.000000e+00
8.478051e+00	1.373236e+01	1.588886e-02	746973.000000	0.000000e+00
8.502580e+00	1.366722e+01	1.571517e-02	756349.000000	0.000000e+00
8.527138e+00	1.361455e+01	1.565167e-02	756633.000000	0.000000e+00
8.551634e+00	1.351903e+01	1.549110e-02	761599.000000	0.000000e+00
8.576156e+00	1.344876e+01	1.535450e-02	767173.000000	0.000000e+00
8.600697e+00	1.337254e+01	1.522696e-02	771261.000000	0.000000e+00
8.625259e+00	1.329990e+01	1.508302e-02	777535.000000	0.000000e+00
8.649836e+00	1.322042e+01	1.496311e-02	780633.000000	0.000000e+00
8.674376e+00	1.315045e+01	1.484502e-02	784729.000000	0.000000e+00
8.698927e+00	1.309138e+01	1.473131e-02	789747.000000	0.000000e+00
8.723450e+00	1.302382e+01	1.463542e-02	791893.000000	0.000000e+00
8.747957e+00	1.293406e+01	1.448176e-02	797677.000000	0.000000e+00
8.772521e+00	1.287704e+01	1.435728e-02	804429.000000	0.000000e+00
8.797047e+00	1.278551e+01	1.425429e-02	804535.000000	0.000000e+00
8.821541e+00	1.274318e+01	1.415157e-02	810861.000000	0.000000e+00
8.846076e+00	1.268513e+01	1.403988e-02	816325.000000	0.000000e+00
8.870641e+00	1.263569e+01	1.393342e-02	822399.000000	0.000000e+00
8.895170e+00	1.258546e+01	1.387713e-02	822505.000000	0.000000e+00
8.919713e+00	1.247013e+01	1.366589e-02	832657.000000	0.000000e+00
8.944263e+00	1.243723e+01	1.363635e-02	831861.000000	0.000000e+00
8.968772e+00	1.236497e+01	1.349663e-02	839335.000000	0.000000e+00
8.993334e+00	1.229725e+01	1.338001e-02	844701.000000	0.000000e+00
9.017895e+00	1.224269e+01	1.329514e-02	847945.000000	0.000000e+00
9.042430e+00	1.218307e+01	1.319179e-02	852915.000000	0.000000e+00
9.066970e+00	1.210450e+01	1.307705e-02	856789.000000	0.000000e+00
9.091538e+00	1.207238e+01	1.298105e-02	864901.000000	0.000000e+00
9.116063e+00	1.199765e+01	1.291897e-02	862455.000000	0.000000e+00
9.140573e+00	1.191159e+01	1.274509e-02	873481.000000	0.000000e+00
9.165140e+00	1.189724e+01	1.271258e-02	875841.000000	0.000000e+00
9.189653e+00	1.180631e+01	1.259452e-02	878749.000000	0.000000e+00
9.214176e+00	1.173964e+01	1.246848e-02	886507.000000	0.000000e+00
9.238722e+00	1.168867e+01	1.239597e-02	889137.000000	0.000000e+00
9.263252e+00	1.164906e+01	1.231198e-02	895213.000000	0.000000e+00
9.287810e+00	1.158062e+01	1.220255e-02	900663.000000	0.000000e+00
9.312363e+00	1.152194e+01	1.211654e-02	904261.000000	0.000000e+00
9.336898e+00	1.147567e+01	1.203561e-02	909117.000000	0.000000e+00
9.361428e+00	1.143103e+01	1.196368e-02	912937.000000	0.000000e+00
9.385969e+00	1.136453e+01	1.184827e-02	920011.000000	0.000000e+00
9.410496e+00	1.130058e+01	1.177368e-02	921249.000000	0.000000e+00
9.435027e+00	1.125371e+01	1.166939e-02	930025.000000	0.000000e+00
9.459577e+00	1.120209e+01	1.160164e-02	932307.000000	0.000000e+00
9.484080e+00	1.115776e+01	1.153350e-02	935905.000000	0.000000e+00
9.508599e+00	1.109819e+01	1.142342e-02	943869.000000	0.000000e+00
9.533177e+00	1.107511e+01	1.136602e-02	949465.000000	0.000000e+00
9.557740e+00	1.100505e+01	1.127415e-02	952831.000000	0.000000e+00
9.582283e+00	1.096316e+01	1.120284e-02	957669.000000	0.000000e+00
9.606825e+00	1.089497e+01	1.110561e-02	962425.000000	0.000000e+00
9.631356e+00	1.086347e+01	1.104721e-02	967011.000000	0.000000e+00
9.655881e+00	1.080334e+01	1.096163e-02	971329.000000	0.000000e+00
9.680426e+00	1.074947e+01	1.086550e-02	978757.000000	0.000000e+00
9.704942e+00	1.071064e+01	1.082538e-02	978915.000000	0.000000e+00
9.729497e+00	1.064588e+01	1.069103e-02	991573.000000	0.000000e+00
9.754046e+00	1.060918e+01	1.066788e-02	989025.000000	0.000000e+00
9.778535e+00	1.053988e+01	1.056267e-02	995689.000000	0.000000e+00
9.803103e+00	1.050256e+01	1.046908e-02	1006407.000000	0.000000e+00
9.827649e+00	1.046551e+01	1.044830e-02	1003297.000000	0.000000e+00
9.852180e+00	1.041591e+01	1.033574e-02	1015573.000000	0.000000e+00
9.876731e+00	1.037232e+01	1.029460e-02	1015155.000000	0.000000e+00
9.901284e+00	1.031349e+01	1.018632e-02	1025125.000000	0.000000e+00
9.925835e+00	1.026891e+01	1.013685e-02	1026225.000000	0.000000e+00
9.950350e+00	1.021972e+01	1.006300e-02	1031389.000000	0.000000e+00
9.974902e+00	1.018194e+01	9.983954e-03	1040055.000000	0.000000e+00
9.999429e+00	1.014147e+01	9.949387e-03	1038985.000000	0.000000e+00
1.002392e+01	1.008939e+01	9.857165e-03	1047673.000000	0.000000e+00
1.004849e+01	1.007473e+01	9.806452e-03	1055463.000000	0.000000e+00
1.007303e+01	1.002482e+01	9.754610e-03	1056169.000000	0.000000e+00
1.009756e+01	9.970567e+00	9.663811e-03	1064493.000000	0.000000e+00
1.012209e+01	9.929581e+00	9.614563e-03	1066603.000000	0.000000e+00
1.014664e+01	9.895012e+00	9.537986e-03	1076265.000000	0.000000e+00
1.017120e+01	9.848191e+00	9.483537e-03	1078381.000000	0.000000e+00
1.019572e+01	9.803516e+00	9.422865e-03	1082425.000000	0.000000e+00
1.022025e+01	9.777455e+00	9.363149e-03	1090455.000000	0.000000e+00
1.024479e+01	9.739406e+00	9.313918e-03	1093453.000000	0.000000e+00
1.026933e+01	9.687283e+00	9.235047e-03	1100337.000000	0.000000e+00
1.029386e+01	9.648609e+00	9.181880e-03	1104247.000000	0.000000e+00
1.031842e+01	9.609282e+00	9.111911e-03	1112149.000000	0.000000e+00
1.034296e+01	9.584444e+00	9.077314e-03	1114857.000000	0.000000e+00
1.036749e+01	9.554962e+00	9.028458e-03	1120033.000000	0.000000e+00
1.039203e+01	9.511495e+00	8.957008e-03	1127643.000000	0.000000e+00
1.041655e+01	9.481044e+00	8.925586e-03	1128337.000000	0.000000e+00
1.044111e+01	9.434056e+00	8.829497e-03	1141629.000000	0.000000e+00
1.046570e+01	9.394288e+00	8.790299e-03	1142143.000000	0.000000e+00
1.049021e+01	9.349296e+00	8.737763e-03	1144873.000000	0.000000e+00
1.051473e+01	9.316863e+00	8.672314e-03	1154169.000000	0.000000e+00
1.053925e+01	9.292525e+00	8.646477e-03	1155019.000000	0.000000e+00
1.056380e+01	9.253217e+00	8.561377e-03	1168149.000000	0.000000e+00
1.058835e+01	9.226662e+00	8.542323e-03	1166641.000000	0.000000e+00
1.061283e+01	9.176100e+00	8.480448e-03	1170789.000000	0.000000e+00
1.063739e+01	9.152813e+00	8.405475e-03	1185727.000000	0.000000e+00
1.066197e+01	9.117593e+00	8.379004e-03	1184065.000000	0.000000e+00
1.068650e+01	9.101101e+00	8.337834e-03	1191465.000000	0.000000e+00
1.071103e+01	9.050922e+00	8.281327e-03	1194499.000000	0.000000e+00
1.073555e+01	9.023502e+00	8.230680e-03	1201929.000000	0.000000e+00
1.076011e+01	9.001057e+00	8.184413e-03	1209517.000000	0.000000e+00
1.078466e+01	8.970672e+00	8.146983e-03	1212429.000000	0.000000e+00
1.080918e+01	8.937154e+00	8.101648e-03	1216891.000000	0.000000e+00
1.083370e+01	8.899519e+00	8.048328e-03	1222705.000000	0.000000e+00
1.085823e+01	8.874598e+00	7.999780e-03	1230669.000000	0.000000e+00
1.088282e+01	8.831828e+00	7.933817e-03	1239187.000000	0.000000e+00
1.090737e+01	8.821464e+00	7.929224e-03	1237713.000000	0.000000e+00
1.093189e+01	8.771648e+00	7.855810e-03	1246753.000000	0.000000e+00
1.095642e+01	8.752309e+00	7.827536e-03	1250245.000000	0.000000e+00
1.098096e+01	8.732961e+00	7.779597e-03	1260111.000000	0.000000e+00
1.100552e+01	8.703817e+00	7.747999e-03	1261945.000000	0.000000e+00
1.103005e+01	8.663947e+00	7.692066e-03	1268661.000000	0.000000e+00
1.105458e+01	8.643356e+00	7.657439e-03	1274083.000000	0.000000e+00
1.107911e+01	8.617052e+00	7.618217e-03	1279413.000000	0.000000e+00
1.110366e+01	8.594026e+00	7.574158e-03	1287433.000000	0.000000e+00
1.112821e+01	8.567458e+00	7.539910e-03	1291135.000000	0.000000e+00
1.115273e+01	8.533949e+00	7.497638e-03	1295541.000000	0.000000e+00
1.117726e+01	8.520503e+00	7.464548e-03	1302937.000000	0.000000e+00
1.120181e+01	8.489695e+00	7.418497e-03	1309641.000000	0.000000e+00
1.122634e+01	8.465352e+00	7.389450e-03	1312399.000000	0.000000e+00
1.125085e+01	8.467072e+00	7.372967e-03	1318809.000000	0.000000e+00
1.127541e+01	8.417535e+00	7.300056e-03	1329589.000000	0.000000e+00
1.129999e+01	8.404943e+00	7.283305e-03	1331719.000000	0.000000e+00
1.132451e+01	8.389730e+00	7.260571e-03	1335225.000000	0.000000e+00
1.134903e+01	8.362825e+00	7.214456e-03	1343689.000000	0.000000e+00
1.137357e+01	8.346757e+00	7.188611e-03	1348173.000000	0.000000e+00
1.139811e+01	8.330248e+00	7.153005e-03	1356247.000000	0.000000e+00
1.142265e+01	8.302011e+00	7.121826e-03	1358889.000000	0.000000e+00
1.144718e+01	8.293183e+00	7.092541e-03	1367221.000000	0.000000e+00
1.147174e+01	8.265803e+00	7.051555e-03	1374043.000000	0.000000e+00
1.149628e+01	8.244212e+00	7.024884e-03	1377273.000000	0.000000e+00
1.152079e+01	8.233077e+00	7.004896e-03	1381405.000000	0.000000e+00
1.154533e+01	8.201994e+00	6.949288e-03	1393023.000000	0.000000e+00
1.156988e+01	8.185618e+00	6.933238e-03	1393897.000000	0.000000e+00
1.159441e+01	8.179549e+00	6.905781e-03	1402921.000000	0.000000e+00
1.161895e+01	8.146210e+00	6.865936e-03	1407705.000000	0.000000e+00
1.164349e+01	8.134859e+00	6.840647e-03	1414183.000000	0.000000e+00
1.166804e+01	8.119161e+00	6.813955e-03	1419789.000000	0.000000e+00
1.169259e+01	8.106003e+00	6.784891e-03	1427341.000000	0.000000e+00
1.171712e+01	8.100314e+00	6.776480e-03	1428879.000000	0.000000e+00
1.174164e+01	8.055108e+00	6.716675e-03	1438249.000000	0.000000e+00
1.176619e+01	8.068274e+00	6.711071e-03	1445365.000000	0.000000e+00
1.179072e+01	8.036131e+00	6.681433e-03	1446621.000000	0.000000e+00
1.181525e+01	8.026028e+00	6.648212e-03	1457443.000000	0.000000e+00
1.183979e+01	8.009773e+00	6.626537e-03	1461057.000000	0.000000e+00
1.186435e+01	8.001147e+00	6.599124e-03	1470049.000000	0.000000e+00
1.188889e+01	7.995061e+00	6.586578e-03	1473411.000000	0.000000e+00
1.191343e+01	7.982546e+00	6.561805e-03	1479913.000000	0.000000e+00
1.193797e+01	7.984924e+00	6.548564e-03	1486789.000000	0.000000e+00
1.196251e+01	7.961094e+00	6.518294e-03	1491687.000000	0.000000e+00
1.198703e+01	7.949590e+00	6.497025e-03	1497133.000000	0.000000e+00
1.201156e+01	7.937782e+00	6.470266e-03	1505061.000000	0.000000e+00
1.203612e+01	7.937512e+00	6.456281e-03	1511485.000000	0.000000e+00
1.206065e+01	7.918272e+00	6.432207e-03	1515447.000000	0.000000e+00
1.208515e+01	7.918494e+00	6.423116e-03	1519825.000000	0.000000e+00
1.210971e+01	7.902580e+00	6.376988e-03	1535701.000000	0.000000e+00
1.213428e+01	7.902573e+00	6.384565e-03	1532055.000000	0.000000e+00
1.215881e+01	7.888300e+00	6.346154e-03	1545061.000000	0.000000e+00
1.218336e+01	7.875764e+00	6.334945e-03	1545609.000000	0.000000e+00
1.220787e+01	7.884077e+00	6.327663e-03	1552441.000000	0.000000e+00
1.223242e+01	7.880788e+00	6.301891e-03	1563859.000000	0.000000e+00
1.225696e+01	7.874734e+00	6.297625e-03	1563573.000000	0.000000e+00
1.228148e+01	7.875211e+00	6.277867e-03	1573621.000000	0.000000e+00
1.230602e+01	7.873957e+00	6.266788e-03	1578687.000000	0.000000e+00
1.233056e+01	7.867238e+00	6.247735e-03	1585621.000000	0.000000e+00
1.235512e+01	7.867634e+00	6.229205e-03	1595229.000000	0.000000e+00
1.237965e+01	7.857668e+00	6.225007e-03	1593337.000000	0.000000e+00
1.240419e+01	7.858797e+00	6.194086e-03	1609747.000000	0.000000e+00
1.242874e+01	7.858049e+00	6.198532e-03	1607133.000000	0.000000e+00
1.245325e+01	7.862737e+00	6.184630e-03	1616293.000000	0.000000e+00
1.247780e+01	7.855217e+00	6.157195e-03	1627611.000000	0.000000e+00
1.250235e+01	7.868408e+00	6.169745e-03	1626445.000000	0.000000e+00
1.252688e+01	7.869250e+00	6.146605e-03	1639065.000000	0.000000e+00
1.255143e+01	7.875967e+00	6.147041e-03	1641631.000000	0.000000e+00
1.257596e+01	7.876025e+00	6.140584e-03	1645109.500000	0.000000e+00
1.260049e+01	7.845956e+00	6.122457e-03	1642254.000000	0.000000e+00
1.262503e+01	7.824716e+00	6.111695e-03	1639132.000000	0.000000e+00
1.264958e+01	7.802178e+00	6.098218e-03	1636914.000000	0.000000e+00
1.267411e+01	7.777634e+00	6.090635e-03	1630684.000000	0.000000e+00
1.269864e+01	7.748092e+00	6.071155e-03	1628722.000000	0.000000e+00
1.272316e+01	7.720183e+00	6.057287e-03	1624422.000000	0.000000e+00
1.274773e+01	7.708698e+00	6.042981e-03	1627270.000000	0.000000e+00
1.277225e+01	7.684532e+00	6.052238e-03	1612140.000000	0.000000e+00
1.279677e+01	7.660909e+00	6.019763e-03	1619578.000000	0.000000e+00
1.282133e+01	7.647025e+00	6.026681e-03	1610010.000000	0.000000e+00
1.284587e+01	7.620305e+00	6.004329e-03	1610704.000000	0.000000e+00
1.287043e+01	7.594971e+00	5.994503e-03	1605262.000000	0.000000e+00
1.289495e+01	7.577653e+00	5.991860e-03	1599360.000000	0.000000e+00
1.291951e+01	7.566117e+00	5.977933e-03	1601932.000000	0.000000e+00
1.294403e+01	7.540669e+00	5.982804e-03	1588584.000000	0.000000e+00
1.296853e+01	7.527818e+00	5.966845e-03	1591654.000000	0.000000e+00
1.299309e+01	7.492963e+00	5.944123e-03	1589028.000000	0.000000e+00
1.301763e+01	7.472088e+00	5.942068e-03	1581280.000000	0.000000e+00
1.304217e+01	7.449348e+00	5.924423e-03	1581046.000000	0.000000e+00
1.306670e+01	7.445081e+00	5.932473e-03	1574952.000000	0.000000e+00
1.309123e+01	7.434233e+00	5.930411e-03	1571458.000000	0.000000e+00
1.311579e+01	7.410418e+00	5.911894e-03	1571202.000000	0.000000e+00
1.314034e+01	7.397986e+00	5.914620e-03	1564492.000000	0.000000e+00
1.316488e+01	7.373755e+00	5.902560e-03	1560618.000000	0.000000e+00
1.318940e+01	7.344780e+00	5.888205e-03	1555936.000000	0.000000e+00
1.321393e+01	7.343355e+00	5.893988e-03	1552282.000000	0.000000e+00
1.323848e+01	7.309022e+00	5.867312e-03	1551816.000000	0.000000e+00
1.326302e+01	7.297411e+00	5.875045e-03	1542820.000000	0.000000e+00
1.328757e+01	7.280094e+00	5.858013e-03	1544448.000000	0.000000e+00
1.331210e+01	7.263672e+00	5.863374e-03	1534678.000000	0.000000e+00
1.333662e+01	7.229055e+00	5.838090e-03	1533280.000000	0.000000e+00
1.336117e+01	7.222961e+00	5.837358e-03	1531080.000000	0.000000e+00
1.338570e+01	7.200797e+00	5.834651e-03	1523110.000000	0.000000e+00
1.341022e+01	7.185591e+00	5.825908e-03	1521240.000000	0.000000e+00
1.343476e+01	7.168966e+00	5.820784e-03	1516876.000000	0.000000e+00
1.345932e+01	7.151684e+00	5.809185e-03	1515606.000000	0.000000e+00
1.348389e+01	7.139738e+00	5.808148e-03	1511086.000000	0.000000e+00
1.350843e+01	7.108907e+00	5.799267e-03	1502656.000000	0.000000e+00
1.353293e+01	7.101575e+00	5.800860e-03	1498734.000000	0.000000e+00
1.355748e+01	7.083428e+00	5.786446e-03	1498522.000000	0.000000e+00
1.358203e+01	7.067609e+00	5.786695e-03	1491708.000000	0.000000e+00
1.360658e+01	7.053260e+00	5.779067e-03	1489582.000000	0.000000e+00
1.363111e+01	7.039293e+00	5.784841e-03	1480728.000000	0.000000e+00
1.365563e+01	7.028169e+00	5.775996e-03	1480576.000000	0.000000e+00
1.368019e+01	7.008928e+00	5.769367e-03	1475866.000000	0.000000e+00
1.370473e+01	6.997627e+00	5.772441e-03	1469544.000000	0.000000e+00
1.372924e+01	6.973860e+00	5.764017e-03	1463848.000000	0.000000e+00
1.375380e+01	6.961991e+00	5.747775e-03	1467126.000000	0.000000e+00
1.377836e+01	6.956359e+00	5.767868e-03	1454566.000000	0.000000e+00
1.380287e+01	6.930795e+00	5.752519e-03	1451610.000000	0.000000e+00
1.382737e+01	6.909394e+00	5.746232e-03	1445818.000000	0.000000e+00
1.385191e+01	6.905168e+00	5.742324e-03	1446016.000000	0.000000e+00
1.387648e+01	6.894339e+00	5.744624e-03	1440330.000000	0.000000e+00
1.390103e+01	6.871982e+00	5.734139e-03	1436242.000000	0.000000e+00
1.392557e+01	6.859520e+00	5.740283e-03	1427976.000000	0.000000e+00
1.395012e+01	6.850386e+00	5.730765e-03	1428910.000000	0.000000e+00
1.397464e+01	6.846413e+00	5.754678e-03	1415416.000000	0.000000e+00
1.399917e+01	6.810397e+00	5.713899e-03	1420626.000000	0.000000e+00
1.402372e+01	6.818682e+00	5.745451e-03	1408486.000000	0.000000e+00
1.404824e+01	6.800767e+00	5.733308e-03	1407036.000000	0.000000e+00
1.407278e+01	6.786315e+00	5.730520e-03	1402426.000000	0.000000e+00
1.409731e+01	6.770820e+00	5.731869e-03	1395372.000000	0.000000e+00
1.412183e+01	6.760016e+00	5.728543e-03	1392538.000000	0.000000e+00
1.414639e+01	6.745859e+00	5.721084e-03	1390330.000000	0.000000e+00
1.417094e+01	6.736283e+00	5.733245e-03	1380510.000000	0.000000e+00
1.419546e+01	6.721048e+00	5.723008e-03	1379194.000000	0.000000e+00
1.422001e+01	6.709337e+00	5.727163e-03	1372398.000000	0.000000e+00
1.424455e+01	6.698212e+00	5.724432e-03	1369156.000000	0.000000e+00
1.426908e+01	6.694672e+00	5.738845e-03	1360848.000000	0.000000e+00
1.429362e+01	6.679333e+00	5.725536e-03	1360924.000000	0.000000e+00
1.431818e+01	6.668676e+00	5.734227e-03	1352476.000000	0.000000e+00
1.434273e+01	6.663549e+00	5.735783e-03	1349664.000000	0.000000e+00
1.436724e+01	6.658603e+00	5.754755e-03	1338790.000000	0.000000e+00
1.439177e+01	6.649135e+00	5.739435e-03	1342122.000000	0.000000e+00
1.441633e+01	6.631278e+00	5.747442e-03	1331206.000000	0.000000e+00
1.444087e+01	6.616641e+00	5.739462e-03	1329024.000000	0.000000e+00
1.446541e+01	6.618416e+00	5.756489e-03	1321882.000000	0.000000e+00
1.448996e+01	6.601248e+00	5.747090e-03	1319338.000000	0.000000e+00
1.451448e+01	6.592024e+00	5.761898e-03	1308900.000000	0.000000e+00
1.453902e+01	6.586224e+00	5.754143e-03	1310122.000000	0.000000e+00
1.456356e+01	6.565722e+00	5.758781e-03	1299882.000000	0.000000e+00
1.458809e+01	6.569474e+00	5.769978e-03	1296322.000000	0.000000e+00
1.461262e+01	6.556264e+00	5.767687e-03	1292140.000000	0.000000e+00
1.463716e+01	6.543759e+00	5.773987e-03	1284408.000000	0.000000e+00
1.466171e+01	6.540360e+00	5.773784e-03	1283164.000000	0.000000e+00
1.468625e+01	6.532709e+00	5.788761e-03	1273548.000000	0.000000e+00
1.471078e+01	6.530193e+00	5.794924e-03	1269862.000000	0.000000e+00
1.473534e+01	6.511733e+00	5.784951e-03	1267050.000000	0.000000e+00
1.475987e+01	6.505997e+00	5.806593e-03	1255408.000000	0.000000e+00
1.478439e+01	6.502637e+00	5.803470e-03	1255462.000000	0.000000e+00
1.480894e+01	6.495915e+00	5.817574e-03	1246800.000000	0.000000e+00
1.483348e+01	6.477199e+00	5.806633e-03	1244302.000000	0.000000e+00
1.485802e+01	6.474594e+00	5.825822e-03	1235124.000000	0.000000e+00
1.488256e+01	6.467366e+00	5.824263e-03	1233028.000000	0.000000e+00
1.490708e+01	6.454318e+00	5.836985e-03	1222710.000000	0.000000e+00
1.493162e+01	6.454346e+00	5.838692e-03	1222006.000000	0.000000e+00
1.495618e+01	6.453545e+00	5.852945e-03	1215760.000000	0.000000e+00
1.498071e+01	6.440787e+00	5.862908e-03	1206846.000000	0.000000e+00
1.500525e+01	6.435831e+00	5.864206e-03	1204456.000000	0.000000e+00
1.502980e+01	6.435293e+00	5.880358e-03	1197648.000000	0.000000e+00
1.505434e+01	6.416369e+00	5.880374e-03	1190608.000000	0.000000e+00
1.507886e+01	6.422566e+00	5.897233e-03	1186098.000000	0.000000e+00
1.510342e+01	6.419100e+00	5.906243e-03	1181206.000000	0.000000e+00
1.512796e+01	6.394775e+00	5.905152e-03	1172704.000000	0.000000e+00
1.515246e+01	6.408000e+00	5.930741e-03	1167420.000000	0.000000e+00
1.517700e+01	6.393256e+00	5.927727e-03	1163236.000000	0.000000e+00
1.520157e+01	6.392147e+00	5.937053e-03	1159182.000000	0.000000e+00
1.522611e+01	6.384161e+00	5.959514e-03	1147588.000000	0.000000e+00
1.525063e+01	6.389428e+00	5.967895e-03	1146256.000000	0.000000e+00
1.527518e+01	6.373709e+00	5.974810e-03	1137984.000000	0.000000e+00
1.529972e+01	6.376857e+00	5.990827e-03	1133026.000000	0.000000e+00
1.532424e+01	6.377339e+00	6.011507e-03	1125414.000000	0.000000e+00
1.534877e+01	6.366217e+00	6.012756e-03	1121026.000000	0.000000e+00
1.537332e+01	6.367691e+00	6.029427e-03	1115352.000000	0.000000e+00
1.539786e+01	6.352258e+00	6.035373e-03	1107766.000000	0.000000e+00
1.542240e+01	6.362983e+00	6.056924e-03	1103614.000000	0.000000e+00
1.544694e+01	6.365038e+00	6.081783e-03	1095318.000000	0.000000e+00
1.547149e+01	6.356490e+00	6.085600e-03	1091008.000000	0.000000e+00
1.549603e+01	6.357631e+00	6.106127e-03	1084074.000000	0.000000e+00
1.552054e+01	6.353074e+00	6.129844e-03	1074160.000000	0.000000e+00
1.554506e+01	6.357222e+00	6.136463e-03	1073244.000000	0.000000e+00
1.556963e+01	6.349414e+00	6.148107e-03	1066558.000000	0.000000e+00
1.559418e+01	6.338425e+00	6.162460e-03	1057924.000000	0.000000e+00
1.561873e+01	6.339634e+00	6.174952e-03	1054050.000000	0.000000e+00
1.564327e+01	6.354289e+00	6.218093e-03	1044286.000000	0.000000e+00
1.566780e+01	6.345980e+00	6.217946e-03	1041606.000000	0.000000e+00
1.569233e+01	6.349868e+00	6.254288e-03	1030798.000000	0.000000e+00
1.571685e+01	6.349217e+00	6.263517e-03	1027552.000000	0.000000e+00
1.574141e+01	6.340057e+00	6.273478e-03	1021338.000000	0.000000e+00
1.576595e+01	6.336009e+00	6.294172e-03	1013338.000000	0.000000e+00
1.579049e+01	6.353304e+00	6.327458e-03	1008186.000000	0.000000e+00
1.581502e+01	6.339299e+00	6.341221e-03	999394.000000	0.000000e+00
1.583955e+01	6.357321e+00	6.374242e-03	994698.000000	0.000000e+00
1.586407e+01	6.349484e+00	6.390955e-03	987064.000000	0.000000e+00
1.588861e+01	6.349129e+00	6.410169e-03	981046.000000	0.000000e+00
1.591315e+01	6.354055e+00	6.433755e-03	975378.000000	0.000000e+00
1.593770e+01	6.347873e+00	6.451797e-03	968044.000000	0.000000e+00
1.596225e+01	6.365421e+00	6.491652e-03	961488.000000	0.000000e+00
1.598677e+01	6.370799e+00	6.525013e-03	953290.000000	0.000000e+00
1.601131e+01	6.378785e+00	6.547708e-03	949068.000000	0.000000e+00
1.603586e+01	6.362617e+00	6.559169e-03	940966.000000	0.000000e+00
1.606040e+01	6.377413e+00	6.598766e-03	934036.000000	0.000000e+00
1.608493e+01	6.380240e+00	6.624425e-03	927636.000000	0.000000e+00
1.610947e+01	6.386571e+00	6.659170e-03	919804.000000	0.000000e+00
1.613400e+01	6.397749e+00	6.692023e-03	913986.000000	0.000000e+00
1.615854e+01	6.393959e+00	6.711679e-03	907564.000000	0.000000e+00
1.618310e+01	6.401959e+00	6.746459e-03	900480.000000	0.000000e+00
1.620765e+01	6.414132e+00	6.785979e-03	893410.000000	0.000000e+00
1.623216e+01	6.409616e+00	6.819574e-03	883384.000000	0.000000e+00
1.625669e+01	6.410952e+00	6.830296e-03	880980.000000	0.000000e+00
1.628123e+01	6.428370e+00	6.887029e-03	871240.000000	0.000000e+00
1.630580e+01	6.421791e+00	6.895114e-03	867420.000000	0.000000e+00
1.633036e+01	6.438502e+00	6.952856e-03	857518.000000	0.000000e+00
1.635486e+01	6.450061e+00	7.001710e-03	848632.000000	0.000000e+00
1.637939e+01	6.452435e+00	7.016792e-03	845610.000000	0.000000e+00
1.640395e+01	6.460106e+00	7.064018e-03	836326.000000	0.000000e+00
1.642848e+01	6.467093e+00	7.101543e-03	829302.000000	0.000000e+00
1.645298e+01	6.480313e+00	7.154215e-03	820480.000000	0.000000e+00
1.647753e+01	6.475395e+00	7.163906e-03	817020.000000	0.000000e+00
1.650209e+01	6.477212e+00	7.204146e-03	808372.000000	0.000000e+00
1.652660e+01	6.492934e+00	7.267138e-03	798280.000000	0.000000e+00
1.655114e+01	6.511593e+00	7.300093e-03	795642.000000	0.000000e+00
1.657571e+01	6.497580e+00	7.327705e-03	786262.000000	0.000000e+00
1.660025e+01	6.517637e+00	7.389839e-03	777876.000000	0.000000e+00
1.662478e+01	6.534303e+00	7.434855e-03	772420.000000	0.000000e+00
1.664931e+01	6.528174e+00	7.476406e-03	762426.000000	0.000000e+00
1.667386e+01	6.560676e+00	7.531232e-03	758866.000000	0.000000e+00
1.669842e+01	6.572049e+00	7.597455e-03	748282.000000	0.000000e+00
1.672293e+01	6.567041e+00	7.629681e-03	740844.000000	0.000000e+00
1.674748e+01	6.581273e+00	7.671648e-03	735940.000000	0.000000e+00
1.677204e+01	6.586703e+00	7.731127e-03	725856.000000	0.000000e+00
1.679655e+01	6.608207e+00	7.795201e-03	718642.000000	0.000000e+00
1.682107e+01	6.611232e+00	7.837362e-03	711582.000000	0.000000e+00
1.684563e+01	6.632919e+00	7.900980e-03	704770.000000	0.000000e+00
1.687018e+01	6.638353e+00	7.952091e-03	696880.000000	0.000000e+00
1.689472e+01	6.645072e+00	8.011963e-03	687894.000000	0.000000e+00
1.691924e+01	6.661494e+00	8.067708e-03	681778.000000	0.000000e+00
1.694378e+01	6.671557e+00	8.135379e-03	672510.000000	0.000000e+00
1.696830e+01	6.687262e+00	8.195186e-03	665854.000000	0.000000e+00
1.699283e+01	6.690660e+00	8.250547e-03	657616.000000	0.000000e+00
1.701740e+01	6.699437e+00	8.298274e-03	651780.000000	0.000000e+00
1.704195e+01	6.709962e+00	8.374156e-03	642034.000000	0.000000e+00
1.706646e+01	6.721671e+00	8.448178e-03	633036.000000	0.000000e+00
1.709097e+01	6.751599e+00	8.521622e-03	627724.000000	0.000000e+00
1.711553e+01	6.755259e+00	8.584478e-03	619236.000000	0.000000e+00
1.714008e+01	6.763378e+00	8.653875e-03	610810.000000	0.000000e+00
1.716463e+01	6.769105e+00	8.704403e-03	604762.000000	0.000000e+00
1.718918e+01	6.779157e+00	8.797766e-03	593754.000000	0.000000e+00
1.721369e+01	6.812685e+00	8.886305e-03	587752.000000	0.000000e+00
1.723823e+01	6.785621e+00	8.919219e-03	578796.000000	0.000000e+00
1.726278e+01	6.822101e+00	9.020834e-03	571930.000000	0.000000e+00
1.728731e+01	6.793490e+00	9.054318e-03	562956.000000	0.000000e+00
1.731188e+01	6.833469e+00	9.163160e-03	556150.000000	0.000000e+00
1.733641e+01	6.830256e+00	9.240764e-03	546334.000000	0.000000e+00
1.736091e+01	6.835620e+00	9.322894e-03	537594.000000	0.000000e+00
1.738543e+01	6.857365e+00	9.398414e-03	532360.000000	0.000000e+00
1.741000e+01	6.854717e+00	9.487664e-03	521988.000000	0.000000e+00
1.743456e+01	6.882178e+00	9.581750e-03	515896.000000	0.000000e+00
1.745909e+01	6.858444e+00	9.648169e-03	505314.000000	0.000000e+00
1.748363e+01	6.864550e+00	9.720994e-03	498658.000000	0.000000e+00
1.750818e+01	6.844367e+00	9.777008e-03	490066.000000	0.000000e+00
1.753269e+01	6.865325e+00	9.909553e-03	479970.000000	0.000000e+00
1.755722e+01	6.867962e+00	9.971009e-03	474436.000000	0.000000e+00
1.758176e+01	6.851105e+00	1.005799e-02	463980.000000	0.000000e+00
1.760629e+01	6.852384e+00	1.013879e-02	456784.000000	0.000000e+00
1.763083e+01	6.875956e+00	1.026873e-02	448366.000000	0.000000e+00
1.765539e+01	6.829021e+00	1.029628e-02	439902.000000	0.000000e+00
1.767993e+01	6.831550e+00	1.040402e-02	431158.000000	0.000000e+00
1.770446e+01	6.842020e+00	1.052272e-02	422778.000000	0.000000e+00
1.772897e+01	6.818788e+00	1.060292e-02	413584.000000	0.000000e+00
1.775351e+01	6.787431e+00	1.064588e-02	406488.000000	0.000000e+00
1.777808e+01	6.751388e+00	1.070497e-02	397754.500000	0.000000e+00
1.780261e+01	6.749779e+00	1.082011e-02	389149.000000	0.000000e+00
1.782713e+01	6.752154e+00	1.092191e-02	382197.000000	0.000000e+00
1.785169e+01	6.724451e+00	1.097180e-02	375628.000000	0.000000e+00
1.787623e+01	6.735753e+00	1.110730e-02	367752.000000	0.000000e+00
1.790076e+01	6.728266e+00	1.118402e-02	361918.000000	0.000000e+00
1.792530e+01	6.707878e+00	1.125613e-02	355134.000000	0.000000e+00
1.794985e+01	6.714244e+00	1.137082e-02	348667.000000	0.000000e+00
1.797440e+01	6.731567e+00	1.149470e-02	342955.000000	0.000000e+00
1.799891e+01	6.712614e+00	1.158512e-02	335724.000000	0.000000e+00
1.802344e+01	6.710576e+00	1.166332e-02	331036.000000	0.000000e+00
1.804802e+01	6.725310e+00	1.178921e-02	325428.000000	0.000000e+00
1.807255e+01	6.716898e+00	1.190646e-02	318253.000000	0.000000e+00
1.809707e+01	6.713331e+00	1.197975e-02	314037.000000	0.000000e+00
1.812164e+01	6.739092e+00	1.214006e-02	308149.000000	0.000000e+00
1.814617e+01	6.705326e+00	1.219640e-02	302257.000000	0.000000e+00
1.817068e+01	6.739787e+00	1.236467e-02	297117.000000	0.000000e+00
1.819523e+01	6.753365e+00	1.248388e-02	292645.000000	0.000000e+00
1.821979e+01	6.751308e+00	1.260121e-02	287046.000000	0.000000e+00
1.824431e+01	6.766068e+00	1.275643e-02	281329.000000	0.000000e+00
1.826883e+01	6.736182e+00	1.279187e-02	277306.000000	0.000000e+00
1.829337e+01	6.765357e+00	1.296717e-02	272202.000000	0.000000e+00
1.831793e+01	6.786488e+00	1.311615e-02	267718.000000	0.000000e+00
1.834250e+01	6.783167e+00	1.322737e-02	262977.000000	0.000000e+00
1.836701e+01	6.780318e+00	1.337284e-02	257071.000000	0.000000e+00
1.839152e+01	6.766386e+00	1.343251e-02	253746.000000	0.000000e+00
1.841609e+01	6.780981e+00	1.358235e-02	249250.000000	0.000000e+00
1.844064e+01	6.812337e+00	1.378626e-02	244174.000000	0.000000e+00
1.846515e+01	6.795065e+00	1.386777e-02	240090.000000	0.000000e+00
1.848971e+01	6.778241e+00	1.395282e-02	235999.000000	0.000000e+00
1.851428e+01	6.820516e+00	1.416686e-02	231786.000000	0.000000e+00
1.853881e+01	6.818864e+00	1.431010e-02	227059.000000	0.000000e+00
1.856328e+01	6.828621e+00	1.448062e-02	222378.000000	0.000000e+00
1.858784e+01	6.846850e+00	1.459107e-02	220195.000000	0.000000e+00
1.861244e+01	6.862664e+00	1.480033e-02	215002.000000	0.000000e+00
1.863693e+01	6.868748e+00	1.496971e-02	210537.000000	0.000000e+00
1.866143e+01	6.868692e+00	1.508707e-02	207271.000000	0.000000e+00
1.868601e+01	6.862221e+00	1.519802e-02	203871.000000	0.000000e+00
1.871055e+01	6.898779e+00	1.545484e-02	199258.000000	0.000000e+00
1.873503e+01	6.938307e+00	1.569885e-02	195331.000000	0.000000e+00
1.875958e+01	6.890414e+00	1.568683e-02	192939.000000	0.000000e+00
1.878417e+01	6.943594e+00	1.599741e-02	188395.000000	0.000000e+00
1.880870e+01	6.956634e+00	1.617459e-02	184983.000000	0.000000e+00
1.883322e+01	6.931721e+00	1.628318e-02	181219.000000	0.000000e+00
1.885775e+01	6.975384e+00	1.653887e-02	177879.000000	0.000000e+00
1.888231e+01	6.975365e+00	1.669192e-02	174631.000000	0.000000e+00
1.890684e+01	6.999370e+00	1.693126e-02	170899.000000	0.000000e+00
1.893134e+01	7.018200e+00	1.715070e-02	167451.000000	0.000000e+00
1.895590e+01	7.017865e+00	1.728334e-02	164875.000000	0.000000e+00
1.898046e+01	7.069318e+00	1.762582e-02	160863.000000	0.000000e+00
1.900495e+01	7.079755e+00	1.783364e-02	157600.000000	0.000000e+00
1.902946e+01	7.046108e+00	1.790574e-02	154851.000000	0.000000e+00
1.905406e+01	7.139451e+00	1.830514e-02	152119.000000	0.000000e+00
1.907863e+01	7.125651e+00	1.849658e-02	148411.000000	0.000000e+00
1.910311e+01	7.150176e+00	1.878104e-02	144942.000000	0.000000e+00
1.912765e+01	7.150127e+00	1.890649e-02	143023.000000	0.000000e+00
1.915226e+01	7.202354e+00	1.927259e-02	139659.000000	0.000000e+00
1.917678e+01	7.233577e+00	1.959751e-02	136240.000000	0.000000e+00
1.920124e+01	7.283522e+00	1.994034e-02	133419.000000	0.000000e+00
1.922581e+01	7.229171e+00	1.994339e-02	131395.000000	0.000000e+00
1.925040e+01	7.300051e+00	2.041032e-02	127924.000000	0.000000e+00
1.927489e+01	7.299382e+00	2.064420e-02	125019.000000	0.000000e+00
1.929941e+01	7.319423e+00	2.089116e-02	122752.000000	0.000000e+00
1.932402e+01	7.380782e+00	2.127751e-02	120327.000000	0.000000e+00
1.934855e+01	7.395195e+00	2.165079e-02	116668.000000	0.000000e+00
1.937298e+01	7.425358e+00	2.197053e-02	114223.000000	0.000000e+00
1.939755e+01	7.406612e+00	2.205375e-02	112791.000000	0.000000e+00
1.942217e+01	7.454082e+00	2.254552e-02	109312.000000	0.000000e+00
1.944667e+01	7.471784e+00	2.285045e-02	106920.000000	0.000000e+00
1.947113e+01	7.528814e+00	2.334530e-02	104005.000000	0.000000e+00
1.949570e+01	7.502598e+00	2.339951e-02	102804.000000	0.000000e+00
1.952032e+01	7.534945e+00	2.387167e-02	99631.000000	0.000000e+00
1.954482e+01	7.593562e+00	2.436790e-02	97108.000000	0.000000e+00
1.956930e+01	7.659463e+00	2.485908e-02	94935.000000	0.000000e+00
1.959391e+01	7.665425e+00	2.511594e-02	93148.000000	0.000000e+00
1.961850e+01	7.683591e+00	2.556260e-02	90348.000000	0.000000e+00
1.964294e+01	7.692087e+00	2.597389e-02	87703.000000	0.000000e+00
1.966740e+01	7.768494e+00	2.647865e-02	86076.000000	0.000000e+00
1.969204e+01	7.790896e+00	2.681737e-02	84400.000000	0.000000e+00
1.971660e+01	7.828756e+00	2.745141e-02	81331.000000	0.000000e+00
1.974103e+01	7.846592e+00	2.783740e-02	79452.000000	0.000000e+00
1.976563e+01	7.946872e+00	2.842523e-02	78160.000000	0.000000e+00
1.979032e+01	7.942919e+00	2.885950e-02	75750.000000	0.000000e+00
1.981482e+01	8.032599e+00	2.970010e-02	73147.000000	0.000000e+00
1.983914e+01	8.015767e+00	3.012254e-02	70812.000000	0.000000e+00
1.986374e+01	8.083769e+00	3.041591e-02	70636.000000	0.000000e+00
1.988844e+01	8.035983e+00	3.091311e-02	67576.000000	0.000000e+00
1.991292e+01	8.080904e+00	3.152013e-02	65727.000000	0.000000e+00
1.993736e+01	8.220322e+00	3.256090e-02	63736.000000	0.000000e+00
1.996197e+01	8.191176e+00	3.271554e-02	62688.000000	0.000000e+00
1.998658e+01	8.238335e+00	3.356468e-02	60244.000000	0.000000e+00
2.001095e+01	8.271521e+00	3.432432e-02	58072.000000	0.000000e+00
2.003547e+01	8.393739e+00	3.502046e-02	57447.000000	0.000000e+00
2.006019e+01	8.470632e+00	3.599152e-02	55390.000000	0.000000e+00
2.008472e+01	8.475926e+00	3.669129e-02	53364.000000	0.000000e+00
2.010903e+01	8.508351e+00	3.757701e-02	51268.000000	0.000000e+00
2.013363e+01	8.573523e+00	3.791072e-02	51144.000000	0.000000e+00
2.015842e+01	8.666270e+00	3.924162e-02	48772.000000	0.000000e+00
2.018288e+01	8.728512e+00	4.033549e-02	46828.000000	0.000000e+00
2.020721e+01	8.749897e+00	4.107797e-02	45372.000000	0.000000e+00
2.023181e+01	8.769737e+00	4.155433e-02	44539.000000	0.000000e+00
2.025650e+01	8.805622e+00	4.260341e-02	42720.000000	0.000000e+00
2.028095e+01	8.941848e+00	4.419515e-02	40936.000000	0.000000e+00
2.030542e+01	8.962901e+00	4.482684e-02	39978.000000	0.000000e+00
2.033011e+01	9.057486e+00	4.609661e-02	38608.000000	0.000000e+00
2.035466e+01	9.030736e+00	4.701723e-02	36892.000000	0.000000e+00
2.037892e+01	9.112640e+00	4.856501e-02	35208.000000	0.000000e+00
2.040348e+01	9.140609e+00	4.884466e-02	35020.000000	0.000000e+00
2.042837e+01	9.209664e+00	5.041418e-02	33372.000000	0.000000e+00
2.045281e+01	9.310771e+00	5.252700e-02	31420.000000	0.000000e+00
2.047697e+01	9.459808e+00	5.430218e-02	30348.000000	0.000000e+00
2.050165e+01	9.513402e+00	5.488907e-02	30040.000000	0.000000e+00
2.052659e+01	9.430799e+00	5.583581e-02	28528.000000	0.000000e+00
2.055100e+01	9.566009e+00	5.862872e-02	26622.000000	0.000000e+00
2.057510e+01	9.612902e+00	5.987052e-02	25780.000000	0.000000e+00
2.059985e+01	9.816548e+00	6.153155e-02	25452.000000	0.000000e+00
2.062477e+01	9.766576e+00	6.306926e-02	23980.000000	0.000000e+00
2.064904e+01	9.962179e+00	6.685574e-02	22204.000000	0.000000e+00
2.067328e+01	9.985319e+00	6.743759e-02	21924.000000	0.000000e+00
2.069813e+01	1.009910e+01	6.960429e-02	21052.000000	0.000000e+00
2.072282e+01	1.023725e+01	7.288558e-02	19728.000000	0.000000e+00
2.074689e+01	1.021317e+01	7.546494e-02	18316.000000	0.000000e+00
2.077148e+01	1.042521e+01	7.660213e-02	18522.000000	0.000000e+00
2.079650e+01	1.048087e+01	8.025255e-02	17056.000000	0.000000e+00
2.082086e+01	1.039357e+01	8.242376e-02	15901.000000	0.000000e+00
2.084494e+01	1.066810e+01	8.672391e-02	15132.000000	0.000000e+00
2.086988e+01	1.078351e+01	8.800007e-02	15016.000000	0.000000e+00
2.089484e+01	1.079281e+01	9.268399e-02	13560.000000	0.000000e+00
2.091874e+01	1.080283e+01	9.687177e-02	12436.000000	0.000000e+00
2.094286e+01	1.110016e+01	1.000380e-01	12312.000000	0.000000e+00
2.096835e+01	1.113705e+01	1.015992e-01	12016.000000	0.000000e+00
2.099333e+01	1.135729e+01	1.112925e-01	10414.000000	0.000000e+00
2.101635e+01	1.144999e+01	1.188844e-01	9276.000000	0.000000e+00
2.104066e+01	1.162150e+01	1.164423e-01	9961.000000	0.000000e+00
2.106684e+01	1.163630e+01	1.211326e-01	9228.000000	0.000000e+00
2.109169e+01	1.170703e+01	1.331376e-01	7732.000000	0.000000e+00
2.111385e+01	1.196725e+01	1.455961e-01	6756.000000	0.000000e+00
2.113864e+01	1.192820e+01	1.354428e-01	7756.000000	0.000000e+00
2.116547e+01	1.232498e+01	1.492430e-01	6820.000000	0.000000e+00
2.118998e+01	1.249667e+01	1.707233e-01	5358.000000	0.000000e+00
2.121167e+01	1.268575e+01	1.795294e-01	4993.000000	0.000000e+00
2.123701e+01	1.259606e+01	1.695373e-01	5520.000000	0.000000e+00
2.126409e+01	1.283901e+01	1.854697e-01	4792.000000	0.000000e+00
2.128812e+01	1.322694e+01	2.256486e-01	3436.000000	0.000000e+00
2.130920e+01	1.313672e+01	2.226883e-01	3480.000000	0.000000e+00
2.133536e+01	1.332465e+01	2.184368e-01	3721.000000	0.000000e+00
2.136298e+01	1.351993e+01	2.415814e-01	3132.000000	0.000000e+00
2.138535e+01	1.373474e+01	3.260946e-01	1774.000000	0.000000e+00
2.140616e+01	1.376294e+01	2.802352e-01	2412.000000	0.000000e+00
2.143360e+01	1.410548e+01	2.999131e-01	2212.000000	0.000000e+00
2.146162e+01	1.436770e+01	3.352222e-01	1837.000000	0.000000e+00
2.148292e+01	1.453585e+01	5.088566e-01	816.000000	0.000000e+00
2.150387e+01	1.470244e+01	3.969287e-01	1372.000000	0.000000e+00
2.153200e+01	1.531561e+01	4.634715e-01	1092.000000	0.000000e+00
2.156014e+01	1.619442e+01	5.574351e-01	844.000000	0.000000e+00
2.158178e+01	1.553802e+01	8.439095e-01	339.000000	0.000000e+00
2.160234e+01	1.574139e+01	6.824756e-01	532.000000	0.000000e+00
2.163046e+01	1.637066e+01	8.580558e-01	364.000000	0.000000e+00
2.165853e+01	1.609935e+01	1.066206e+00	228.000000	0.000000e+00
2.168066e+01	1.838284e+01	2.151549e+00	73.000000	0.000000e+00
2.170037e+01	1.849454e+01	2.017920e+00	84.000000	0.000000e+00
2.172766e+01	1.043519e+01	1.972065e+00	28.000000	0.000000e+00
2.175143e+01	2.654969e+01	1.532847e+01	3.000000	0.000000e+00
