# [<k> (h/Mpc)]	[<P_0(k)> (Mpc/h)^3]	[ErrorBar (Mpc/h)^3]	nModes	[<P_2(k)> (Mpc/h)^3]
3.476422e-02	1.500275e+04	4.161013e+03	13.000000	0.000000e+00
5.890282e-02	1.097907e+04	1.911211e+03	33.000000	0.000000e+00
8.378087e-02	6.476386e+03	7.286503e+02	79.000000	0.000000e+00
1.087368e-01	4.976319e+03	4.600609e+02	117.000000	0.000000e+00
1.341836e-01	3.720988e+03	2.598851e+02	205.000000	0.000000e+00
1.581206e-01	2.746509e+03	1.791625e+02	235.000000	0.000000e+00
1.826843e-01	2.127104e+03	1.107326e+02	369.000000	0.000000e+00
2.073525e-01	1.961834e+03	9.427972e+01	433.000000	0.000000e+00
2.322407e-01	1.713144e+03	7.082980e+01	585.000000	0.000000e+00
2.568838e-01	1.444064e+03	5.541811e+01	679.000000	0.000000e+00
2.811185e-01	1.310021e+03	4.594443e+01	813.000000	0.000000e+00
3.057758e-01	1.160250e+03	3.696864e+01	985.000000	0.000000e+00
3.308750e-01	1.120144e+03	3.256728e+01	1183.000000	0.000000e+00
3.553459e-01	1.038631e+03	2.915617e+01	1269.000000	0.000000e+00
3.797184e-01	8.891352e+02	2.267936e+01	1537.000000	0.000000e+00
4.042043e-01	8.664982e+02	2.131235e+01	1653.000000	0.000000e+00
4.287408e-01	7.822119e+02	1.765486e+01	1963.000000	0.000000e+00
4.533372e-01	7.658487e+02	1.662925e+01	2121.000000	0.000000e+00
4.779960e-01	7.190177e+02	1.463730e+01	2413.000000	0.000000e+00
5.026630e-01	6.823808e+02	1.329341e+01	2635.000000	0.000000e+00
5.271488e-01	6.174030e+02	1.151062e+01	2877.000000	0.000000e+00
5.515428e-01	6.011462e+02	1.067871e+01	3169.000000	0.000000e+00
5.762241e-01	5.660501e+02	9.558439e+00	3507.000000	0.000000e+00
6.007286e-01	5.700247e+02	9.390202e+00	3685.000000	0.000000e+00
6.252569e-01	5.414893e+02	8.390395e+00	4165.000000	0.000000e+00
6.499966e-01	5.261586e+02	7.952952e+00	4377.000000	0.000000e+00
6.746858e-01	4.927210e+02	7.071417e+00	4855.000000	0.000000e+00
6.991271e-01	4.859444e+02	6.921611e+00	4929.000000	0.000000e+00
7.235757e-01	4.679399e+02	6.263744e+00	5581.000000	0.000000e+00
7.479714e-01	4.516379e+02	5.993141e+00	5679.000000	0.000000e+00
7.726133e-01	4.404178e+02	5.511685e+00	6385.000000	0.000000e+00
7.972413e-01	4.221817e+02	5.215300e+00	6553.000000	0.000000e+00
8.218513e-01	4.144140e+02	4.909554e+00	7125.000000	0.000000e+00
8.464491e-01	3.975707e+02	4.607058e+00	7447.000000	0.000000e+00
8.709767e-01	3.905583e+02	4.386081e+00	7929.000000	0.000000e+00
8.955547e-01	3.757362e+02	4.111135e+00	8353.000000	0.000000e+00
9.199772e-01	3.676250e+02	3.924474e+00	8775.000000	0.000000e+00
9.444963e-01	3.661046e+02	3.793678e+00	9313.000000	0.000000e+00
9.690846e-01	3.570088e+02	3.598814e+00	9841.000000	0.000000e+00
9.935517e-01	3.490926e+02	3.458057e+00	10191.000000	0.000000e+00
1.018099e+00	3.411373e+02	3.267952e+00	10897.000000	0.000000e+00
1.042679e+00	3.323192e+02	3.126058e+00	11301.000000	0.000000e+00
1.067353e+00	3.232218e+02	2.947529e+00	12025.000000	0.000000e+00
1.092004e+00	3.143236e+02	2.820095e+00	12423.000000	0.000000e+00
1.116549e+00	3.080969e+02	2.700009e+00	13021.000000	0.000000e+00
1.140967e+00	3.042925e+02	2.628197e+00	13405.000000	0.000000e+00
1.165410e+00	2.939875e+02	2.463015e+00	14247.000000	0.000000e+00
1.189942e+00	2.842851e+02	2.348501e+00	14653.000000	0.000000e+00
1.214340e+00	2.834702e+02	2.289254e+00	15333.000000	0.000000e+00
1.238824e+00	2.771892e+02	2.194874e+00	15949.000000	0.000000e+00
1.263616e+00	2.682478e+02	2.053806e+00	17059.000000	0.000000e+00
1.288278e+00	2.641516e+02	2.020195e+00	17097.000000	0.000000e+00
1.312698e+00	2.576618e+02	1.922368e+00	17965.000000	0.000000e+00
1.337129e+00	2.518293e+02	1.849936e+00	18531.000000	0.000000e+00
1.361846e+00	2.496016e+02	1.779738e+00	19669.000000	0.000000e+00
1.386459e+00	2.434950e+02	1.726394e+00	19893.000000	0.000000e+00
1.410760e+00	2.376105e+02	1.660151e+00	20485.000000	0.000000e+00
1.435294e+00	2.374645e+02	1.610123e+00	21751.000000	0.000000e+00
1.459966e+00	2.302098e+02	1.544754e+00	22209.000000	0.000000e+00
1.484553e+00	2.265297e+02	1.492363e+00	23041.000000	0.000000e+00
1.509059e+00	2.239277e+02	1.454843e+00	23691.000000	0.000000e+00
1.533565e+00	2.173729e+02	1.389965e+00	24457.000000	0.000000e+00
1.558284e+00	2.168796e+02	1.350312e+00	25797.000000	0.000000e+00
1.582818e+00	2.123349e+02	1.326394e+00	25627.000000	0.000000e+00
1.607259e+00	2.080131e+02	1.260871e+00	27217.000000	0.000000e+00
1.631809e+00	2.038334e+02	1.228068e+00	27549.000000	0.000000e+00
1.656366e+00	1.997799e+02	1.176949e+00	28813.000000	0.000000e+00
1.680925e+00	1.975594e+02	1.153073e+00	29355.000000	0.000000e+00
1.705257e+00	1.926864e+02	1.114018e+00	29917.000000	0.000000e+00
1.729806e+00	1.901387e+02	1.068718e+00	31653.000000	0.000000e+00
1.754462e+00	1.866700e+02	1.044317e+00	31951.000000	0.000000e+00
1.778992e+00	1.817295e+02	9.994644e-01	33061.000000	0.000000e+00
1.803411e+00	1.789078e+02	9.760658e-01	33597.000000	0.000000e+00
1.827963e+00	1.779377e+02	9.484517e-01	35197.000000	0.000000e+00
1.852647e+00	1.728464e+02	9.132282e-01	35823.000000	0.000000e+00
1.877249e+00	1.712223e+02	8.907566e-01	36949.000000	0.000000e+00
1.901733e+00	1.671960e+02	8.656037e-01	37309.000000	0.000000e+00
1.926241e+00	1.640916e+02	8.301121e-01	39075.000000	0.000000e+00
1.950830e+00	1.619485e+02	8.161645e-01	39373.000000	0.000000e+00
1.975308e+00	1.605815e+02	7.946758e-01	40833.000000	0.000000e+00
1.999729e+00	1.579041e+02	7.779093e-01	41203.000000	0.000000e+00
2.024419e+00	1.538665e+02	7.361358e-01	43689.000000	0.000000e+00
2.049126e+00	1.512662e+02	7.251575e-01	43513.000000	0.000000e+00
2.073508e+00	1.502173e+02	7.126031e-01	44437.000000	0.000000e+00
2.097846e+00	1.478801e+02	6.921249e-01	45651.000000	0.000000e+00
2.122473e+00	1.446816e+02	6.639494e-01	47485.000000	0.000000e+00
2.147106e+00	1.427014e+02	6.516045e-01	47961.000000	0.000000e+00
2.171601e+00	1.405730e+02	6.340937e-01	49147.000000	0.000000e+00
2.196158e+00	1.379574e+02	6.149690e-01	50325.000000	0.000000e+00
2.220735e+00	1.361737e+02	5.991867e-01	51649.000000	0.000000e+00
2.245251e+00	1.345013e+02	5.889615e-01	52153.000000	0.000000e+00
2.269729e+00	1.325595e+02	5.707465e-01	53943.000000	0.000000e+00
2.294271e+00	1.307210e+02	5.589381e-01	54697.000000	0.000000e+00
2.318928e+00	1.280258e+02	5.374446e-01	56745.000000	0.000000e+00
2.343538e+00	1.261519e+02	5.283596e-01	57007.000000	0.000000e+00
2.368026e+00	1.245431e+02	5.150941e-01	58461.000000	0.000000e+00
2.392423e+00	1.211694e+02	4.986734e-01	59041.000000	0.000000e+00
2.416863e+00	1.194646e+02	4.836385e-01	61015.000000	0.000000e+00
2.441509e+00	1.187580e+02	4.745124e-01	62637.000000	0.000000e+00
2.466080e+00	1.165770e+02	4.638320e-01	63169.000000	0.000000e+00
2.490575e+00	1.148011e+02	4.516614e-01	64605.000000	0.000000e+00
2.515186e+00	1.134010e+02	4.397932e-01	66487.000000	0.000000e+00
2.539777e+00	1.122356e+02	4.334972e-01	67033.000000	0.000000e+00
2.564215e+00	1.107464e+02	4.239424e-01	68241.000000	0.000000e+00
2.588707e+00	1.090849e+02	4.123286e-01	69991.000000	0.000000e+00
2.613337e+00	1.070975e+02	4.005078e-01	71505.000000	0.000000e+00
2.637925e+00	1.066005e+02	3.953349e-01	72709.000000	0.000000e+00
2.662420e+00	1.038632e+02	3.831757e-01	73473.000000	0.000000e+00
2.686963e+00	1.023794e+02	3.719494e-01	75763.000000	0.000000e+00
2.711515e+00	1.018481e+02	3.688090e-01	76261.000000	0.000000e+00
2.735982e+00	9.990349e+01	3.577463e-01	77985.000000	0.000000e+00
2.760573e+00	9.853571e+01	3.483524e-01	80011.000000	0.000000e+00
2.785237e+00	9.679985e+01	3.401011e-01	81009.000000	0.000000e+00
2.809671e+00	9.622206e+01	3.368425e-01	81601.000000	0.000000e+00
2.834151e+00	9.442055e+01	3.256249e-01	84081.000000	0.000000e+00
2.858722e+00	9.312770e+01	3.191270e-01	85159.000000	0.000000e+00
2.883250e+00	9.245482e+01	3.140564e-01	86665.000000	0.000000e+00
2.907819e+00	9.066121e+01	3.050285e-01	88341.000000	0.000000e+00
2.932335e+00	8.970886e+01	2.998988e-01	89479.000000	0.000000e+00
2.956914e+00	8.818244e+01	2.914887e-01	91521.000000	0.000000e+00
2.981449e+00	8.693484e+01	2.859559e-01	92425.000000	0.000000e+00
3.005876e+00	8.616950e+01	2.816854e-01	93579.000000	0.000000e+00
3.030403e+00	8.506853e+01	2.741281e-01	96301.000000	0.000000e+00
3.055041e+00	8.369139e+01	2.678114e-01	97657.000000	0.000000e+00
3.079692e+00	8.267102e+01	2.622258e-01	99393.000000	0.000000e+00
3.104241e+00	8.162585e+01	2.578723e-01	100195.000000	0.000000e+00
3.128710e+00	8.093503e+01	2.537797e-01	101709.000000	0.000000e+00
3.153123e+00	7.989220e+01	2.489095e-01	103021.000000	0.000000e+00
3.177619e+00	7.872351e+01	2.422468e-01	105607.000000	0.000000e+00
3.202185e+00	7.810548e+01	2.389888e-01	106809.000000	0.000000e+00
3.226708e+00	7.671419e+01	2.327742e-01	108613.000000	0.000000e+00
3.251321e+00	7.574519e+01	2.275739e-01	110781.000000	0.000000e+00
3.275882e+00	7.471808e+01	2.236197e-01	111643.000000	0.000000e+00
3.300393e+00	7.401326e+01	2.195350e-01	113661.000000	0.000000e+00
3.324955e+00	7.302521e+01	2.150957e-01	115261.000000	0.000000e+00
3.349528e+00	7.240950e+01	2.112627e-01	117475.000000	0.000000e+00
3.374087e+00	7.152523e+01	2.078756e-01	118389.000000	0.000000e+00
3.398541e+00	7.052144e+01	2.035668e-01	120013.000000	0.000000e+00
3.423011e+00	6.975926e+01	1.998029e-01	121899.000000	0.000000e+00
3.447546e+00	6.861193e+01	1.947529e-01	124117.000000	0.000000e+00
3.472176e+00	6.802268e+01	1.911255e-01	126669.000000	0.000000e+00
3.496772e+00	6.725868e+01	1.887614e-01	126961.000000	0.000000e+00
3.521302e+00	6.656157e+01	1.846832e-01	129895.000000	0.000000e+00
3.545845e+00	6.545588e+01	1.812209e-01	130461.000000	0.000000e+00
3.570351e+00	6.513063e+01	1.783758e-01	133321.000000	0.000000e+00
3.594817e+00	6.401126e+01	1.751120e-01	133623.000000	0.000000e+00
3.619340e+00	6.376024e+01	1.720030e-01	137413.000000	0.000000e+00
3.643921e+00	6.284744e+01	1.690321e-01	138241.000000	0.000000e+00
3.668501e+00	6.195375e+01	1.650130e-01	140961.000000	0.000000e+00
3.693083e+00	6.120827e+01	1.622842e-01	142255.000000	0.000000e+00
3.717636e+00	6.018770e+01	1.585177e-01	144165.000000	0.000000e+00
3.742123e+00	5.991837e+01	1.571535e-01	145369.000000	0.000000e+00
3.766623e+00	5.926638e+01	1.539563e-01	148191.000000	0.000000e+00
3.791211e+00	5.865859e+01	1.513585e-01	150193.000000	0.000000e+00
3.815740e+00	5.780245e+01	1.485159e-01	151477.000000	0.000000e+00
3.840250e+00	5.715588e+01	1.457608e-01	153759.000000	0.000000e+00
3.864816e+00	5.685283e+01	1.438870e-01	156121.000000	0.000000e+00
3.889416e+00	5.628911e+01	1.415081e-01	158229.000000	0.000000e+00
3.913984e+00	5.552536e+01	1.389816e-01	159613.000000	0.000000e+00
3.938439e+00	5.463131e+01	1.362165e-01	160851.000000	0.000000e+00
3.962856e+00	5.424694e+01	1.343846e-01	162949.000000	0.000000e+00
3.987408e+00	5.355944e+01	1.311169e-01	166861.000000	0.000000e+00
4.011951e+00	5.309812e+01	1.299540e-01	166947.000000	0.000000e+00
4.036502e+00	5.257473e+01	1.272101e-01	170809.000000	0.000000e+00
4.061101e+00	5.213882e+01	1.257029e-01	172041.000000	0.000000e+00
4.085632e+00	5.157708e+01	1.237145e-01	173809.000000	0.000000e+00
4.110226e+00	5.116214e+01	1.214794e-01	177375.000000	0.000000e+00
4.134760e+00	5.049096e+01	1.200204e-01	176977.000000	0.000000e+00
4.159247e+00	5.008360e+01	1.177773e-01	180829.000000	0.000000e+00
4.183807e+00	4.935785e+01	1.155117e-01	182583.000000	0.000000e+00
4.208321e+00	4.886664e+01	1.138885e-01	184105.000000	0.000000e+00
4.232839e+00	4.845511e+01	1.119641e-01	187293.000000	0.000000e+00
4.257376e+00	4.809273e+01	1.108207e-01	188329.000000	0.000000e+00
4.281944e+00	4.732765e+01	1.078835e-01	192451.000000	0.000000e+00
4.306505e+00	4.697902e+01	1.070515e-01	192585.000000	0.000000e+00
4.331033e+00	4.636066e+01	1.046868e-01	196117.000000	0.000000e+00
4.355617e+00	4.588990e+01	1.030760e-01	198207.000000	0.000000e+00
4.380161e+00	4.557021e+01	1.020009e-01	199597.000000	0.000000e+00
4.404676e+00	4.531136e+01	1.006777e-01	202557.000000	0.000000e+00
4.429249e+00	4.470516e+01	9.877404e-02	204847.000000	0.000000e+00
4.453772e+00	4.443870e+01	9.782922e-02	206341.000000	0.000000e+00
4.478282e+00	4.377549e+01	9.570455e-02	209217.000000	0.000000e+00
4.502777e+00	4.353615e+01	9.488965e-02	210505.000000	0.000000e+00
4.527289e+00	4.318323e+01	9.328354e-02	214299.000000	0.000000e+00
4.551889e+00	4.243910e+01	9.119521e-02	216565.000000	0.000000e+00
4.576426e+00	4.220894e+01	9.043876e-02	217821.000000	0.000000e+00
4.600893e+00	4.174144e+01	8.896575e-02	220135.000000	0.000000e+00
4.625467e+00	4.130510e+01	8.721360e-02	224305.000000	0.000000e+00
4.650035e+00	4.121623e+01	8.690825e-02	224913.000000	0.000000e+00
4.674541e+00	4.070634e+01	8.529926e-02	227737.000000	0.000000e+00
4.699104e+00	4.007171e+01	8.340404e-02	230835.000000	0.000000e+00
4.723670e+00	3.989243e+01	8.268380e-02	232777.000000	0.000000e+00
4.748182e+00	3.955708e+01	8.170770e-02	234381.000000	0.000000e+00
4.772682e+00	3.916868e+01	8.034622e-02	237655.000000	0.000000e+00
4.797203e+00	3.882146e+01	7.935696e-02	239317.000000	0.000000e+00
4.821755e+00	3.846677e+01	7.794770e-02	243537.000000	0.000000e+00
4.846361e+00	3.819957e+01	7.713907e-02	245227.000000	0.000000e+00
4.870915e+00	3.770336e+01	7.582199e-02	247269.000000	0.000000e+00
4.895426e+00	3.747245e+01	7.500117e-02	249625.000000	0.000000e+00
4.919952e+00	3.726932e+01	7.419268e-02	252337.000000	0.000000e+00
4.944496e+00	3.681901e+01	7.286409e-02	255339.000000	0.000000e+00
4.969013e+00	3.642435e+01	7.192464e-02	256465.000000	0.000000e+00
4.993562e+00	3.617810e+01	7.077803e-02	261273.000000	0.000000e+00
5.018138e+00	3.584556e+01	6.999443e-02	262267.000000	0.000000e+00
5.042642e+00	3.547859e+01	6.896122e-02	264681.000000	0.000000e+00
5.067215e+00	3.508277e+01	6.763102e-02	269089.000000	0.000000e+00
5.091775e+00	3.502148e+01	6.747976e-02	269353.000000	0.000000e+00
5.116309e+00	3.470067e+01	6.628798e-02	274035.000000	0.000000e+00
5.140838e+00	3.435301e+01	6.559537e-02	274273.000000	0.000000e+00
5.165333e+00	3.412756e+01	6.466651e-02	278517.000000	0.000000e+00
5.189818e+00	3.387568e+01	6.408325e-02	279439.000000	0.000000e+00
5.214351e+00	3.350198e+01	6.278172e-02	284757.000000	0.000000e+00
5.238947e+00	3.332669e+01	6.227330e-02	286405.000000	0.000000e+00
5.263479e+00	3.295226e+01	6.134723e-02	288523.000000	0.000000e+00
5.288002e+00	3.268525e+01	6.052232e-02	291657.000000	0.000000e+00
5.312546e+00	3.232157e+01	5.957217e-02	294373.000000	0.000000e+00
5.337121e+00	3.218248e+01	5.897105e-02	297825.000000	0.000000e+00
5.361672e+00	3.193591e+01	5.836795e-02	299371.000000	0.000000e+00
5.386196e+00	3.164452e+01	5.752475e-02	302613.000000	0.000000e+00
5.410715e+00	3.143680e+01	5.695737e-02	304633.000000	0.000000e+00
5.435244e+00	3.112932e+01	5.604322e-02	308527.000000	0.000000e+00
5.459823e+00	3.084019e+01	5.526943e-02	311361.000000	0.000000e+00
5.484389e+00	3.065020e+01	5.468882e-02	314101.000000	0.000000e+00
5.508889e+00	3.041739e+01	5.421685e-02	314757.000000	0.000000e+00
5.533464e+00	3.017187e+01	5.315979e-02	322135.000000	0.000000e+00
5.558036e+00	2.993257e+01	5.290348e-02	320125.000000	0.000000e+00
5.582484e+00	2.966094e+01	5.205620e-02	324657.000000	0.000000e+00
5.606956e+00	2.934770e+01	5.136631e-02	326431.000000	0.000000e+00
5.631560e+00	2.920792e+01	5.056869e-02	333609.000000	0.000000e+00
5.656168e+00	2.891951e+01	5.011505e-02	333001.000000	0.000000e+00
5.680698e+00	2.871628e+01	4.948841e-02	336705.000000	0.000000e+00
5.705204e+00	2.852483e+01	4.903207e-02	338443.000000	0.000000e+00
5.729704e+00	2.842719e+01	4.859662e-02	342181.000000	0.000000e+00
5.754232e+00	2.803788e+01	4.772428e-02	345153.000000	0.000000e+00
5.778772e+00	2.780350e+01	4.708949e-02	348619.000000	0.000000e+00
5.803342e+00	2.759678e+01	4.655213e-02	351429.000000	0.000000e+00
5.827902e+00	2.736565e+01	4.594833e-02	354709.000000	0.000000e+00
5.852409e+00	2.725810e+01	4.569655e-02	355815.000000	0.000000e+00
5.876957e+00	2.704155e+01	4.496215e-02	361717.000000	0.000000e+00
5.901534e+00	2.685025e+01	4.457464e-02	362845.000000	0.000000e+00
5.926030e+00	2.665378e+01	4.410672e-02	365181.000000	0.000000e+00
5.950548e+00	2.652807e+01	4.362089e-02	369847.000000	0.000000e+00
5.975137e+00	2.621453e+01	4.291351e-02	373161.000000	0.000000e+00
5.999657e+00	2.598521e+01	4.249690e-02	373885.000000	0.000000e+00
6.024161e+00	2.593138e+01	4.212244e-02	378987.000000	0.000000e+00
6.048714e+00	2.568948e+01	4.160399e-02	381277.000000	0.000000e+00
6.073267e+00	2.553545e+01	4.112863e-02	385477.000000	0.000000e+00
6.097868e+00	2.531392e+01	4.059487e-02	388845.000000	0.000000e+00
6.122369e+00	2.511885e+01	4.029396e-02	388615.000000	0.000000e+00
6.146867e+00	2.491074e+01	3.963157e-02	395085.000000	0.000000e+00
6.171452e+00	2.481080e+01	3.935838e-02	397381.000000	0.000000e+00
6.195974e+00	2.459618e+01	3.889624e-02	399871.000000	0.000000e+00
6.220444e+00	2.441056e+01	3.852465e-02	401493.000000	0.000000e+00
6.244986e+00	2.432113e+01	3.803257e-02	408937.000000	0.000000e+00
6.269588e+00	2.398805e+01	3.747260e-02	409791.000000	0.000000e+00
6.294124e+00	2.385302e+01	3.711585e-02	413017.000000	0.000000e+00
6.318633e+00	2.373253e+01	3.680630e-02	415761.000000	0.000000e+00
6.343202e+00	2.355267e+01	3.630519e-02	420865.000000	0.000000e+00
6.367770e+00	2.340625e+01	3.599824e-02	422767.000000	0.000000e+00
6.392288e+00	2.324144e+01	3.563310e-02	425421.000000	0.000000e+00
6.416837e+00	2.308630e+01	3.518481e-02	430525.000000	0.000000e+00
6.441383e+00	2.292479e+01	3.488949e-02	431739.000000	0.000000e+00
6.465913e+00	2.276570e+01	3.445692e-02	436525.000000	0.000000e+00
6.490433e+00	2.269408e+01	3.427667e-02	438357.000000	0.000000e+00
6.514946e+00	2.241995e+01	3.370826e-02	442381.000000	0.000000e+00
6.539518e+00	2.232530e+01	3.337123e-02	447559.000000	0.000000e+00
6.564059e+00	2.212744e+01	3.306874e-02	447741.000000	0.000000e+00
6.588587e+00	2.201571e+01	3.267948e-02	453853.000000	0.000000e+00
6.613110e+00	2.183358e+01	3.238851e-02	454431.000000	0.000000e+00
6.637622e+00	2.170652e+01	3.200588e-02	459961.000000	0.000000e+00
6.662172e+00	2.152467e+01	3.164130e-02	462769.000000	0.000000e+00
6.686693e+00	2.139338e+01	3.134720e-02	465759.000000	0.000000e+00
6.711227e+00	2.124419e+01	3.098925e-02	469957.000000	0.000000e+00
6.735777e+00	2.108510e+01	3.064251e-02	473481.000000	0.000000e+00
6.760323e+00	2.099039e+01	3.041622e-02	476245.000000	0.000000e+00
6.784855e+00	2.081903e+01	3.004020e-02	480303.000000	0.000000e+00
6.809427e+00	2.073048e+01	2.978034e-02	484573.000000	0.000000e+00
6.833979e+00	2.063121e+01	2.957920e-02	486493.000000	0.000000e+00
6.858503e+00	2.047905e+01	2.923756e-02	490611.000000	0.000000e+00
6.883055e+00	2.035252e+01	2.894920e-02	494269.000000	0.000000e+00
6.907584e+00	2.020512e+01	2.865248e-02	497277.000000	0.000000e+00
6.932134e+00	2.009665e+01	2.837318e-02	501685.000000	0.000000e+00
6.956669e+00	1.990455e+01	2.803360e-02	504135.000000	0.000000e+00
6.981221e+00	1.977168e+01	2.770902e-02	509149.000000	0.000000e+00
7.005753e+00	1.965778e+01	2.750955e-02	510625.000000	0.000000e+00
7.030233e+00	1.951977e+01	2.721485e-02	514443.000000	0.000000e+00
7.054782e+00	1.946520e+01	2.699251e-02	520033.000000	0.000000e+00
7.079343e+00	1.933852e+01	2.674607e-02	522789.000000	0.000000e+00
7.103883e+00	1.917036e+01	2.643222e-02	526009.000000	0.000000e+00
7.128424e+00	1.908161e+01	2.619886e-02	530475.000000	0.000000e+00
7.152965e+00	1.897139e+01	2.598594e-02	532993.000000	0.000000e+00
7.177501e+00	1.880166e+01	2.564456e-02	537529.000000	0.000000e+00
7.202013e+00	1.869553e+01	2.544868e-02	539691.000000	0.000000e+00
7.226577e+00	1.859289e+01	2.514765e-02	546637.000000	0.000000e+00
7.251125e+00	1.850273e+01	2.501839e-02	546957.000000	0.000000e+00
7.275651e+00	1.840979e+01	2.476406e-02	552655.000000	0.000000e+00
7.300226e+00	1.826067e+01	2.447448e-02	556681.000000	0.000000e+00
7.324759e+00	1.817564e+01	2.432079e-02	558501.000000	0.000000e+00
7.349299e+00	1.803166e+01	2.400611e-02	564193.000000	0.000000e+00
7.373825e+00	1.794321e+01	2.385966e-02	565551.000000	0.000000e+00
7.398312e+00	1.780589e+01	2.358793e-02	569833.000000	0.000000e+00
7.422892e+00	1.776358e+01	2.337740e-02	577389.000000	0.000000e+00
7.447442e+00	1.756611e+01	2.313873e-02	576331.000000	0.000000e+00
7.471956e+00	1.749332e+01	2.291356e-02	582853.000000	0.000000e+00
7.496499e+00	1.738341e+01	2.271037e-02	585897.000000	0.000000e+00
7.521014e+00	1.732729e+01	2.258431e-02	588637.000000	0.000000e+00
7.545557e+00	1.721463e+01	2.231247e-02	595251.000000	0.000000e+00
7.570086e+00	1.707147e+01	2.211581e-02	595849.000000	0.000000e+00
7.594613e+00	1.699830e+01	2.190363e-02	602253.000000	0.000000e+00
7.619172e+00	1.685282e+01	2.165137e-02	605863.000000	0.000000e+00
7.643756e+00	1.680011e+01	2.149497e-02	610873.000000	0.000000e+00
7.668263e+00	1.670722e+01	2.138521e-02	610353.000000	0.000000e+00
7.692777e+00	1.663644e+01	2.115207e-02	618607.000000	0.000000e+00
7.717371e+00	1.651711e+01	2.093989e-02	622185.000000	0.000000e+00
7.741929e+00	1.642877e+01	2.077700e-02	625237.000000	0.000000e+00
7.766457e+00	1.631214e+01	2.058359e-02	628029.000000	0.000000e+00
7.790953e+00	1.623321e+01	2.041993e-02	631975.000000	0.000000e+00
7.815489e+00	1.615050e+01	2.022727e-02	637525.000000	0.000000e+00
7.840050e+00	1.604764e+01	2.003132e-02	641805.000000	0.000000e+00
7.864588e+00	1.596252e+01	1.988610e-02	644323.000000	0.000000e+00
7.889126e+00	1.585652e+01	1.967684e-02	649389.000000	0.000000e+00
7.913643e+00	1.577722e+01	1.954356e-02	651709.000000	0.000000e+00
7.938181e+00	1.568618e+01	1.933314e-02	658309.000000	0.000000e+00
7.962760e+00	1.566243e+01	1.924115e-02	662607.000000	0.000000e+00
7.987311e+00	1.552384e+01	1.904748e-02	664237.000000	0.000000e+00
8.011811e+00	1.538231e+01	1.881821e-02	668169.000000	0.000000e+00
8.036325e+00	1.535521e+01	1.870897e-02	673615.000000	0.000000e+00
8.060868e+00	1.522959e+01	1.850060e-02	677649.000000	0.000000e+00
8.085446e+00	1.520197e+01	1.838255e-02	683893.000000	0.000000e+00
8.109989e+00	1.510312e+01	1.826286e-02	683905.000000	0.000000e+00
8.134471e+00	1.502776e+01	1.810638e-02	688851.000000	0.000000e+00
8.159038e+00	1.491489e+01	1.786260e-02	697189.000000	0.000000e+00
8.183598e+00	1.485873e+01	1.780735e-02	696249.000000	0.000000e+00
8.208073e+00	1.479267e+01	1.766303e-02	701395.000000	0.000000e+00
8.232590e+00	1.472475e+01	1.751833e-02	706497.000000	0.000000e+00
8.257144e+00	1.462160e+01	1.732479e-02	712285.000000	0.000000e+00
8.281710e+00	1.454313e+01	1.719109e-02	715663.000000	0.000000e+00
8.306271e+00	1.446313e+01	1.704429e-02	720057.000000	0.000000e+00
8.330826e+00	1.441355e+01	1.693270e-02	724585.000000	0.000000e+00
8.355374e+00	1.434168e+01	1.681729e-02	727257.000000	0.000000e+00
8.379901e+00	1.426054e+01	1.665988e-02	732703.000000	0.000000e+00
8.404418e+00	1.417916e+01	1.654083e-02	734829.000000	0.000000e+00
8.428928e+00	1.407418e+01	1.635329e-02	740689.000000	0.000000e+00
8.453504e+00	1.398344e+01	1.616849e-02	747979.000000	0.000000e+00
8.478051e+00	1.394224e+01	1.613170e-02	746973.000000	0.000000e+00
8.502580e+00	1.387621e+01	1.595547e-02	756349.000000	0.000000e+00
8.527138e+00	1.383550e+01	1.590568e-02	756633.000000	0.000000e+00
8.551634e+00	1.375009e+01	1.575587e-02	761599.000000	0.000000e+00
8.576156e+00	1.367308e+01	1.561060e-02	767173.000000	0.000000e+00
8.600697e+00	1.360094e+01	1.548704e-02	771261.000000	0.000000e+00
8.625259e+00	1.353172e+01	1.534592e-02	777535.000000	0.000000e+00
8.649836e+00	1.346262e+01	1.523724e-02	780633.000000	0.000000e+00
8.674376e+00	1.339056e+01	1.511607e-02	784729.000000	0.000000e+00
8.698927e+00	1.333485e+01	1.500528e-02	789747.000000	0.000000e+00
8.723450e+00	1.327188e+01	1.491417e-02	791893.000000	0.000000e+00
8.747957e+00	1.319062e+01	1.476902e-02	797677.000000	0.000000e+00
8.772521e+00	1.313759e+01	1.464779e-02	804429.000000	0.000000e+00
8.797047e+00	1.304519e+01	1.454380e-02	804535.000000	0.000000e+00
8.821541e+00	1.300908e+01	1.444686e-02	810861.000000	0.000000e+00
8.846076e+00	1.294884e+01	1.433176e-02	816325.000000	0.000000e+00
8.870641e+00	1.289615e+01	1.422063e-02	822399.000000	0.000000e+00
8.895170e+00	1.286499e+01	1.418536e-02	822505.000000	0.000000e+00
8.919713e+00	1.275054e+01	1.397318e-02	832657.000000	0.000000e+00
8.944263e+00	1.271775e+01	1.394392e-02	831861.000000	0.000000e+00
8.968772e+00	1.264552e+01	1.380286e-02	839335.000000	0.000000e+00
8.993334e+00	1.259556e+01	1.370459e-02	844701.000000	0.000000e+00
9.017895e+00	1.253264e+01	1.361001e-02	847945.000000	0.000000e+00
9.042430e+00	1.248522e+01	1.351896e-02	852915.000000	0.000000e+00
9.066970e+00	1.240209e+01	1.339855e-02	856789.000000	0.000000e+00
9.091538e+00	1.238430e+01	1.331645e-02	864901.000000	0.000000e+00
9.116063e+00	1.230420e+01	1.324907e-02	862455.000000	0.000000e+00
9.140573e+00	1.221565e+01	1.307043e-02	873481.000000	0.000000e+00
9.165140e+00	1.221000e+01	1.304677e-02	875841.000000	0.000000e+00
9.189653e+00	1.211840e+01	1.292745e-02	878749.000000	0.000000e+00
9.214176e+00	1.206377e+01	1.281274e-02	886507.000000	0.000000e+00
9.238722e+00	1.201794e+01	1.274517e-02	889137.000000	0.000000e+00
9.263252e+00	1.198149e+01	1.266332e-02	895213.000000	0.000000e+00
9.287810e+00	1.192140e+01	1.256164e-02	900663.000000	0.000000e+00
9.312363e+00	1.185693e+01	1.246882e-02	904261.000000	0.000000e+00
9.336898e+00	1.180942e+01	1.238565e-02	909117.000000	0.000000e+00
9.361428e+00	1.178983e+01	1.233920e-02	912937.000000	0.000000e+00
9.385969e+00	1.171538e+01	1.221406e-02	920011.000000	0.000000e+00
9.410496e+00	1.166359e+01	1.215189e-02	921249.000000	0.000000e+00
9.435027e+00	1.162051e+01	1.204974e-02	930025.000000	0.000000e+00
9.459577e+00	1.157712e+01	1.199005e-02	932307.000000	0.000000e+00
9.484080e+00	1.154066e+01	1.192929e-02	935905.000000	0.000000e+00
9.508599e+00	1.147780e+01	1.181416e-02	943869.000000	0.000000e+00
9.533177e+00	1.145300e+01	1.175384e-02	949465.000000	0.000000e+00
9.557740e+00	1.138890e+01	1.166739e-02	952831.000000	0.000000e+00
9.582283e+00	1.136128e+01	1.160966e-02	957669.000000	0.000000e+00
9.606825e+00	1.127809e+01	1.149614e-02	962425.000000	0.000000e+00
9.631356e+00	1.125747e+01	1.144788e-02	967011.000000	0.000000e+00
9.655881e+00	1.120592e+01	1.137010e-02	971329.000000	0.000000e+00
9.680426e+00	1.115999e+01	1.128045e-02	978757.000000	0.000000e+00
9.704942e+00	1.110957e+01	1.122858e-02	978915.000000	0.000000e+00
9.729497e+00	1.105970e+01	1.110660e-02	991573.000000	0.000000e+00
9.754046e+00	1.101828e+01	1.107924e-02	989025.000000	0.000000e+00
9.778535e+00	1.096477e+01	1.098848e-02	995689.000000	0.000000e+00
9.803103e+00	1.093285e+01	1.089800e-02	1006407.000000	0.000000e+00
9.827649e+00	1.088489e+01	1.086699e-02	1003297.000000	0.000000e+00
9.852180e+00	1.085562e+01	1.077207e-02	1015573.000000	0.000000e+00
9.876731e+00	1.081605e+01	1.073501e-02	1015155.000000	0.000000e+00
9.901284e+00	1.076298e+01	1.063026e-02	1025125.000000	0.000000e+00
9.925835e+00	1.072013e+01	1.058227e-02	1026225.000000	0.000000e+00
9.950350e+00	1.067846e+01	1.051471e-02	1031389.000000	0.000000e+00
9.974902e+00	1.063886e+01	1.043199e-02	1040055.000000	0.000000e+00
9.999429e+00	1.060577e+01	1.040489e-02	1038985.000000	0.000000e+00
1.002392e+01	1.055828e+01	1.031527e-02	1047673.000000	0.000000e+00
1.004849e+01	1.054771e+01	1.026684e-02	1055463.000000	0.000000e+00
1.007303e+01	1.050907e+01	1.022581e-02	1056169.000000	0.000000e+00
1.009756e+01	1.044801e+01	1.012657e-02	1064493.000000	0.000000e+00
1.012209e+01	1.041007e+01	1.007981e-02	1066603.000000	0.000000e+00
1.014664e+01	1.038299e+01	1.000836e-02	1076265.000000	0.000000e+00
1.017120e+01	1.034883e+01	9.965635e-03	1078381.000000	0.000000e+00
1.019572e+01	1.030232e+01	9.902296e-03	1082425.000000	0.000000e+00
1.022025e+01	1.027562e+01	9.840208e-03	1090455.000000	0.000000e+00
1.024479e+01	1.024227e+01	9.794811e-03	1093453.000000	0.000000e+00
1.026933e+01	1.019637e+01	9.720371e-03	1100337.000000	0.000000e+00
1.029386e+01	1.015957e+01	9.668123e-03	1104247.000000	0.000000e+00
1.031842e+01	1.013562e+01	9.611006e-03	1112149.000000	0.000000e+00
1.034296e+01	1.010420e+01	9.569569e-03	1114857.000000	0.000000e+00
1.036749e+01	1.008070e+01	9.525227e-03	1120033.000000	0.000000e+00
1.039203e+01	1.003729e+01	9.452153e-03	1127643.000000	0.000000e+00
1.041655e+01	1.002040e+01	9.433340e-03	1128337.000000	0.000000e+00
1.044111e+01	9.974400e+00	9.335214e-03	1141629.000000	0.000000e+00
1.046570e+01	9.934482e+00	9.295762e-03	1142143.000000	0.000000e+00
1.049021e+01	9.891675e+00	9.244665e-03	1144873.000000	0.000000e+00
1.051473e+01	9.871585e+00	9.188660e-03	1154169.000000	0.000000e+00
1.053925e+01	9.858983e+00	9.173553e-03	1155019.000000	0.000000e+00
1.056380e+01	9.815788e+00	9.081886e-03	1168149.000000	0.000000e+00
1.058835e+01	9.796628e+00	9.070015e-03	1166641.000000	0.000000e+00
1.061283e+01	9.748915e+00	9.009838e-03	1170789.000000	0.000000e+00
1.063739e+01	9.740681e+00	8.945343e-03	1185727.000000	0.000000e+00
1.066197e+01	9.685746e+00	8.901133e-03	1184065.000000	0.000000e+00
1.068650e+01	9.682355e+00	8.870342e-03	1191465.000000	0.000000e+00
1.071103e+01	9.647778e+00	8.827433e-03	1194499.000000	0.000000e+00
1.073555e+01	9.619253e+00	8.774087e-03	1201929.000000	0.000000e+00
1.076011e+01	9.612386e+00	8.740277e-03	1209517.000000	0.000000e+00
1.078466e+01	9.572838e+00	8.693859e-03	1212429.000000	0.000000e+00
1.080918e+01	9.535151e+00	8.643741e-03	1216891.000000	0.000000e+00
1.083370e+01	9.506877e+00	8.597596e-03	1222705.000000	0.000000e+00
1.085823e+01	9.491376e+00	8.555759e-03	1230669.000000	0.000000e+00
1.088282e+01	9.450477e+00	8.489562e-03	1239187.000000	0.000000e+00
1.090737e+01	9.456940e+00	8.500425e-03	1237713.000000	0.000000e+00
1.093189e+01	9.403033e+00	8.421273e-03	1246753.000000	0.000000e+00
1.095642e+01	9.398587e+00	8.405528e-03	1250245.000000	0.000000e+00
1.098096e+01	9.380949e+00	8.356845e-03	1260111.000000	0.000000e+00
1.100552e+01	9.360958e+00	8.332975e-03	1261945.000000	0.000000e+00
1.103005e+01	9.324033e+00	8.278106e-03	1268661.000000	0.000000e+00
1.105458e+01	9.305205e+00	8.243793e-03	1274083.000000	0.000000e+00
1.107911e+01	9.282352e+00	8.206400e-03	1279413.000000	0.000000e+00
1.110366e+01	9.269278e+00	8.169277e-03	1287433.000000	0.000000e+00
1.112821e+01	9.246380e+00	8.137404e-03	1291135.000000	0.000000e+00
1.115273e+01	9.211326e+00	8.092758e-03	1295541.000000	0.000000e+00
1.117726e+01	9.210859e+00	8.069347e-03	1302937.000000	0.000000e+00
1.120181e+01	9.186765e+00	8.027614e-03	1309641.000000	0.000000e+00
1.122634e+01	9.159262e+00	7.995167e-03	1312399.000000	0.000000e+00
1.125085e+01	9.170256e+00	7.985287e-03	1318809.000000	0.000000e+00
1.127541e+01	9.125436e+00	7.913979e-03	1329589.000000	0.000000e+00
1.129999e+01	9.117064e+00	7.900394e-03	1331719.000000	0.000000e+00
1.132451e+01	9.110561e+00	7.884386e-03	1335225.000000	0.000000e+00
1.134903e+01	9.091511e+00	7.843081e-03	1343689.000000	0.000000e+00
1.137357e+01	9.082402e+00	7.822182e-03	1348173.000000	0.000000e+00
1.139811e+01	9.062874e+00	7.782095e-03	1356247.000000	0.000000e+00
1.142265e+01	9.047110e+00	7.761004e-03	1358889.000000	0.000000e+00
1.144718e+01	9.045604e+00	7.736031e-03	1367221.000000	0.000000e+00
1.147174e+01	9.030823e+00	7.704193e-03	1374043.000000	0.000000e+00
1.149628e+01	9.009408e+00	7.676906e-03	1377273.000000	0.000000e+00
1.152079e+01	8.998813e+00	7.656402e-03	1381405.000000	0.000000e+00
1.154533e+01	8.979851e+00	7.608341e-03	1393023.000000	0.000000e+00
1.156988e+01	8.957368e+00	7.586912e-03	1393897.000000	0.000000e+00
1.159441e+01	8.967182e+00	7.570758e-03	1402921.000000	0.000000e+00
1.161895e+01	8.945826e+00	7.539883e-03	1407705.000000	0.000000e+00
1.164349e+01	8.931977e+00	7.510949e-03	1414183.000000	0.000000e+00
1.166804e+01	8.927346e+00	7.492219e-03	1419789.000000	0.000000e+00
1.169259e+01	8.911335e+00	7.458970e-03	1427341.000000	0.000000e+00
1.171712e+01	8.917356e+00	7.459992e-03	1428879.000000	0.000000e+00
1.174164e+01	8.885139e+00	7.408788e-03	1438249.000000	0.000000e+00
1.176619e+01	8.902335e+00	7.404831e-03	1445365.000000	0.000000e+00
1.179072e+01	8.873887e+00	7.377963e-03	1446621.000000	0.000000e+00
1.181525e+01	8.871546e+00	7.348582e-03	1457443.000000	0.000000e+00
1.183979e+01	8.852978e+00	7.324126e-03	1461057.000000	0.000000e+00
1.186435e+01	8.859799e+00	7.307318e-03	1470049.000000	0.000000e+00
1.188889e+01	8.854201e+00	7.294364e-03	1473411.000000	0.000000e+00
1.191343e+01	8.849439e+00	7.274408e-03	1479913.000000	0.000000e+00
1.193797e+01	8.862465e+00	7.268250e-03	1486789.000000	0.000000e+00
1.196251e+01	8.842075e+00	7.239613e-03	1491687.000000	0.000000e+00
1.198703e+01	8.844679e+00	7.228561e-03	1497133.000000	0.000000e+00
1.201156e+01	8.839680e+00	7.205423e-03	1505061.000000	0.000000e+00
1.203612e+01	8.835120e+00	7.186385e-03	1511485.000000	0.000000e+00
1.206065e+01	8.823282e+00	7.167369e-03	1515447.000000	0.000000e+00
1.208515e+01	8.840759e+00	7.171215e-03	1519825.000000	0.000000e+00
1.210971e+01	8.822171e+00	7.119051e-03	1535701.000000	0.000000e+00
1.213428e+01	8.826428e+00	7.130957e-03	1532055.000000	0.000000e+00
1.215881e+01	8.819629e+00	7.095410e-03	1545061.000000	0.000000e+00
1.218336e+01	8.813830e+00	7.089488e-03	1545609.000000	0.000000e+00
1.220787e+01	8.830293e+00	7.087084e-03	1552441.000000	0.000000e+00
1.223242e+01	8.832617e+00	7.063022e-03	1563859.000000	0.000000e+00
1.225696e+01	8.837525e+00	7.067594e-03	1563573.000000	0.000000e+00
1.228148e+01	8.843065e+00	7.049410e-03	1573621.000000	0.000000e+00
1.230602e+01	8.849730e+00	7.043394e-03	1578687.000000	0.000000e+00
1.233056e+01	8.846744e+00	7.025606e-03	1585621.000000	0.000000e+00
1.235512e+01	8.854275e+00	7.010379e-03	1595229.000000	0.000000e+00
1.237965e+01	8.850581e+00	7.011613e-03	1593337.000000	0.000000e+00
1.240419e+01	8.859450e+00	6.982773e-03	1609747.000000	0.000000e+00
1.242874e+01	8.862391e+00	6.990770e-03	1607133.000000	0.000000e+00
1.245325e+01	8.880387e+00	6.985088e-03	1616293.000000	0.000000e+00
1.247780e+01	8.871135e+00	6.953506e-03	1627611.000000	0.000000e+00
1.250235e+01	8.890479e+00	6.971167e-03	1626445.000000	0.000000e+00
1.252688e+01	8.894762e+00	6.947623e-03	1639065.000000	0.000000e+00
1.255143e+01	8.914230e+00	6.957385e-03	1641631.000000	0.000000e+00
1.257596e+01	8.918562e+00	6.953404e-03	1645109.500000	0.000000e+00
1.260049e+01	8.893524e+00	6.939908e-03	1642254.000000	0.000000e+00
1.262503e+01	8.875900e+00	6.932748e-03	1639132.000000	0.000000e+00
1.264958e+01	8.854970e+00	6.921085e-03	1636914.000000	0.000000e+00
1.267411e+01	8.836113e+00	6.919526e-03	1630684.000000	0.000000e+00
1.269864e+01	8.808377e+00	6.901959e-03	1628722.000000	0.000000e+00
1.272316e+01	8.785711e+00	6.893305e-03	1624422.000000	0.000000e+00
1.274773e+01	8.778296e+00	6.881457e-03	1627270.000000	0.000000e+00
1.277225e+01	8.753349e+00	6.894025e-03	1612140.000000	0.000000e+00
1.279677e+01	8.724212e+00	6.855281e-03	1619578.000000	0.000000e+00
1.282133e+01	8.716331e+00	6.869410e-03	1610010.000000	0.000000e+00
1.284587e+01	8.700275e+00	6.855279e-03	1610704.000000	0.000000e+00
1.287043e+01	8.677116e+00	6.848610e-03	1605262.000000	0.000000e+00
1.289495e+01	8.665619e+00	6.852144e-03	1599360.000000	0.000000e+00
1.291951e+01	8.656484e+00	6.839424e-03	1601932.000000	0.000000e+00
1.294403e+01	8.638146e+00	6.853548e-03	1588584.000000	0.000000e+00
1.296853e+01	8.621556e+00	6.833785e-03	1591654.000000	0.000000e+00
1.299309e+01	8.597884e+00	6.820651e-03	1589028.000000	0.000000e+00
1.301763e+01	8.578722e+00	6.822102e-03	1581280.000000	0.000000e+00
1.304217e+01	8.564079e+00	6.810961e-03	1581046.000000	0.000000e+00
1.306670e+01	8.558642e+00	6.819793e-03	1574952.000000	0.000000e+00
1.309123e+01	8.545958e+00	6.817252e-03	1571458.000000	0.000000e+00
1.311579e+01	8.530089e+00	6.805147e-03	1571202.000000	0.000000e+00
1.314034e+01	8.527612e+00	6.817745e-03	1564492.000000	0.000000e+00
1.316488e+01	8.496644e+00	6.801412e-03	1560618.000000	0.000000e+00
1.318940e+01	8.489472e+00	6.805888e-03	1555936.000000	0.000000e+00
1.321393e+01	8.473662e+00	6.801205e-03	1552282.000000	0.000000e+00
1.323848e+01	8.456347e+00	6.788326e-03	1551816.000000	0.000000e+00
1.326302e+01	8.445033e+00	6.798979e-03	1542820.000000	0.000000e+00
1.328757e+01	8.429997e+00	6.783296e-03	1544448.000000	0.000000e+00
1.331210e+01	8.417562e+00	6.794816e-03	1534678.000000	0.000000e+00
1.333662e+01	8.403785e+00	6.786787e-03	1533280.000000	0.000000e+00
1.336117e+01	8.393939e+00	6.783703e-03	1531080.000000	0.000000e+00
1.338570e+01	8.370546e+00	6.782474e-03	1523110.000000	0.000000e+00
1.341022e+01	8.356988e+00	6.775649e-03	1521240.000000	0.000000e+00
1.343476e+01	8.364974e+00	6.791873e-03	1516876.000000	0.000000e+00
1.345932e+01	8.346047e+00	6.779344e-03	1515606.000000	0.000000e+00
1.348389e+01	8.331333e+00	6.777506e-03	1511086.000000	0.000000e+00
1.350843e+01	8.318956e+00	6.786393e-03	1502656.000000	0.000000e+00
1.353293e+01	8.317367e+00	6.793970e-03	1498734.000000	0.000000e+00
1.355748e+01	8.306924e+00	6.785919e-03	1498522.000000	0.000000e+00
1.358203e+01	8.287865e+00	6.785795e-03	1491708.000000	0.000000e+00
1.360658e+01	8.280493e+00	6.784596e-03	1489582.000000	0.000000e+00
1.363111e+01	8.270447e+00	6.796594e-03	1480728.000000	0.000000e+00
1.365563e+01	8.268344e+00	6.795215e-03	1480576.000000	0.000000e+00
1.368019e+01	8.255309e+00	6.795319e-03	1475866.000000	0.000000e+00
1.370473e+01	8.246510e+00	6.802662e-03	1469544.000000	0.000000e+00
1.372924e+01	8.230740e+00	6.802850e-03	1463848.000000	0.000000e+00
1.375380e+01	8.225868e+00	6.791224e-03	1467126.000000	0.000000e+00
1.377836e+01	8.231718e+00	6.825332e-03	1454566.000000	0.000000e+00
1.380287e+01	8.206397e+00	6.811261e-03	1451610.000000	0.000000e+00
1.382737e+01	8.192632e+00	6.813443e-03	1445818.000000	0.000000e+00
1.385191e+01	8.197713e+00	6.817202e-03	1446016.000000	0.000000e+00
1.387648e+01	8.190783e+00	6.824871e-03	1440330.000000	0.000000e+00
1.390103e+01	8.175733e+00	6.822018e-03	1436242.000000	0.000000e+00
1.392557e+01	8.182275e+00	6.847210e-03	1427976.000000	0.000000e+00
1.395012e+01	8.169542e+00	6.834320e-03	1428910.000000	0.000000e+00
1.397464e+01	8.170911e+00	6.867971e-03	1415416.000000	0.000000e+00
1.399917e+01	8.143312e+00	6.832210e-03	1420626.000000	0.000000e+00
1.402372e+01	8.147425e+00	6.865056e-03	1408486.000000	0.000000e+00
1.404824e+01	8.153381e+00	6.873614e-03	1407036.000000	0.000000e+00
1.407278e+01	8.141203e+00	6.874618e-03	1402426.000000	0.000000e+00
1.409731e+01	8.132153e+00	6.884312e-03	1395372.000000	0.000000e+00
1.412183e+01	8.125035e+00	6.885281e-03	1392538.000000	0.000000e+00
1.414639e+01	8.120274e+00	6.886709e-03	1390330.000000	0.000000e+00
1.417094e+01	8.123218e+00	6.913665e-03	1380510.000000	0.000000e+00
1.419546e+01	8.118443e+00	6.912897e-03	1379194.000000	0.000000e+00
1.422001e+01	8.106547e+00	6.919837e-03	1372398.000000	0.000000e+00
1.424455e+01	8.104362e+00	6.926157e-03	1369156.000000	0.000000e+00
1.426908e+01	8.110789e+00	6.952777e-03	1360848.000000	0.000000e+00
1.429362e+01	8.089553e+00	6.934379e-03	1360924.000000	0.000000e+00
1.431818e+01	8.108745e+00	6.972505e-03	1352476.000000	0.000000e+00
1.434273e+01	8.095611e+00	6.968460e-03	1349664.000000	0.000000e+00
1.436724e+01	8.103850e+00	7.003823e-03	1338790.000000	0.000000e+00
1.439177e+01	8.106201e+00	6.997153e-03	1342122.000000	0.000000e+00
1.441633e+01	8.094756e+00	7.015863e-03	1331206.000000	0.000000e+00
1.444087e+01	8.094019e+00	7.020981e-03	1329024.000000	0.000000e+00
1.446541e+01	8.100137e+00	7.045244e-03	1321882.000000	0.000000e+00
1.448996e+01	8.081870e+00	7.036129e-03	1319338.000000	0.000000e+00
1.451448e+01	8.082120e+00	7.064347e-03	1308900.000000	0.000000e+00
1.453902e+01	8.092599e+00	7.070208e-03	1310122.000000	0.000000e+00
1.456356e+01	8.087289e+00	7.093343e-03	1299882.000000	0.000000e+00
1.458809e+01	8.091114e+00	7.106436e-03	1296322.000000	0.000000e+00
1.461262e+01	8.080138e+00	7.108271e-03	1292140.000000	0.000000e+00
1.463716e+01	8.085791e+00	7.134623e-03	1284408.000000	0.000000e+00
1.466171e+01	8.087778e+00	7.139835e-03	1283164.000000	0.000000e+00
1.468625e+01	8.090510e+00	7.169160e-03	1273548.000000	0.000000e+00
1.471078e+01	8.090628e+00	7.179661e-03	1269862.000000	0.000000e+00
1.473534e+01	8.089500e+00	7.186622e-03	1267050.000000	0.000000e+00
1.475987e+01	8.096849e+00	7.226427e-03	1255408.000000	0.000000e+00
1.478439e+01	8.099599e+00	7.228725e-03	1255462.000000	0.000000e+00
1.480894e+01	8.104073e+00	7.257800e-03	1246800.000000	0.000000e+00
1.483348e+01	8.104268e+00	7.265256e-03	1244302.000000	0.000000e+00
1.485802e+01	8.103026e+00	7.291082e-03	1235124.000000	0.000000e+00
1.488256e+01	8.105823e+00	7.299794e-03	1233028.000000	0.000000e+00
1.490708e+01	8.113831e+00	7.337772e-03	1222710.000000	0.000000e+00
1.493162e+01	8.112541e+00	7.338719e-03	1222006.000000	0.000000e+00
1.495618e+01	8.134530e+00	7.377488e-03	1215760.000000	0.000000e+00
1.498071e+01	8.122503e+00	7.393736e-03	1206846.000000	0.000000e+00
1.500525e+01	8.146386e+00	7.422830e-03	1204456.000000	0.000000e+00
1.502980e+01	8.138014e+00	7.436248e-03	1197648.000000	0.000000e+00
1.505434e+01	8.134741e+00	7.455200e-03	1190608.000000	0.000000e+00
1.507886e+01	8.159117e+00	7.491744e-03	1186098.000000	0.000000e+00
1.510342e+01	8.163883e+00	7.511626e-03	1181206.000000	0.000000e+00
1.512796e+01	8.147217e+00	7.523416e-03	1172704.000000	0.000000e+00
1.515246e+01	8.170389e+00	7.561869e-03	1167420.000000	0.000000e+00
1.517700e+01	8.178688e+00	7.583151e-03	1163236.000000	0.000000e+00
1.520157e+01	8.177512e+00	7.595308e-03	1159182.000000	0.000000e+00
1.522611e+01	8.193269e+00	7.648287e-03	1147588.000000	0.000000e+00
1.525063e+01	8.212926e+00	7.671090e-03	1146256.000000	0.000000e+00
1.527518e+01	8.206052e+00	7.692477e-03	1137984.000000	0.000000e+00
1.529972e+01	8.205429e+00	7.708703e-03	1133026.000000	0.000000e+00
1.532424e+01	8.224537e+00	7.752742e-03	1125414.000000	0.000000e+00
1.534877e+01	8.232664e+00	7.775576e-03	1121026.000000	0.000000e+00
1.537332e+01	8.237946e+00	7.800330e-03	1115352.000000	0.000000e+00
1.539786e+01	8.239243e+00	7.828225e-03	1107766.000000	0.000000e+00
1.542240e+01	8.263535e+00	7.866060e-03	1103614.000000	0.000000e+00
1.544694e+01	8.280392e+00	7.911900e-03	1095318.000000	0.000000e+00
1.547149e+01	8.282874e+00	7.929889e-03	1091008.000000	0.000000e+00
1.549603e+01	8.298805e+00	7.970510e-03	1084074.000000	0.000000e+00
1.552054e+01	8.312577e+00	8.020496e-03	1074160.000000	0.000000e+00
1.554506e+01	8.325795e+00	8.036676e-03	1073244.000000	0.000000e+00
1.556963e+01	8.315510e+00	8.051868e-03	1066558.000000	0.000000e+00
1.559418e+01	8.330435e+00	8.099169e-03	1057924.000000	0.000000e+00
1.561873e+01	8.351510e+00	8.134566e-03	1054050.000000	0.000000e+00
1.564327e+01	8.376445e+00	8.196907e-03	1044286.000000	0.000000e+00
1.566780e+01	8.382564e+00	8.213441e-03	1041606.000000	0.000000e+00
1.569233e+01	8.410685e+00	8.284086e-03	1030798.000000	0.000000e+00
1.571685e+01	8.413852e+00	8.300284e-03	1027552.000000	0.000000e+00
1.574141e+01	8.428114e+00	8.339608e-03	1021338.000000	0.000000e+00
1.576595e+01	8.432593e+00	8.376912e-03	1013338.000000	0.000000e+00
1.579049e+01	8.460423e+00	8.426006e-03	1008186.000000	0.000000e+00
1.581502e+01	8.469230e+00	8.471798e-03	999394.000000	0.000000e+00
1.583955e+01	8.505916e+00	8.528555e-03	994698.000000	0.000000e+00
1.586407e+01	8.495897e+00	8.551387e-03	987064.000000	0.000000e+00
1.588861e+01	8.517718e+00	8.599607e-03	981046.000000	0.000000e+00
1.591315e+01	8.521437e+00	8.628322e-03	975378.000000	0.000000e+00
1.593770e+01	8.545683e+00	8.685588e-03	968044.000000	0.000000e+00
1.596225e+01	8.549793e+00	8.719341e-03	961488.000000	0.000000e+00
1.598677e+01	8.599615e+00	8.807781e-03	953290.000000	0.000000e+00
1.601131e+01	8.618123e+00	8.846348e-03	949068.000000	0.000000e+00
1.603586e+01	8.616197e+00	8.882366e-03	940966.000000	0.000000e+00
1.606040e+01	8.652767e+00	8.953095e-03	934036.000000	0.000000e+00
1.608493e+01	8.654535e+00	8.985763e-03	927636.000000	0.000000e+00
1.610947e+01	8.654544e+00	9.023947e-03	919804.000000	0.000000e+00
1.613400e+01	8.701470e+00	9.101707e-03	913986.000000	0.000000e+00
1.615854e+01	8.738818e+00	9.173057e-03	907564.000000	0.000000e+00
1.618310e+01	8.741510e+00	9.211904e-03	900480.000000	0.000000e+00
1.620765e+01	8.763361e+00	9.271399e-03	893410.000000	0.000000e+00
1.623216e+01	8.795872e+00	9.358455e-03	883384.000000	0.000000e+00
1.625669e+01	8.806353e+00	9.382381e-03	880980.000000	0.000000e+00
1.628123e+01	8.838883e+00	9.469531e-03	871240.000000	0.000000e+00
1.630580e+01	8.858508e+00	9.511432e-03	867420.000000	0.000000e+00
1.633036e+01	8.893330e+00	9.603793e-03	857518.000000	0.000000e+00
1.635486e+01	8.929173e+00	9.692851e-03	848632.000000	0.000000e+00
1.637939e+01	8.935925e+00	9.717498e-03	845610.000000	0.000000e+00
1.640395e+01	8.956318e+00	9.793585e-03	836326.000000	0.000000e+00
1.642848e+01	8.969614e+00	9.849573e-03	829302.000000	0.000000e+00
1.645298e+01	9.019724e+00	9.957705e-03	820480.000000	0.000000e+00
1.647753e+01	9.021465e+00	9.980693e-03	817020.000000	0.000000e+00
1.650209e+01	9.044016e+00	1.005902e-02	808372.000000	0.000000e+00
1.652660e+01	9.082306e+00	1.016526e-02	798280.000000	0.000000e+00
1.655114e+01	9.124149e+00	1.022901e-02	795642.000000	0.000000e+00
1.657571e+01	9.114573e+00	1.027904e-02	786262.000000	0.000000e+00
1.660025e+01	9.157572e+00	1.038305e-02	777876.000000	0.000000e+00
1.662478e+01	9.193481e+00	1.046052e-02	772420.000000	0.000000e+00
1.664931e+01	9.205548e+00	1.054267e-02	762426.000000	0.000000e+00
1.667386e+01	9.271676e+00	1.064329e-02	758866.000000	0.000000e+00
1.669842e+01	9.285485e+00	1.073426e-02	748282.000000	0.000000e+00
1.672293e+01	9.315446e+00	1.082282e-02	740844.000000	0.000000e+00
1.674748e+01	9.331486e+00	1.087751e-02	735940.000000	0.000000e+00
1.677204e+01	9.373836e+00	1.100252e-02	725856.000000	0.000000e+00
1.679655e+01	9.398286e+00	1.108645e-02	718642.000000	0.000000e+00
1.682107e+01	9.421021e+00	1.116826e-02	711582.000000	0.000000e+00
1.684563e+01	9.454521e+00	1.126201e-02	704770.000000	0.000000e+00
1.687018e+01	9.483336e+00	1.136010e-02	696880.000000	0.000000e+00
1.689472e+01	9.532077e+00	1.149282e-02	687894.000000	0.000000e+00
1.691924e+01	9.543281e+00	1.155783e-02	681778.000000	0.000000e+00
1.694378e+01	9.582395e+00	1.168489e-02	672510.000000	0.000000e+00
1.696830e+01	9.633307e+00	1.180554e-02	665854.000000	0.000000e+00
1.699283e+01	9.654276e+00	1.190511e-02	657616.000000	0.000000e+00
1.701740e+01	9.680391e+00	1.199064e-02	651780.000000	0.000000e+00
1.704195e+01	9.706969e+00	1.211448e-02	642034.000000	0.000000e+00
1.706646e+01	9.744292e+00	1.224718e-02	633036.000000	0.000000e+00
1.709097e+01	9.794065e+00	1.236171e-02	627724.000000	0.000000e+00
1.711553e+01	9.822944e+00	1.248284e-02	619236.000000	0.000000e+00
1.714008e+01	9.857967e+00	1.261346e-02	610810.000000	0.000000e+00
1.716463e+01	9.893822e+00	1.272248e-02	604762.000000	0.000000e+00
1.718918e+01	9.915085e+00	1.286747e-02	593754.000000	0.000000e+00
1.721369e+01	9.971267e+00	1.300629e-02	587752.000000	0.000000e+00
1.723823e+01	9.956689e+00	1.308736e-02	578796.000000	0.000000e+00
1.726278e+01	1.004113e+01	1.327734e-02	571930.000000	0.000000e+00
1.728731e+01	1.004057e+01	1.338200e-02	562956.000000	0.000000e+00
1.731188e+01	1.010158e+01	1.354545e-02	556150.000000	0.000000e+00
1.733641e+01	1.009169e+01	1.365321e-02	546334.000000	0.000000e+00
1.736091e+01	1.013402e+01	1.382148e-02	537594.000000	0.000000e+00
1.738543e+01	1.016534e+01	1.393218e-02	532360.000000	0.000000e+00
1.741000e+01	1.015437e+01	1.405474e-02	521988.000000	0.000000e+00
1.743456e+01	1.020614e+01	1.420955e-02	515896.000000	0.000000e+00
1.745909e+01	1.022717e+01	1.438715e-02	505314.000000	0.000000e+00
1.748363e+01	1.025184e+01	1.451779e-02	498658.000000	0.000000e+00
1.750818e+01	1.025551e+01	1.464974e-02	490066.000000	0.000000e+00
1.753269e+01	1.028810e+01	1.485005e-02	479970.000000	0.000000e+00
1.755722e+01	1.032552e+01	1.499075e-02	474436.000000	0.000000e+00
1.758176e+01	1.030740e+01	1.513211e-02	463980.000000	0.000000e+00
1.760629e+01	1.033071e+01	1.528533e-02	456784.000000	0.000000e+00
1.763083e+01	1.037012e+01	1.548700e-02	448366.000000	0.000000e+00
1.765539e+01	1.035487e+01	1.561230e-02	439902.000000	0.000000e+00
1.767993e+01	1.039825e+01	1.583587e-02	431158.000000	0.000000e+00
1.770446e+01	1.036212e+01	1.593648e-02	422778.000000	0.000000e+00
1.772897e+01	1.039295e+01	1.616058e-02	413584.000000	0.000000e+00
1.775351e+01	1.035582e+01	1.624279e-02	406488.000000	0.000000e+00
1.777808e+01	1.035128e+01	1.641295e-02	397754.500000	0.000000e+00
1.780261e+01	1.035527e+01	1.659983e-02	389149.000000	0.000000e+00
1.782713e+01	1.039995e+01	1.682238e-02	382197.000000	0.000000e+00
1.785169e+01	1.038805e+01	1.694944e-02	375628.000000	0.000000e+00
1.787623e+01	1.041935e+01	1.718158e-02	367752.000000	0.000000e+00
1.790076e+01	1.042737e+01	1.733284e-02	361918.000000	0.000000e+00
1.792530e+01	1.047261e+01	1.757352e-02	355134.000000	0.000000e+00
1.794985e+01	1.047050e+01	1.773217e-02	348667.000000	0.000000e+00
1.797440e+01	1.048735e+01	1.790801e-02	342955.000000	0.000000e+00
1.799891e+01	1.050925e+01	1.813763e-02	335724.000000	0.000000e+00
1.802344e+01	1.050778e+01	1.826305e-02	331036.000000	0.000000e+00
1.804802e+01	1.057191e+01	1.853216e-02	325428.000000	0.000000e+00
1.807255e+01	1.056949e+01	1.873560e-02	318253.000000	0.000000e+00
1.809707e+01	1.059467e+01	1.890588e-02	314037.000000	0.000000e+00
1.812164e+01	1.062506e+01	1.914040e-02	308149.000000	0.000000e+00
1.814617e+01	1.060631e+01	1.929195e-02	302257.000000	0.000000e+00
1.817068e+01	1.071600e+01	1.965935e-02	297117.000000	0.000000e+00
1.819523e+01	1.075003e+01	1.987190e-02	292645.000000	0.000000e+00
1.821979e+01	1.077284e+01	2.010733e-02	287046.000000	0.000000e+00
1.824431e+01	1.081696e+01	2.039380e-02	281329.000000	0.000000e+00
1.826883e+01	1.078871e+01	2.048754e-02	277306.000000	0.000000e+00
1.829337e+01	1.082222e+01	2.074295e-02	272202.000000	0.000000e+00
1.831793e+01	1.090712e+01	2.108003e-02	267718.000000	0.000000e+00
1.834250e+01	1.090087e+01	2.125702e-02	262977.000000	0.000000e+00
1.836701e+01	1.098083e+01	2.165751e-02	257071.000000	0.000000e+00
1.839152e+01	1.099724e+01	2.183153e-02	253746.000000	0.000000e+00
1.841609e+01	1.101451e+01	2.206215e-02	249250.000000	0.000000e+00
1.844064e+01	1.105405e+01	2.237029e-02	244174.000000	0.000000e+00
1.846515e+01	1.110073e+01	2.265501e-02	240090.000000	0.000000e+00
1.848971e+01	1.111478e+01	2.287947e-02	235999.000000	0.000000e+00
1.851428e+01	1.118533e+01	2.323300e-02	231786.000000	0.000000e+00
1.853881e+01	1.121362e+01	2.353296e-02	227059.000000	0.000000e+00
1.856328e+01	1.129666e+01	2.395544e-02	222378.000000	0.000000e+00
1.858784e+01	1.133903e+01	2.416419e-02	220195.000000	0.000000e+00
1.861244e+01	1.139724e+01	2.457981e-02	215002.000000	0.000000e+00
1.863693e+01	1.141405e+01	2.487571e-02	210537.000000	0.000000e+00
1.866143e+01	1.143748e+01	2.512240e-02	207271.000000	0.000000e+00
1.868601e+01	1.147415e+01	2.541223e-02	203871.000000	0.000000e+00
1.871055e+01	1.153992e+01	2.585205e-02	199258.000000	0.000000e+00
1.873503e+01	1.164856e+01	2.635644e-02	195331.000000	0.000000e+00
1.875958e+01	1.160079e+01	2.641057e-02	192939.000000	0.000000e+00
1.878417e+01	1.170872e+01	2.697582e-02	188395.000000	0.000000e+00
1.880870e+01	1.176538e+01	2.735521e-02	184983.000000	0.000000e+00
1.883322e+01	1.179047e+01	2.769677e-02	181219.000000	0.000000e+00
1.885775e+01	1.191309e+01	2.824634e-02	177879.000000	0.000000e+00
1.888231e+01	1.193973e+01	2.857155e-02	174631.000000	0.000000e+00
1.890684e+01	1.203956e+01	2.912331e-02	170899.000000	0.000000e+00
1.893134e+01	1.203689e+01	2.941510e-02	167451.000000	0.000000e+00
1.895590e+01	1.201026e+01	2.957842e-02	164875.000000	0.000000e+00
1.898046e+01	1.210188e+01	3.017344e-02	160863.000000	0.000000e+00
1.900495e+01	1.224368e+01	3.084139e-02	157600.000000	0.000000e+00
1.902946e+01	1.217926e+01	3.095024e-02	154851.000000	0.000000e+00
1.905406e+01	1.236384e+01	3.170018e-02	152119.000000	0.000000e+00
1.907863e+01	1.237080e+01	3.211181e-02	148411.000000	0.000000e+00
1.910311e+01	1.241084e+01	3.259898e-02	144942.000000	0.000000e+00
1.912765e+01	1.246744e+01	3.296660e-02	143023.000000	0.000000e+00
1.915226e+01	1.256891e+01	3.363280e-02	139659.000000	0.000000e+00
1.917678e+01	1.261931e+01	3.418875e-02	136240.000000	0.000000e+00
1.920124e+01	1.273333e+01	3.486046e-02	133419.000000	0.000000e+00
1.922581e+01	1.271688e+01	3.508256e-02	131395.000000	0.000000e+00
1.925040e+01	1.282623e+01	3.586104e-02	127924.000000	0.000000e+00
1.927489e+01	1.293470e+01	3.658208e-02	125019.000000	0.000000e+00
1.929941e+01	1.300611e+01	3.712216e-02	122752.000000	0.000000e+00
1.932402e+01	1.308713e+01	3.772792e-02	120327.000000	0.000000e+00
1.934855e+01	1.313505e+01	3.845526e-02	116668.000000	0.000000e+00
1.937298e+01	1.321091e+01	3.908912e-02	114223.000000	0.000000e+00
1.939755e+01	1.330228e+01	3.960855e-02	112791.000000	0.000000e+00
1.942217e+01	1.342179e+01	4.059537e-02	109312.000000	0.000000e+00
1.944667e+01	1.344427e+01	4.111571e-02	106920.000000	0.000000e+00
1.947113e+01	1.357919e+01	4.210627e-02	104005.000000	0.000000e+00
1.949570e+01	1.357312e+01	4.233258e-02	102804.000000	0.000000e+00
1.952032e+01	1.364325e+01	4.322357e-02	99631.000000	0.000000e+00
1.954482e+01	1.380663e+01	4.430577e-02	97108.000000	0.000000e+00
1.956930e+01	1.393299e+01	4.522006e-02	94935.000000	0.000000e+00
1.959391e+01	1.393163e+01	4.564731e-02	93148.000000	0.000000e+00
1.961850e+01	1.401628e+01	4.663087e-02	90348.000000	0.000000e+00
1.964294e+01	1.414892e+01	4.777669e-02	87703.000000	0.000000e+00
1.966740e+01	1.427180e+01	4.864494e-02	86076.000000	0.000000e+00
1.969204e+01	1.432196e+01	4.929823e-02	84400.000000	0.000000e+00
1.971660e+01	1.442031e+01	5.056459e-02	81331.000000	0.000000e+00
1.974103e+01	1.455411e+01	5.163371e-02	79452.000000	0.000000e+00
1.976563e+01	1.470059e+01	5.258265e-02	78160.000000	0.000000e+00
1.979032e+01	1.481093e+01	5.381348e-02	75750.000000	0.000000e+00
1.981482e+01	1.487789e+01	5.501019e-02	73147.000000	0.000000e+00
1.983914e+01	1.506856e+01	5.662631e-02	70812.000000	0.000000e+00
1.986374e+01	1.516893e+01	5.707449e-02	70636.000000	0.000000e+00
1.988844e+01	1.528213e+01	5.878784e-02	67576.000000	0.000000e+00
1.991292e+01	1.536073e+01	5.991559e-02	65727.000000	0.000000e+00
1.993736e+01	1.546524e+01	6.125822e-02	63736.000000	0.000000e+00
1.996197e+01	1.544654e+01	6.169346e-02	62688.000000	0.000000e+00
1.998658e+01	1.567480e+01	6.386238e-02	60244.000000	0.000000e+00
2.001095e+01	1.583208e+01	6.569839e-02	58072.000000	0.000000e+00
2.003547e+01	1.598958e+01	6.671190e-02	57447.000000	0.000000e+00
2.006019e+01	1.618017e+01	6.874915e-02	55390.000000	0.000000e+00
2.008472e+01	1.632271e+01	7.065909e-02	53364.000000	0.000000e+00
2.010903e+01	1.638271e+01	7.235398e-02	51268.000000	0.000000e+00
2.013363e+01	1.646402e+01	7.280118e-02	51144.000000	0.000000e+00
2.015842e+01	1.660390e+01	7.518391e-02	48772.000000	0.000000e+00
2.018288e+01	1.670189e+01	7.718141e-02	46828.000000	0.000000e+00
2.020721e+01	1.689348e+01	7.930947e-02	45372.000000	0.000000e+00
2.023181e+01	1.707084e+01	8.088812e-02	44539.000000	0.000000e+00
2.025650e+01	1.720408e+01	8.323689e-02	42720.000000	0.000000e+00
2.028095e+01	1.731563e+01	8.558262e-02	40936.000000	0.000000e+00
2.030542e+01	1.752954e+01	8.767179e-02	39978.000000	0.000000e+00
2.033011e+01	1.771589e+01	9.016218e-02	38608.000000	0.000000e+00
2.035466e+01	1.773663e+01	9.234320e-02	36892.000000	0.000000e+00
2.037892e+01	1.784337e+01	9.509470e-02	35208.000000	0.000000e+00
2.040348e+01	1.784219e+01	9.534329e-02	35020.000000	0.000000e+00
2.042837e+01	1.824856e+01	9.989354e-02	33372.000000	0.000000e+00
2.045281e+01	1.837381e+01	1.036564e-01	31420.000000	0.000000e+00
2.047697e+01	1.868377e+01	1.072506e-01	30348.000000	0.000000e+00
2.050165e+01	1.887178e+01	1.088837e-01	30040.000000	0.000000e+00
2.052659e+01	1.895105e+01	1.122012e-01	28528.000000	0.000000e+00
2.055100e+01	1.910778e+01	1.171089e-01	26622.000000	0.000000e+00
2.057510e+01	1.949843e+01	1.214390e-01	25780.000000	0.000000e+00
2.059985e+01	1.946372e+01	1.220014e-01	25452.000000	0.000000e+00
2.062477e+01	1.943238e+01	1.254878e-01	23980.000000	0.000000e+00
2.064904e+01	1.991168e+01	1.336264e-01	22204.000000	0.000000e+00
2.067328e+01	2.024060e+01	1.366984e-01	21924.000000	0.000000e+00
2.069813e+01	2.045734e+01	1.409946e-01	21052.000000	0.000000e+00
2.072282e+01	2.053178e+01	1.461790e-01	19728.000000	0.000000e+00
2.074689e+01	2.062342e+01	1.523861e-01	18316.000000	0.000000e+00
2.077148e+01	2.104619e+01	1.546428e-01	18522.000000	0.000000e+00
2.079650e+01	2.114267e+01	1.618904e-01	17056.000000	0.000000e+00
2.082086e+01	2.095789e+01	1.662017e-01	15901.000000	0.000000e+00
2.084494e+01	2.125502e+01	1.727879e-01	15132.000000	0.000000e+00
2.086988e+01	2.154814e+01	1.758461e-01	15016.000000	0.000000e+00
2.089484e+01	2.164959e+01	1.859173e-01	13560.000000	0.000000e+00
2.091874e+01	2.204083e+01	1.976458e-01	12436.000000	0.000000e+00
2.094286e+01	2.260065e+01	2.036839e-01	12312.000000	0.000000e+00
2.096835e+01	2.271478e+01	2.072185e-01	12016.000000	0.000000e+00
2.099333e+01	2.262536e+01	2.217107e-01	10414.000000	0.000000e+00
2.101635e+01	2.296714e+01	2.384660e-01	9276.000000	0.000000e+00
2.104066e+01	2.343504e+01	2.348087e-01	9961.000000	0.000000e+00
2.106684e+01	2.382069e+01	2.479708e-01	9228.000000	0.000000e+00
2.109169e+01	2.461022e+01	2.798785e-01	7732.000000	0.000000e+00
2.111385e+01	2.448806e+01	2.979268e-01	6756.000000	0.000000e+00
2.113864e+01	2.475787e+01	2.811217e-01	7756.000000	0.000000e+00
2.116547e+01	2.556932e+01	3.096186e-01	6820.000000	0.000000e+00
2.118998e+01	2.519435e+01	3.441928e-01	5358.000000	0.000000e+00
2.121167e+01	2.571514e+01	3.639219e-01	4993.000000	0.000000e+00
2.123701e+01	2.542832e+01	3.422537e-01	5520.000000	0.000000e+00
2.126409e+01	2.631783e+01	3.801821e-01	4792.000000	0.000000e+00
2.128812e+01	2.704958e+01	4.614598e-01	3436.000000	0.000000e+00
2.130920e+01	2.788588e+01	4.727099e-01	3480.000000	0.000000e+00
2.133536e+01	2.721963e+01	4.462235e-01	3721.000000	0.000000e+00
2.136298e+01	2.831549e+01	5.059565e-01	3132.000000	0.000000e+00
2.138535e+01	2.786495e+01	6.615786e-01	1774.000000	0.000000e+00
2.140616e+01	2.856613e+01	5.816514e-01	2412.000000	0.000000e+00
2.143360e+01	2.879472e+01	6.122381e-01	2212.000000	0.000000e+00
2.146162e+01	2.926573e+01	6.828178e-01	1837.000000	0.000000e+00
2.148292e+01	2.890339e+01	1.011821e+00	816.000000	0.000000e+00
2.150387e+01	3.187001e+01	8.604094e-01	1372.000000	0.000000e+00
2.153200e+01	2.946916e+01	8.917773e-01	1092.000000	0.000000e+00
2.156014e+01	3.079322e+01	1.059946e+00	844.000000	0.000000e+00
2.158178e+01	2.922948e+01	1.587527e+00	339.000000	0.000000e+00
2.160234e+01	3.177417e+01	1.377585e+00	532.000000	0.000000e+00
2.163046e+01	3.051271e+01	1.599301e+00	364.000000	0.000000e+00
2.165853e+01	3.173468e+01	2.101680e+00	228.000000	0.000000e+00
2.168066e+01	3.406618e+01	3.987145e+00	73.000000	0.000000e+00
2.170037e+01	2.965983e+01	3.236153e+00	84.000000	0.000000e+00
2.172766e+01	2.833791e+01	5.355362e+00	28.000000	0.000000e+00
2.175143e+01	1.987177e+01	1.147297e+01	3.000000	0.000000e+00
