# [<k> (h/Mpc)]	[<P_0(k)> (Mpc/h)^3]	[ErrorBar (Mpc/h)^3]	nModes	[<P_2(k)> (Mpc/h)^3]
3.476422e-02	1.500437e+04	4.161464e+03	13.000000	0.000000e+00
5.890282e-02	1.097718e+04	1.910881e+03	33.000000	0.000000e+00
8.378087e-02	6.477151e+03	7.287365e+02	79.000000	0.000000e+00
1.087368e-01	4.976240e+03	4.600535e+02	117.000000	0.000000e+00
1.341836e-01	3.721040e+03	2.598887e+02	205.000000	0.000000e+00
1.581206e-01	2.746761e+03	1.791789e+02	235.000000	0.000000e+00
1.826843e-01	2.127057e+03	1.107302e+02	369.000000	0.000000e+00
2.073525e-01	1.961826e+03	9.427933e+01	433.000000	0.000000e+00
2.322407e-01	1.713269e+03	7.083496e+01	585.000000	0.000000e+00
2.568838e-01	1.444143e+03	5.542114e+01	679.000000	0.000000e+00
2.811185e-01	1.310233e+03	4.595189e+01	813.000000	0.000000e+00
3.057758e-01	1.160242e+03	3.696839e+01	985.000000	0.000000e+00
3.308750e-01	1.120446e+03	3.257606e+01	1183.000000	0.000000e+00
3.553459e-01	1.038789e+03	2.916060e+01	1269.000000	0.000000e+00
3.797184e-01	8.892701e+02	2.268280e+01	1537.000000	0.000000e+00
4.042043e-01	8.665848e+02	2.131448e+01	1653.000000	0.000000e+00
4.287408e-01	7.821855e+02	1.765426e+01	1963.000000	0.000000e+00
4.533372e-01	7.660202e+02	1.663297e+01	2121.000000	0.000000e+00
4.779960e-01	7.192786e+02	1.464261e+01	2413.000000	0.000000e+00
5.026630e-01	6.825310e+02	1.329634e+01	2635.000000	0.000000e+00
5.271488e-01	6.175228e+02	1.151286e+01	2877.000000	0.000000e+00
5.515428e-01	6.012536e+02	1.068062e+01	3169.000000	0.000000e+00
5.762241e-01	5.662857e+02	9.562417e+00	3507.000000	0.000000e+00
6.007286e-01	5.701388e+02	9.392082e+00	3685.000000	0.000000e+00
6.252569e-01	5.416343e+02	8.392642e+00	4165.000000	0.000000e+00
6.499966e-01	5.263007e+02	7.955101e+00	4377.000000	0.000000e+00
6.746858e-01	4.929668e+02	7.074944e+00	4855.000000	0.000000e+00
6.991271e-01	4.861265e+02	6.924205e+00	4929.000000	0.000000e+00
7.235757e-01	4.681978e+02	6.267198e+00	5581.000000	0.000000e+00
7.479714e-01	4.517356e+02	5.994437e+00	5679.000000	0.000000e+00
7.726133e-01	4.406300e+02	5.514341e+00	6385.000000	0.000000e+00
7.972413e-01	4.224539e+02	5.218663e+00	6553.000000	0.000000e+00
8.218513e-01	4.146601e+02	4.912468e+00	7125.000000	0.000000e+00
8.464491e-01	3.978252e+02	4.610007e+00	7447.000000	0.000000e+00
8.709767e-01	3.907554e+02	4.388295e+00	7929.000000	0.000000e+00
8.955547e-01	3.759830e+02	4.113836e+00	8353.000000	0.000000e+00
9.199772e-01	3.678238e+02	3.926597e+00	8775.000000	0.000000e+00
9.444963e-01	3.663451e+02	3.796169e+00	9313.000000	0.000000e+00
9.690846e-01	3.572296e+02	3.601039e+00	9841.000000	0.000000e+00
9.935517e-01	3.493904e+02	3.461007e+00	10191.000000	0.000000e+00
1.018099e+00	3.413508e+02	3.269997e+00	10897.000000	0.000000e+00
1.042679e+00	3.325313e+02	3.128053e+00	11301.000000	0.000000e+00
1.067353e+00	3.235006e+02	2.950071e+00	12025.000000	0.000000e+00
1.092004e+00	3.146624e+02	2.823135e+00	12423.000000	0.000000e+00
1.116549e+00	3.083983e+02	2.702650e+00	13021.000000	0.000000e+00
1.140967e+00	3.045824e+02	2.630701e+00	13405.000000	0.000000e+00
1.165410e+00	2.943371e+02	2.465944e+00	14247.000000	0.000000e+00
1.189942e+00	2.845587e+02	2.350762e+00	14653.000000	0.000000e+00
1.214340e+00	2.838300e+02	2.292159e+00	15333.000000	0.000000e+00
1.238824e+00	2.775219e+02	2.197508e+00	15949.000000	0.000000e+00
1.263616e+00	2.686297e+02	2.056729e+00	17059.000000	0.000000e+00
1.288278e+00	2.645676e+02	2.023376e+00	17097.000000	0.000000e+00
1.312698e+00	2.580286e+02	1.925104e+00	17965.000000	0.000000e+00
1.337129e+00	2.522748e+02	1.853209e+00	18531.000000	0.000000e+00
1.361846e+00	2.500193e+02	1.782717e+00	19669.000000	0.000000e+00
1.386459e+00	2.438920e+02	1.729209e+00	19893.000000	0.000000e+00
1.410760e+00	2.380173e+02	1.662993e+00	20485.000000	0.000000e+00
1.435294e+00	2.378925e+02	1.613025e+00	21751.000000	0.000000e+00
1.459966e+00	2.305863e+02	1.547281e+00	22209.000000	0.000000e+00
1.484553e+00	2.268809e+02	1.494677e+00	23041.000000	0.000000e+00
1.509059e+00	2.242785e+02	1.457122e+00	23691.000000	0.000000e+00
1.533565e+00	2.177686e+02	1.392495e+00	24457.000000	0.000000e+00
1.558284e+00	2.173340e+02	1.353141e+00	25797.000000	0.000000e+00
1.582818e+00	2.127170e+02	1.328781e+00	25627.000000	0.000000e+00
1.607259e+00	2.084271e+02	1.263380e+00	27217.000000	0.000000e+00
1.631809e+00	2.042397e+02	1.230516e+00	27549.000000	0.000000e+00
1.656366e+00	2.001771e+02	1.179288e+00	28813.000000	0.000000e+00
1.680925e+00	1.980065e+02	1.155682e+00	29355.000000	0.000000e+00
1.705257e+00	1.931340e+02	1.116606e+00	29917.000000	0.000000e+00
1.729806e+00	1.905252e+02	1.070890e+00	31653.000000	0.000000e+00
1.754462e+00	1.871124e+02	1.046792e+00	31951.000000	0.000000e+00
1.778992e+00	1.821354e+02	1.001697e+00	33061.000000	0.000000e+00
1.803411e+00	1.793511e+02	9.784844e-01	33597.000000	0.000000e+00
1.827963e+00	1.783474e+02	9.506352e-01	35197.000000	0.000000e+00
1.852647e+00	1.733146e+02	9.157021e-01	35823.000000	0.000000e+00
1.877249e+00	1.716126e+02	8.927867e-01	36949.000000	0.000000e+00
1.901733e+00	1.676608e+02	8.680100e-01	37309.000000	0.000000e+00
1.926241e+00	1.645422e+02	8.323916e-01	39075.000000	0.000000e+00
1.950830e+00	1.624080e+02	8.184802e-01	39373.000000	0.000000e+00
1.975308e+00	1.611128e+02	7.973046e-01	40833.000000	0.000000e+00
1.999729e+00	1.583793e+02	7.802503e-01	41203.000000	0.000000e+00
2.024419e+00	1.543878e+02	7.386302e-01	43689.000000	0.000000e+00
2.049126e+00	1.517916e+02	7.276762e-01	43513.000000	0.000000e+00
2.073508e+00	1.507203e+02	7.149890e-01	44437.000000	0.000000e+00
2.097846e+00	1.483754e+02	6.944434e-01	45651.000000	0.000000e+00
2.122473e+00	1.451962e+02	6.663111e-01	47485.000000	0.000000e+00
2.147106e+00	1.431647e+02	6.537202e-01	47961.000000	0.000000e+00
2.171601e+00	1.410689e+02	6.363304e-01	49147.000000	0.000000e+00
2.196158e+00	1.384138e+02	6.170035e-01	50325.000000	0.000000e+00
2.220735e+00	1.366921e+02	6.014681e-01	51649.000000	0.000000e+00
2.245251e+00	1.349689e+02	5.910090e-01	52153.000000	0.000000e+00
2.269729e+00	1.330901e+02	5.730312e-01	53943.000000	0.000000e+00
2.294271e+00	1.312549e+02	5.612210e-01	54697.000000	0.000000e+00
2.318928e+00	1.285478e+02	5.396357e-01	56745.000000	0.000000e+00
2.343538e+00	1.266610e+02	5.304918e-01	57007.000000	0.000000e+00
2.368026e+00	1.250940e+02	5.173725e-01	58461.000000	0.000000e+00
2.392423e+00	1.216761e+02	5.007587e-01	59041.000000	0.000000e+00
2.416863e+00	1.200049e+02	4.858261e-01	61015.000000	0.000000e+00
2.441509e+00	1.192518e+02	4.764851e-01	62637.000000	0.000000e+00
2.466080e+00	1.170962e+02	4.658981e-01	63169.000000	0.000000e+00
2.490575e+00	1.153456e+02	4.538035e-01	64605.000000	0.000000e+00
2.515186e+00	1.138956e+02	4.417115e-01	66487.000000	0.000000e+00
2.539777e+00	1.127872e+02	4.356277e-01	67033.000000	0.000000e+00
2.564215e+00	1.112578e+02	4.259001e-01	68241.000000	0.000000e+00
2.588707e+00	1.096218e+02	4.143581e-01	69991.000000	0.000000e+00
2.613337e+00	1.076054e+02	4.024072e-01	71505.000000	0.000000e+00
2.637925e+00	1.070869e+02	3.971386e-01	72709.000000	0.000000e+00
2.662420e+00	1.043861e+02	3.851047e-01	73473.000000	0.000000e+00
2.686963e+00	1.029044e+02	3.738568e-01	75763.000000	0.000000e+00
2.711515e+00	1.023609e+02	3.706660e-01	76261.000000	0.000000e+00
2.735982e+00	1.004117e+02	3.595662e-01	77985.000000	0.000000e+00
2.760573e+00	9.907294e+01	3.502516e-01	80011.000000	0.000000e+00
2.785237e+00	9.728927e+01	3.418207e-01	81009.000000	0.000000e+00
2.809671e+00	9.674530e+01	3.386742e-01	81601.000000	0.000000e+00
2.834151e+00	9.492493e+01	3.273643e-01	84081.000000	0.000000e+00
2.858722e+00	9.360930e+01	3.207774e-01	85159.000000	0.000000e+00
2.883250e+00	9.299031e+01	3.158754e-01	86665.000000	0.000000e+00
2.907819e+00	9.117002e+01	3.067403e-01	88341.000000	0.000000e+00
2.932335e+00	9.021140e+01	3.015788e-01	89479.000000	0.000000e+00
2.956914e+00	8.871453e+01	2.932475e-01	91521.000000	0.000000e+00
2.981449e+00	8.744561e+01	2.876360e-01	92425.000000	0.000000e+00
3.005876e+00	8.665946e+01	2.832871e-01	93579.000000	0.000000e+00
3.030403e+00	8.555859e+01	2.757073e-01	96301.000000	0.000000e+00
3.055041e+00	8.421925e+01	2.695006e-01	97657.000000	0.000000e+00
3.079692e+00	8.320132e+01	2.639078e-01	99393.000000	0.000000e+00
3.104241e+00	8.211748e+01	2.594255e-01	100195.000000	0.000000e+00
3.128710e+00	8.140903e+01	2.552660e-01	101709.000000	0.000000e+00
3.153123e+00	8.038597e+01	2.504479e-01	103021.000000	0.000000e+00
3.177619e+00	7.923261e+01	2.438134e-01	105607.000000	0.000000e+00
3.202185e+00	7.860748e+01	2.405248e-01	106809.000000	0.000000e+00
3.226708e+00	7.723111e+01	2.343427e-01	108613.000000	0.000000e+00
3.251321e+00	7.625174e+01	2.290958e-01	110781.000000	0.000000e+00
3.275882e+00	7.521572e+01	2.251090e-01	111643.000000	0.000000e+00
3.300393e+00	7.454389e+01	2.211090e-01	113661.000000	0.000000e+00
3.324955e+00	7.351613e+01	2.165417e-01	115261.000000	0.000000e+00
3.349528e+00	7.290079e+01	2.126961e-01	117475.000000	0.000000e+00
3.374087e+00	7.203152e+01	2.093471e-01	118389.000000	0.000000e+00
3.398541e+00	7.100639e+01	2.049667e-01	120013.000000	0.000000e+00
3.423011e+00	7.025883e+01	2.012338e-01	121899.000000	0.000000e+00
3.447546e+00	6.912498e+01	1.962092e-01	124117.000000	0.000000e+00
3.472176e+00	6.852574e+01	1.925389e-01	126669.000000	0.000000e+00
3.496772e+00	6.774402e+01	1.901235e-01	126961.000000	0.000000e+00
3.521302e+00	6.703237e+01	1.859895e-01	129895.000000	0.000000e+00
3.545845e+00	6.593191e+01	1.825389e-01	130461.000000	0.000000e+00
3.570351e+00	6.560817e+01	1.796837e-01	133321.000000	0.000000e+00
3.594817e+00	6.452350e+01	1.765132e-01	133623.000000	0.000000e+00
3.619340e+00	6.426442e+01	1.733631e-01	137413.000000	0.000000e+00
3.643921e+00	6.331309e+01	1.702845e-01	138241.000000	0.000000e+00
3.668501e+00	6.243639e+01	1.662985e-01	140961.000000	0.000000e+00
3.693083e+00	6.169035e+01	1.635624e-01	142255.000000	0.000000e+00
3.717636e+00	6.068363e+01	1.598239e-01	144165.000000	0.000000e+00
3.742123e+00	6.040927e+01	1.584410e-01	145369.000000	0.000000e+00
3.766623e+00	5.974581e+01	1.552017e-01	148191.000000	0.000000e+00
3.791211e+00	5.915464e+01	1.526385e-01	150193.000000	0.000000e+00
3.815740e+00	5.831401e+01	1.498303e-01	151477.000000	0.000000e+00
3.840250e+00	5.765415e+01	1.470315e-01	153759.000000	0.000000e+00
3.864816e+00	5.737608e+01	1.452112e-01	156121.000000	0.000000e+00
3.889416e+00	5.680344e+01	1.428011e-01	158229.000000	0.000000e+00
3.913984e+00	5.602385e+01	1.402293e-01	159613.000000	0.000000e+00
3.938439e+00	5.512093e+01	1.374373e-01	160851.000000	0.000000e+00
3.962856e+00	5.474224e+01	1.356116e-01	162949.000000	0.000000e+00
3.987408e+00	5.404561e+01	1.323071e-01	166861.000000	0.000000e+00
4.011951e+00	5.359597e+01	1.311725e-01	166947.000000	0.000000e+00
4.036502e+00	5.306130e+01	1.283874e-01	170809.000000	0.000000e+00
4.061101e+00	5.261909e+01	1.268608e-01	172041.000000	0.000000e+00
4.085632e+00	5.205558e+01	1.248622e-01	173809.000000	0.000000e+00
4.110226e+00	5.164783e+01	1.226326e-01	177375.000000	0.000000e+00
4.134760e+00	5.096964e+01	1.211583e-01	176977.000000	0.000000e+00
4.159247e+00	5.054337e+01	1.188585e-01	180829.000000	0.000000e+00
4.183807e+00	4.981356e+01	1.165782e-01	182583.000000	0.000000e+00
4.208321e+00	4.930846e+01	1.149181e-01	184105.000000	0.000000e+00
4.232839e+00	4.889299e+01	1.129759e-01	187293.000000	0.000000e+00
4.257376e+00	4.857235e+01	1.119259e-01	188329.000000	0.000000e+00
4.281944e+00	4.776009e+01	1.088692e-01	192451.000000	0.000000e+00
4.306505e+00	4.744232e+01	1.081072e-01	192585.000000	0.000000e+00
4.331033e+00	4.679774e+01	1.056738e-01	196117.000000	0.000000e+00
4.355617e+00	4.633444e+01	1.040745e-01	198207.000000	0.000000e+00
4.380161e+00	4.603569e+01	1.030428e-01	199597.000000	0.000000e+00
4.404676e+00	4.577097e+01	1.016990e-01	202557.000000	0.000000e+00
4.429249e+00	4.514622e+01	9.974855e-02	204847.000000	0.000000e+00
4.453772e+00	4.490833e+01	9.886308e-02	206341.000000	0.000000e+00
4.478282e+00	4.422980e+01	9.669778e-02	209217.000000	0.000000e+00
4.502777e+00	4.397818e+01	9.585307e-02	210505.000000	0.000000e+00
4.527289e+00	4.363528e+01	9.426007e-02	214299.000000	0.000000e+00
4.551889e+00	4.290793e+01	9.220266e-02	216565.000000	0.000000e+00
4.576426e+00	4.267987e+01	9.144780e-02	217821.000000	0.000000e+00
4.600893e+00	4.218234e+01	8.990547e-02	220135.000000	0.000000e+00
4.625467e+00	4.172589e+01	8.810208e-02	224305.000000	0.000000e+00
4.650035e+00	4.164690e+01	8.781635e-02	224913.000000	0.000000e+00
4.674541e+00	4.111974e+01	8.616554e-02	227737.000000	0.000000e+00
4.699104e+00	4.048786e+01	8.427020e-02	230835.000000	0.000000e+00
4.723670e+00	4.030045e+01	8.352950e-02	232777.000000	0.000000e+00
4.748182e+00	3.998227e+01	8.258597e-02	234381.000000	0.000000e+00
4.772682e+00	3.958642e+01	8.120312e-02	237655.000000	0.000000e+00
4.797203e+00	3.925316e+01	8.023943e-02	239317.000000	0.000000e+00
4.821755e+00	3.888098e+01	7.878703e-02	243537.000000	0.000000e+00
4.846361e+00	3.861582e+01	7.797962e-02	245227.000000	0.000000e+00
4.870915e+00	3.811884e+01	7.665753e-02	247269.000000	0.000000e+00
4.895426e+00	3.788383e+01	7.582456e-02	249625.000000	0.000000e+00
4.919952e+00	3.769302e+01	7.503614e-02	252337.000000	0.000000e+00
4.944496e+00	3.722519e+01	7.366791e-02	255339.000000	0.000000e+00
4.969013e+00	3.682757e+01	7.272087e-02	256465.000000	0.000000e+00
4.993562e+00	3.660190e+01	7.160715e-02	261273.000000	0.000000e+00
5.018138e+00	3.623834e+01	7.076142e-02	262267.000000	0.000000e+00
5.042642e+00	3.590526e+01	6.979057e-02	264681.000000	0.000000e+00
5.067215e+00	3.547192e+01	6.838119e-02	269089.000000	0.000000e+00
5.091775e+00	3.539031e+01	6.819044e-02	269353.000000	0.000000e+00
5.116309e+00	3.511337e+01	6.707635e-02	274035.000000	0.000000e+00
5.140838e+00	3.475604e+01	6.636494e-02	274273.000000	0.000000e+00
5.165333e+00	3.451344e+01	6.539769e-02	278517.000000	0.000000e+00
5.189818e+00	3.426556e+01	6.482078e-02	279439.000000	0.000000e+00
5.214351e+00	3.388442e+01	6.349841e-02	284757.000000	0.000000e+00
5.238947e+00	3.371020e+01	6.298992e-02	286405.000000	0.000000e+00
5.263479e+00	3.333766e+01	6.206474e-02	288523.000000	0.000000e+00
5.288002e+00	3.307479e+01	6.124363e-02	291657.000000	0.000000e+00
5.312546e+00	3.270093e+01	6.027138e-02	294373.000000	0.000000e+00
5.337121e+00	3.257997e+01	5.969941e-02	297825.000000	0.000000e+00
5.361672e+00	3.232390e+01	5.907706e-02	299371.000000	0.000000e+00
5.386196e+00	3.203011e+01	5.822570e-02	302613.000000	0.000000e+00
5.410715e+00	3.181394e+01	5.764066e-02	304633.000000	0.000000e+00
5.435244e+00	3.150504e+01	5.671963e-02	308527.000000	0.000000e+00
5.459823e+00	3.120292e+01	5.591949e-02	311361.000000	0.000000e+00
5.484389e+00	3.102183e+01	5.535193e-02	314101.000000	0.000000e+00
5.508889e+00	3.078084e+01	5.486467e-02	314757.000000	0.000000e+00
5.533464e+00	3.052919e+01	5.378935e-02	322135.000000	0.000000e+00
5.558036e+00	3.029170e+01	5.353820e-02	320125.000000	0.000000e+00
5.582484e+00	3.000083e+01	5.265272e-02	324657.000000	0.000000e+00
5.606956e+00	2.970258e+01	5.198744e-02	326431.000000	0.000000e+00
5.631560e+00	2.955995e+01	5.117819e-02	333609.000000	0.000000e+00
5.656168e+00	2.927142e+01	5.072488e-02	333001.000000	0.000000e+00
5.680698e+00	2.904685e+01	5.005809e-02	336705.000000	0.000000e+00
5.705204e+00	2.886315e+01	4.961362e-02	338443.000000	0.000000e+00
5.729704e+00	2.875274e+01	4.915314e-02	342181.000000	0.000000e+00
5.754232e+00	2.836443e+01	4.828011e-02	345153.000000	0.000000e+00
5.778772e+00	2.812492e+01	4.763386e-02	348619.000000	0.000000e+00
5.803342e+00	2.792267e+01	4.710187e-02	351429.000000	0.000000e+00
5.827902e+00	2.767705e+01	4.647118e-02	354709.000000	0.000000e+00
5.852409e+00	2.756928e+01	4.621822e-02	355815.000000	0.000000e+00
5.876957e+00	2.735958e+01	4.549094e-02	361717.000000	0.000000e+00
5.901534e+00	2.716424e+01	4.509589e-02	362845.000000	0.000000e+00
5.926030e+00	2.696497e+01	4.462168e-02	365181.000000	0.000000e+00
5.950548e+00	2.685806e+01	4.416350e-02	369847.000000	0.000000e+00
5.975137e+00	2.652142e+01	4.341589e-02	373161.000000	0.000000e+00
5.999657e+00	2.629717e+01	4.300708e-02	373885.000000	0.000000e+00
6.024161e+00	2.623361e+01	4.261337e-02	378987.000000	0.000000e+00
6.048714e+00	2.600580e+01	4.211628e-02	381277.000000	0.000000e+00
6.073267e+00	2.584045e+01	4.161987e-02	385477.000000	0.000000e+00
6.097868e+00	2.561212e+01	4.107308e-02	388845.000000	0.000000e+00
6.122369e+00	2.542353e+01	4.078270e-02	388615.000000	0.000000e+00
6.146867e+00	2.521067e+01	4.010874e-02	395085.000000	0.000000e+00
6.171452e+00	2.511207e+01	3.983629e-02	397381.000000	0.000000e+00
6.195974e+00	2.487691e+01	3.934020e-02	399871.000000	0.000000e+00
6.220444e+00	2.469013e+01	3.896587e-02	401493.000000	0.000000e+00
6.244986e+00	2.460846e+01	3.848188e-02	408937.000000	0.000000e+00
6.269588e+00	2.427261e+01	3.791711e-02	409791.000000	0.000000e+00
6.294124e+00	2.412645e+01	3.754132e-02	413017.000000	0.000000e+00
6.318633e+00	2.399990e+01	3.722096e-02	415761.000000	0.000000e+00
6.343202e+00	2.381326e+01	3.670688e-02	420865.000000	0.000000e+00
6.367770e+00	2.365815e+01	3.638565e-02	422767.000000	0.000000e+00
6.392288e+00	2.351395e+01	3.605090e-02	425421.000000	0.000000e+00
6.416837e+00	2.335101e+01	3.558824e-02	430525.000000	0.000000e+00
6.441383e+00	2.318043e+01	3.527856e-02	431739.000000	0.000000e+00
6.465913e+00	2.302696e+01	3.485235e-02	436525.000000	0.000000e+00
6.490433e+00	2.293276e+01	3.463716e-02	438357.000000	0.000000e+00
6.514946e+00	2.266752e+01	3.408049e-02	442381.000000	0.000000e+00
6.539518e+00	2.256731e+01	3.373298e-02	447559.000000	0.000000e+00
6.564059e+00	2.236726e+01	3.342715e-02	447741.000000	0.000000e+00
6.588587e+00	2.226426e+01	3.304842e-02	453853.000000	0.000000e+00
6.613110e+00	2.206397e+01	3.273027e-02	454431.000000	0.000000e+00
6.637622e+00	2.193556e+01	3.234359e-02	459961.000000	0.000000e+00
6.662172e+00	2.175336e+01	3.197747e-02	462769.000000	0.000000e+00
6.686693e+00	2.161660e+01	3.167428e-02	465759.000000	0.000000e+00
6.711227e+00	2.147025e+01	3.131901e-02	469957.000000	0.000000e+00
6.735777e+00	2.130826e+01	3.096682e-02	473481.000000	0.000000e+00
6.760323e+00	2.121694e+01	3.074451e-02	476245.000000	0.000000e+00
6.784855e+00	2.104454e+01	3.036559e-02	480303.000000	0.000000e+00
6.809427e+00	2.094565e+01	3.008945e-02	484573.000000	0.000000e+00
6.833979e+00	2.084534e+01	2.988620e-02	486493.000000	0.000000e+00
6.858503e+00	2.070503e+01	2.956020e-02	490611.000000	0.000000e+00
6.883055e+00	2.056603e+01	2.925290e-02	494269.000000	0.000000e+00
6.907584e+00	2.040297e+01	2.893305e-02	497277.000000	0.000000e+00
6.932134e+00	2.031233e+01	2.867769e-02	501685.000000	0.000000e+00
6.956669e+00	2.010278e+01	2.831279e-02	504135.000000	0.000000e+00
6.981221e+00	1.998328e+01	2.800556e-02	509149.000000	0.000000e+00
7.005753e+00	1.984933e+01	2.777760e-02	510625.000000	0.000000e+00
7.030233e+00	1.970922e+01	2.747899e-02	514443.000000	0.000000e+00
7.054782e+00	1.965533e+01	2.725617e-02	520033.000000	0.000000e+00
7.079343e+00	1.951911e+01	2.699583e-02	522789.000000	0.000000e+00
7.103883e+00	1.934696e+01	2.667572e-02	526009.000000	0.000000e+00
7.128424e+00	1.925289e+01	2.643403e-02	530475.000000	0.000000e+00
7.152965e+00	1.914186e+01	2.621944e-02	532993.000000	0.000000e+00
7.177501e+00	1.896905e+01	2.587288e-02	537529.000000	0.000000e+00
7.202013e+00	1.887190e+01	2.568876e-02	539691.000000	0.000000e+00
7.226577e+00	1.875655e+01	2.536901e-02	546637.000000	0.000000e+00
7.251125e+00	1.866944e+01	2.524380e-02	546957.000000	0.000000e+00
7.275651e+00	1.858222e+01	2.499601e-02	552655.000000	0.000000e+00
7.300226e+00	1.841689e+01	2.468386e-02	556681.000000	0.000000e+00
7.324759e+00	1.833836e+01	2.453852e-02	558501.000000	0.000000e+00
7.349299e+00	1.818242e+01	2.420683e-02	564193.000000	0.000000e+00
7.373825e+00	1.808955e+01	2.405426e-02	565551.000000	0.000000e+00
7.398312e+00	1.796068e+01	2.379299e-02	569833.000000	0.000000e+00
7.422892e+00	1.792654e+01	2.359187e-02	577389.000000	0.000000e+00
7.447442e+00	1.771042e+01	2.332882e-02	576331.000000	0.000000e+00
7.471956e+00	1.765361e+01	2.312352e-02	582853.000000	0.000000e+00
7.496499e+00	1.752703e+01	2.289801e-02	585897.000000	0.000000e+00
7.521014e+00	1.746939e+01	2.276953e-02	588637.000000	0.000000e+00
7.545557e+00	1.734291e+01	2.247873e-02	595251.000000	0.000000e+00
7.570086e+00	1.721028e+01	2.229563e-02	595849.000000	0.000000e+00
7.594613e+00	1.713166e+01	2.207547e-02	602253.000000	0.000000e+00
7.619172e+00	1.697728e+01	2.181126e-02	605863.000000	0.000000e+00
7.643756e+00	1.692464e+01	2.165429e-02	610873.000000	0.000000e+00
7.668263e+00	1.683821e+01	2.155289e-02	610353.000000	0.000000e+00
7.692777e+00	1.674648e+01	2.129198e-02	618607.000000	0.000000e+00
7.717371e+00	1.663988e+01	2.109552e-02	622185.000000	0.000000e+00
7.741929e+00	1.654895e+01	2.092898e-02	625237.000000	0.000000e+00
7.766457e+00	1.643352e+01	2.073675e-02	628029.000000	0.000000e+00
7.790953e+00	1.634120e+01	2.055578e-02	631975.000000	0.000000e+00
7.815489e+00	1.624135e+01	2.034106e-02	637525.000000	0.000000e+00
7.840050e+00	1.615505e+01	2.016539e-02	641805.000000	0.000000e+00
7.864588e+00	1.605540e+01	2.000181e-02	644323.000000	0.000000e+00
7.889126e+00	1.595517e+01	1.979926e-02	649389.000000	0.000000e+00
7.913643e+00	1.587586e+01	1.966575e-02	651709.000000	0.000000e+00
7.938181e+00	1.577082e+01	1.943746e-02	658309.000000	0.000000e+00
7.962760e+00	1.573637e+01	1.933198e-02	662607.000000	0.000000e+00
7.987311e+00	1.560785e+01	1.915056e-02	664237.000000	0.000000e+00
8.011811e+00	1.547183e+01	1.892773e-02	668169.000000	0.000000e+00
8.036325e+00	1.544179e+01	1.881446e-02	673615.000000	0.000000e+00
8.060868e+00	1.531123e+01	1.859977e-02	677649.000000	0.000000e+00
8.085446e+00	1.527217e+01	1.846744e-02	683893.000000	0.000000e+00
8.109989e+00	1.517828e+01	1.835374e-02	683905.000000	0.000000e+00
8.134471e+00	1.509909e+01	1.819232e-02	688851.000000	0.000000e+00
8.159038e+00	1.499174e+01	1.795465e-02	697189.000000	0.000000e+00
8.183598e+00	1.492916e+01	1.789177e-02	696249.000000	0.000000e+00
8.208073e+00	1.486600e+01	1.775059e-02	701395.000000	0.000000e+00
8.232590e+00	1.479465e+01	1.760150e-02	706497.000000	0.000000e+00
8.257144e+00	1.469000e+01	1.740584e-02	712285.000000	0.000000e+00
8.281710e+00	1.459756e+01	1.725544e-02	715663.000000	0.000000e+00
8.306271e+00	1.451059e+01	1.710022e-02	720057.000000	0.000000e+00
8.330826e+00	1.446549e+01	1.699372e-02	724585.000000	0.000000e+00
8.355374e+00	1.438275e+01	1.686545e-02	727257.000000	0.000000e+00
8.379901e+00	1.429996e+01	1.670594e-02	732703.000000	0.000000e+00
8.404418e+00	1.422329e+01	1.659231e-02	734829.000000	0.000000e+00
8.428928e+00	1.412497e+01	1.641231e-02	740689.000000	0.000000e+00
8.453504e+00	1.402044e+01	1.621126e-02	747979.000000	0.000000e+00
8.478051e+00	1.398196e+01	1.617765e-02	746973.000000	0.000000e+00
8.502580e+00	1.391341e+01	1.599825e-02	756349.000000	0.000000e+00
8.527138e+00	1.386607e+01	1.594082e-02	756633.000000	0.000000e+00
8.551634e+00	1.377633e+01	1.578593e-02	761599.000000	0.000000e+00
8.576156e+00	1.370493e+01	1.564697e-02	767173.000000	0.000000e+00
8.600697e+00	1.362931e+01	1.551934e-02	771261.000000	0.000000e+00
8.625259e+00	1.354970e+01	1.536631e-02	777535.000000	0.000000e+00
8.649836e+00	1.348024e+01	1.525717e-02	780633.000000	0.000000e+00
8.674376e+00	1.340568e+01	1.513314e-02	784729.000000	0.000000e+00
8.698927e+00	1.334527e+01	1.501701e-02	789747.000000	0.000000e+00
8.723450e+00	1.328016e+01	1.492348e-02	791893.000000	0.000000e+00
8.747957e+00	1.319350e+01	1.477224e-02	797677.000000	0.000000e+00
8.772521e+00	1.313724e+01	1.464739e-02	804429.000000	0.000000e+00
8.797047e+00	1.304519e+01	1.454380e-02	804535.000000	0.000000e+00
8.821541e+00	1.300067e+01	1.443751e-02	810861.000000	0.000000e+00
8.846076e+00	1.294471e+01	1.432718e-02	816325.000000	0.000000e+00
8.870641e+00	1.289126e+01	1.421524e-02	822399.000000	0.000000e+00
8.895170e+00	1.285096e+01	1.416989e-02	822505.000000	0.000000e+00
8.919713e+00	1.273651e+01	1.395782e-02	832657.000000	0.000000e+00
8.944263e+00	1.270300e+01	1.392775e-02	831861.000000	0.000000e+00
8.968772e+00	1.263595e+01	1.379241e-02	839335.000000	0.000000e+00
8.993334e+00	1.256677e+01	1.367326e-02	844701.000000	0.000000e+00
9.017895e+00	1.251452e+01	1.359034e-02	847945.000000	0.000000e+00
9.042430e+00	1.245407e+01	1.348523e-02	852915.000000	0.000000e+00
9.066970e+00	1.237971e+01	1.337438e-02	856789.000000	0.000000e+00
9.091538e+00	1.234672e+01	1.327603e-02	864901.000000	0.000000e+00
9.116063e+00	1.227210e+01	1.321450e-02	862455.000000	0.000000e+00
9.140573e+00	1.218337e+01	1.303589e-02	873481.000000	0.000000e+00
9.165140e+00	1.217201e+01	1.300618e-02	875841.000000	0.000000e+00
9.189653e+00	1.207905e+01	1.288547e-02	878749.000000	0.000000e+00
9.214176e+00	1.202157e+01	1.276791e-02	886507.000000	0.000000e+00
9.238722e+00	1.196995e+01	1.269428e-02	889137.000000	0.000000e+00
9.263252e+00	1.192695e+01	1.260568e-02	895213.000000	0.000000e+00
9.287810e+00	1.186453e+01	1.250171e-02	900663.000000	0.000000e+00
9.312363e+00	1.179968e+01	1.240862e-02	904261.000000	0.000000e+00
9.336898e+00	1.175476e+01	1.232832e-02	909117.000000	0.000000e+00
9.361428e+00	1.171850e+01	1.226455e-02	912937.000000	0.000000e+00
9.385969e+00	1.164860e+01	1.214443e-02	920011.000000	0.000000e+00
9.410496e+00	1.158989e+01	1.207510e-02	921249.000000	0.000000e+00
9.435027e+00	1.154533e+01	1.197179e-02	930025.000000	0.000000e+00
9.459577e+00	1.149398e+01	1.190395e-02	932307.000000	0.000000e+00
9.484080e+00	1.145309e+01	1.183877e-02	935905.000000	0.000000e+00
9.508599e+00	1.139473e+01	1.172866e-02	943869.000000	0.000000e+00
9.533177e+00	1.136466e+01	1.166318e-02	949465.000000	0.000000e+00
9.557740e+00	1.129477e+01	1.157096e-02	952831.000000	0.000000e+00
9.582283e+00	1.125898e+01	1.150513e-02	957669.000000	0.000000e+00
9.606825e+00	1.118905e+01	1.140538e-02	962425.000000	0.000000e+00
9.631356e+00	1.115817e+01	1.134690e-02	967011.000000	0.000000e+00
9.655881e+00	1.109936e+01	1.126198e-02	971329.000000	0.000000e+00
9.680426e+00	1.105046e+01	1.116974e-02	978757.000000	0.000000e+00
9.704942e+00	1.100683e+01	1.112474e-02	978915.000000	0.000000e+00
9.729497e+00	1.095390e+01	1.100035e-02	991573.000000	0.000000e+00
9.754046e+00	1.091291e+01	1.097330e-02	989025.000000	0.000000e+00
9.778535e+00	1.084855e+01	1.087201e-02	995689.000000	0.000000e+00
9.803103e+00	1.081214e+01	1.077767e-02	1006407.000000	0.000000e+00
9.827649e+00	1.077315e+01	1.075543e-02	1003297.000000	0.000000e+00
9.852180e+00	1.072666e+01	1.064410e-02	1015573.000000	0.000000e+00
9.876731e+00	1.068262e+01	1.060258e-02	1015155.000000	0.000000e+00
9.901284e+00	1.062365e+01	1.049266e-02	1025125.000000	0.000000e+00
9.925835e+00	1.057945e+01	1.044340e-02	1026225.000000	0.000000e+00
9.950350e+00	1.052853e+01	1.036708e-02	1031389.000000	0.000000e+00
9.974902e+00	1.049398e+01	1.028992e-02	1040055.000000	0.000000e+00
9.999429e+00	1.045416e+01	1.025616e-02	1038985.000000	0.000000e+00
1.002392e+01	1.040016e+01	1.016078e-02	1047673.000000	0.000000e+00
1.004849e+01	1.039167e+01	1.011495e-02	1055463.000000	0.000000e+00
1.007303e+01	1.034688e+01	1.006799e-02	1056169.000000	0.000000e+00
1.009756e+01	1.028689e+01	9.970401e-03	1064493.000000	0.000000e+00
1.012209e+01	1.024614e+01	9.921077e-03	1066603.000000	0.000000e+00
1.014664e+01	1.021216e+01	9.843696e-03	1076265.000000	0.000000e+00
1.017120e+01	1.016801e+01	9.791518e-03	1078381.000000	0.000000e+00
1.019572e+01	1.012464e+01	9.731522e-03	1082425.000000	0.000000e+00
1.022025e+01	1.009972e+01	9.671761e-03	1090455.000000	0.000000e+00
1.024479e+01	1.006105e+01	9.621513e-03	1093453.000000	0.000000e+00
1.026933e+01	1.001255e+01	9.545129e-03	1100337.000000	0.000000e+00
1.029386e+01	9.972725e+00	9.490317e-03	1104247.000000	0.000000e+00
1.031842e+01	9.935220e+00	9.420978e-03	1112149.000000	0.000000e+00
1.034296e+01	9.911029e+00	9.386619e-03	1114857.000000	0.000000e+00
1.036749e+01	9.886936e+00	9.342139e-03	1120033.000000	0.000000e+00
1.039203e+01	9.842447e+00	9.268667e-03	1127643.000000	0.000000e+00
1.041655e+01	9.811264e+00	9.236460e-03	1128337.000000	0.000000e+00
1.044111e+01	9.770439e+00	9.144324e-03	1141629.000000	0.000000e+00
1.046570e+01	9.729150e+00	9.103631e-03	1142143.000000	0.000000e+00
1.049021e+01	9.681954e+00	9.048662e-03	1144873.000000	0.000000e+00
1.051473e+01	9.656588e+00	8.988537e-03	1154169.000000	0.000000e+00
1.053925e+01	9.634027e+00	8.964237e-03	1155019.000000	0.000000e+00
1.056380e+01	9.590955e+00	8.873863e-03	1168149.000000	0.000000e+00
1.058835e+01	9.570677e+00	8.860823e-03	1166641.000000	0.000000e+00
1.061283e+01	9.514751e+00	8.793426e-03	1170789.000000	0.000000e+00
1.063739e+01	9.504312e+00	8.728273e-03	1185727.000000	0.000000e+00
1.066197e+01	9.458994e+00	8.692749e-03	1184065.000000	0.000000e+00
1.068650e+01	9.449762e+00	8.657256e-03	1191465.000000	0.000000e+00
1.071103e+01	9.398738e+00	8.599568e-03	1194499.000000	0.000000e+00
1.073555e+01	9.371371e+00	8.547984e-03	1201929.000000	0.000000e+00
1.076011e+01	9.356740e+00	8.507826e-03	1209517.000000	0.000000e+00
1.078466e+01	9.318830e+00	8.463173e-03	1212429.000000	0.000000e+00
1.080918e+01	9.287878e+00	8.419584e-03	1216891.000000	0.000000e+00
1.083370e+01	9.249788e+00	8.365096e-03	1222705.000000	0.000000e+00
1.085823e+01	9.225602e+00	8.316184e-03	1230669.000000	0.000000e+00
1.088282e+01	9.181506e+00	8.247940e-03	1239187.000000	0.000000e+00
1.090737e+01	9.177635e+00	8.249371e-03	1237713.000000	0.000000e+00
1.093189e+01	9.125540e+00	8.172753e-03	1246753.000000	0.000000e+00
1.095642e+01	9.110088e+00	8.147512e-03	1250245.000000	0.000000e+00
1.098096e+01	9.093704e+00	8.100958e-03	1260111.000000	0.000000e+00
1.100552e+01	9.066283e+00	8.070660e-03	1261945.000000	0.000000e+00
1.103005e+01	9.029650e+00	8.016746e-03	1268661.000000	0.000000e+00
1.105458e+01	9.002486e+00	7.975604e-03	1274083.000000	0.000000e+00
1.107911e+01	8.980868e+00	7.939861e-03	1279413.000000	0.000000e+00
1.110366e+01	8.961329e+00	7.897872e-03	1287433.000000	0.000000e+00
1.112821e+01	8.936813e+00	7.864966e-03	1291135.000000	0.000000e+00
1.115273e+01	8.905098e+00	7.823717e-03	1295541.000000	0.000000e+00
1.117726e+01	8.892920e+00	7.790811e-03	1302937.000000	0.000000e+00
1.120181e+01	8.861902e+00	7.743741e-03	1309641.000000	0.000000e+00
1.122634e+01	8.837084e+00	7.713936e-03	1312399.000000	0.000000e+00
1.125085e+01	8.843705e+00	7.700932e-03	1318809.000000	0.000000e+00
1.127541e+01	8.793432e+00	7.626051e-03	1329589.000000	0.000000e+00
1.129999e+01	8.782966e+00	7.610880e-03	1331719.000000	0.000000e+00
1.132451e+01	8.769257e+00	7.589017e-03	1335225.000000	0.000000e+00
1.134903e+01	8.742911e+00	7.542350e-03	1343689.000000	0.000000e+00
1.137357e+01	8.730662e+00	7.519248e-03	1348173.000000	0.000000e+00
1.139811e+01	8.716006e+00	7.484247e-03	1356247.000000	0.000000e+00
1.142265e+01	8.690350e+00	7.454959e-03	1358889.000000	0.000000e+00
1.144718e+01	8.684302e+00	7.427036e-03	1367221.000000	0.000000e+00
1.147174e+01	8.658115e+00	7.386236e-03	1374043.000000	0.000000e+00
1.149628e+01	8.637655e+00	7.360136e-03	1377273.000000	0.000000e+00
1.152079e+01	8.624797e+00	7.338180e-03	1381405.000000	0.000000e+00
1.154533e+01	8.592620e+00	7.280253e-03	1393023.000000	0.000000e+00
1.156988e+01	8.578134e+00	7.265700e-03	1393897.000000	0.000000e+00
1.159441e+01	8.575968e+00	7.240467e-03	1402921.000000	0.000000e+00
1.161895e+01	8.547731e+00	7.204354e-03	1407705.000000	0.000000e+00
1.164349e+01	8.536588e+00	7.178464e-03	1414183.000000	0.000000e+00
1.166804e+01	8.527062e+00	7.156283e-03	1419789.000000	0.000000e+00
1.169259e+01	8.511352e+00	7.124176e-03	1427341.000000	0.000000e+00
1.171712e+01	8.507815e+00	7.117382e-03	1428879.000000	0.000000e+00
1.174164e+01	8.464909e+00	7.058383e-03	1438249.000000	0.000000e+00
1.176619e+01	8.476385e+00	7.050532e-03	1445365.000000	0.000000e+00
1.179072e+01	8.451852e+00	7.027074e-03	1446621.000000	0.000000e+00
1.181525e+01	8.442922e+00	6.993539e-03	1457443.000000	0.000000e+00
1.183979e+01	8.425000e+00	6.970057e-03	1461057.000000	0.000000e+00
1.186435e+01	8.418614e+00	6.943440e-03	1470049.000000	0.000000e+00
1.188889e+01	8.414827e+00	6.932394e-03	1473411.000000	0.000000e+00
1.191343e+01	8.404098e+00	6.908329e-03	1479913.000000	0.000000e+00
1.193797e+01	8.411766e+00	6.898625e-03	1486789.000000	0.000000e+00
1.196251e+01	8.388544e+00	6.868276e-03	1491687.000000	0.000000e+00
1.198703e+01	8.384978e+00	6.852858e-03	1497133.000000	0.000000e+00
1.201156e+01	8.371461e+00	6.823767e-03	1505061.000000	0.000000e+00
1.203612e+01	8.366863e+00	6.805511e-03	1511485.000000	0.000000e+00
1.206065e+01	8.354657e+00	6.786694e-03	1515447.000000	0.000000e+00
1.208515e+01	8.356916e+00	6.778744e-03	1519825.000000	0.000000e+00
1.210971e+01	8.342663e+00	6.732113e-03	1535701.000000	0.000000e+00
1.213428e+01	8.340376e+00	6.738271e-03	1532055.000000	0.000000e+00
1.215881e+01	8.332246e+00	6.703309e-03	1545061.000000	0.000000e+00
1.218336e+01	8.322730e+00	6.694467e-03	1545609.000000	0.000000e+00
1.220787e+01	8.334441e+00	6.689119e-03	1552441.000000	0.000000e+00
1.223242e+01	8.329636e+00	6.660813e-03	1563859.000000	0.000000e+00
1.225696e+01	8.323318e+00	6.656369e-03	1563573.000000	0.000000e+00
1.228148e+01	8.326619e+00	6.637715e-03	1573621.000000	0.000000e+00
1.230602e+01	8.329931e+00	6.629693e-03	1578687.000000	0.000000e+00
1.233056e+01	8.323223e+00	6.609854e-03	1585621.000000	0.000000e+00
1.235512e+01	8.325279e+00	6.591546e-03	1595229.000000	0.000000e+00
1.237965e+01	8.313009e+00	6.585738e-03	1593337.000000	0.000000e+00
1.240419e+01	8.325558e+00	6.561974e-03	1609747.000000	0.000000e+00
1.242874e+01	8.321495e+00	6.564104e-03	1607133.000000	0.000000e+00
1.245325e+01	8.328965e+00	6.551353e-03	1616293.000000	0.000000e+00
1.247780e+01	8.322933e+00	6.523807e-03	1627611.000000	0.000000e+00
1.250235e+01	8.337494e+00	6.537563e-03	1626445.000000	0.000000e+00
1.252688e+01	8.338285e+00	6.512964e-03	1639065.000000	0.000000e+00
1.255143e+01	8.350864e+00	6.517689e-03	1641631.000000	0.000000e+00
1.257596e+01	8.353114e+00	6.512549e-03	1645109.500000	0.000000e+00
1.260049e+01	8.320303e+00	6.492605e-03	1642254.000000	0.000000e+00
1.262503e+01	8.303646e+00	6.485775e-03	1639132.000000	0.000000e+00
1.264958e+01	8.279783e+00	6.471516e-03	1636914.000000	0.000000e+00
1.267411e+01	8.255792e+00	6.465079e-03	1630684.000000	0.000000e+00
1.269864e+01	8.226072e+00	6.445684e-03	1628722.000000	0.000000e+00
1.272316e+01	8.197859e+00	6.432074e-03	1624422.000000	0.000000e+00
1.274773e+01	8.187517e+00	6.418335e-03	1627270.000000	0.000000e+00
1.277225e+01	8.161847e+00	6.428166e-03	1612140.000000	0.000000e+00
1.279677e+01	8.138173e+00	6.394785e-03	1619578.000000	0.000000e+00
1.282133e+01	8.121595e+00	6.400694e-03	1610010.000000	0.000000e+00
1.284587e+01	8.098601e+00	6.381197e-03	1610704.000000	0.000000e+00
1.287043e+01	8.073186e+00	6.371945e-03	1605262.000000	0.000000e+00
1.289495e+01	8.054192e+00	6.368671e-03	1599360.000000	0.000000e+00
1.291951e+01	8.043051e+00	6.354755e-03	1601932.000000	0.000000e+00
1.294403e+01	8.019586e+00	6.362779e-03	1588584.000000	0.000000e+00
1.296853e+01	8.010580e+00	6.349502e-03	1591654.000000	0.000000e+00
1.299309e+01	7.978093e+00	6.328974e-03	1589028.000000	0.000000e+00
1.301763e+01	7.954009e+00	6.325308e-03	1581280.000000	0.000000e+00
1.304217e+01	7.930723e+00	6.307257e-03	1581046.000000	0.000000e+00
1.306670e+01	7.924672e+00	6.314626e-03	1574952.000000	0.000000e+00
1.309123e+01	7.921739e+00	6.319302e-03	1571458.000000	0.000000e+00
1.311579e+01	7.895155e+00	6.298609e-03	1571202.000000	0.000000e+00
1.314034e+01	7.881299e+00	6.301024e-03	1564492.000000	0.000000e+00
1.316488e+01	7.859905e+00	6.291714e-03	1560618.000000	0.000000e+00
1.318940e+01	7.835197e+00	6.281365e-03	1555936.000000	0.000000e+00
1.321393e+01	7.828595e+00	6.283455e-03	1552282.000000	0.000000e+00
1.323848e+01	7.796795e+00	6.258871e-03	1551816.000000	0.000000e+00
1.326302e+01	7.784637e+00	6.267304e-03	1542820.000000	0.000000e+00
1.328757e+01	7.766818e+00	6.249661e-03	1544448.000000	0.000000e+00
1.331210e+01	7.749826e+00	6.255806e-03	1534678.000000	0.000000e+00
1.333662e+01	7.719486e+00	6.234156e-03	1533280.000000	0.000000e+00
1.336117e+01	7.714499e+00	6.234603e-03	1531080.000000	0.000000e+00
1.338570e+01	7.696516e+00	6.236322e-03	1523110.000000	0.000000e+00
1.341022e+01	7.677118e+00	6.224426e-03	1521240.000000	0.000000e+00
1.343476e+01	7.669831e+00	6.227457e-03	1516876.000000	0.000000e+00
1.345932e+01	7.653207e+00	6.216562e-03	1515606.000000	0.000000e+00
1.348389e+01	7.638877e+00	6.214196e-03	1511086.000000	0.000000e+00
1.350843e+01	7.612962e+00	6.210462e-03	1502656.000000	0.000000e+00
1.353293e+01	7.609101e+00	6.215428e-03	1498734.000000	0.000000e+00
1.355748e+01	7.588213e+00	6.198805e-03	1498522.000000	0.000000e+00
1.358203e+01	7.572249e+00	6.199875e-03	1491708.000000	0.000000e+00
1.360658e+01	7.561928e+00	6.195842e-03	1489582.000000	0.000000e+00
1.363111e+01	7.545725e+00	6.201023e-03	1480728.000000	0.000000e+00
1.365563e+01	7.536404e+00	6.193681e-03	1480576.000000	0.000000e+00
1.368019e+01	7.518777e+00	6.189046e-03	1475866.000000	0.000000e+00
1.370473e+01	7.509353e+00	6.194571e-03	1469544.000000	0.000000e+00
1.372924e+01	7.484647e+00	6.186191e-03	1463848.000000	0.000000e+00
1.375380e+01	7.472185e+00	6.168988e-03	1467126.000000	0.000000e+00
1.377836e+01	7.468475e+00	6.192489e-03	1454566.000000	0.000000e+00
1.380287e+01	7.442809e+00	6.177488e-03	1451610.000000	0.000000e+00
1.382737e+01	7.425122e+00	6.175140e-03	1445818.000000	0.000000e+00
1.385191e+01	7.422220e+00	6.172303e-03	1446016.000000	0.000000e+00
1.387648e+01	7.416410e+00	6.179634e-03	1440330.000000	0.000000e+00
1.390103e+01	7.390354e+00	6.166680e-03	1436242.000000	0.000000e+00
1.392557e+01	7.385301e+00	6.180274e-03	1427976.000000	0.000000e+00
1.395012e+01	7.375665e+00	6.170193e-03	1428910.000000	0.000000e+00
1.397464e+01	7.372016e+00	6.196468e-03	1415416.000000	0.000000e+00
1.399917e+01	7.337756e+00	6.156352e-03	1420626.000000	0.000000e+00
1.402372e+01	7.348385e+00	6.191781e-03	1408486.000000	0.000000e+00
1.404824e+01	7.331413e+00	6.180664e-03	1407036.000000	0.000000e+00
1.407278e+01	7.315877e+00	6.177695e-03	1402426.000000	0.000000e+00
1.409731e+01	7.302218e+00	6.181727e-03	1395372.000000	0.000000e+00
1.412183e+01	7.293126e+00	6.180309e-03	1392538.000000	0.000000e+00
1.414639e+01	7.286194e+00	6.179336e-03	1390330.000000	0.000000e+00
1.417094e+01	7.271818e+00	6.189039e-03	1380510.000000	0.000000e+00
1.419546e+01	7.259843e+00	6.181795e-03	1379194.000000	0.000000e+00
1.422001e+01	7.243196e+00	6.182871e-03	1372398.000000	0.000000e+00
1.424455e+01	7.234330e+00	6.182610e-03	1369156.000000	0.000000e+00
1.426908e+01	7.237198e+00	6.203912e-03	1360848.000000	0.000000e+00
1.429362e+01	7.223061e+00	6.191621e-03	1360924.000000	0.000000e+00
1.431818e+01	7.217223e+00	6.205908e-03	1352476.000000	0.000000e+00
1.434273e+01	7.212095e+00	6.207956e-03	1349664.000000	0.000000e+00
1.436724e+01	7.210065e+00	6.231362e-03	1338790.000000	0.000000e+00
1.439177e+01	7.200799e+00	6.215623e-03	1342122.000000	0.000000e+00
1.441633e+01	7.188429e+00	6.230335e-03	1331206.000000	0.000000e+00
1.444087e+01	7.170898e+00	6.220240e-03	1329024.000000	0.000000e+00
1.446541e+01	7.178278e+00	6.243439e-03	1321882.000000	0.000000e+00
1.448996e+01	7.159703e+00	6.233285e-03	1319338.000000	0.000000e+00
1.451448e+01	7.158191e+00	6.256768e-03	1308900.000000	0.000000e+00
1.453902e+01	7.148334e+00	6.245238e-03	1310122.000000	0.000000e+00
1.456356e+01	7.135523e+00	6.258551e-03	1299882.000000	0.000000e+00
1.458809e+01	7.137027e+00	6.268461e-03	1296322.000000	0.000000e+00
1.461262e+01	7.124197e+00	6.267309e-03	1292140.000000	0.000000e+00
1.463716e+01	7.114436e+00	6.277533e-03	1284408.000000	0.000000e+00
1.466171e+01	7.118953e+00	6.284562e-03	1283164.000000	0.000000e+00
1.468625e+01	7.109599e+00	6.299955e-03	1273548.000000	0.000000e+00
1.471078e+01	7.110837e+00	6.310190e-03	1269862.000000	0.000000e+00
1.473534e+01	7.094500e+00	6.302675e-03	1267050.000000	0.000000e+00
1.475987e+01	7.087004e+00	6.325142e-03	1255408.000000	0.000000e+00
1.478439e+01	7.085697e+00	6.323839e-03	1255462.000000	0.000000e+00
1.480894e+01	7.083596e+00	6.343886e-03	1246800.000000	0.000000e+00
1.483348e+01	7.071445e+00	6.339358e-03	1244302.000000	0.000000e+00
1.485802e+01	7.062974e+00	6.355246e-03	1235124.000000	0.000000e+00
1.488256e+01	7.060670e+00	6.358569e-03	1233028.000000	0.000000e+00
1.490708e+01	7.049016e+00	6.374803e-03	1222710.000000	0.000000e+00
1.493162e+01	7.053095e+00	6.380329e-03	1222006.000000	0.000000e+00
1.495618e+01	7.055029e+00	6.398452e-03	1215760.000000	0.000000e+00
1.498071e+01	7.045845e+00	6.413678e-03	1206846.000000	0.000000e+00
1.500525e+01	7.039746e+00	6.414481e-03	1204456.000000	0.000000e+00
1.502980e+01	7.035247e+00	6.428575e-03	1197648.000000	0.000000e+00
1.505434e+01	7.025026e+00	6.438186e-03	1190608.000000	0.000000e+00
1.507886e+01	7.035361e+00	6.459904e-03	1186098.000000	0.000000e+00
1.510342e+01	7.030900e+00	6.469163e-03	1181206.000000	0.000000e+00
1.512796e+01	7.013407e+00	6.476417e-03	1172704.000000	0.000000e+00
1.515246e+01	7.023651e+00	6.500539e-03	1167420.000000	0.000000e+00
1.517700e+01	7.009441e+00	6.499043e-03	1163236.000000	0.000000e+00
1.520157e+01	7.013177e+00	6.513868e-03	1159182.000000	0.000000e+00
1.522611e+01	7.010986e+00	6.544645e-03	1147588.000000	0.000000e+00
1.525063e+01	7.017961e+00	6.554961e-03	1146256.000000	0.000000e+00
1.527518e+01	7.003919e+00	6.565579e-03	1137984.000000	0.000000e+00
1.529972e+01	7.009722e+00	6.585380e-03	1133026.000000	0.000000e+00
1.532424e+01	7.016675e+00	6.614168e-03	1125414.000000	0.000000e+00
1.534877e+01	7.003466e+00	6.614624e-03	1121026.000000	0.000000e+00
1.537332e+01	7.014336e+00	6.641720e-03	1115352.000000	0.000000e+00
1.539786e+01	6.989483e+00	6.640810e-03	1107766.000000	0.000000e+00
1.542240e+01	7.010063e+00	6.672881e-03	1103614.000000	0.000000e+00
1.544694e+01	7.016228e+00	6.703993e-03	1095318.000000	0.000000e+00
1.547149e+01	7.006322e+00	6.707738e-03	1091008.000000	0.000000e+00
1.549603e+01	7.011959e+00	6.734570e-03	1084074.000000	0.000000e+00
1.552054e+01	7.010094e+00	6.763778e-03	1074160.000000	0.000000e+00
1.554506e+01	7.010786e+00	6.767332e-03	1073244.000000	0.000000e+00
1.556963e+01	7.008904e+00	6.786688e-03	1066558.000000	0.000000e+00
1.559418e+01	7.003003e+00	6.808588e-03	1057924.000000	0.000000e+00
1.561873e+01	7.013401e+00	6.831217e-03	1054050.000000	0.000000e+00
1.564327e+01	7.030284e+00	6.879600e-03	1044286.000000	0.000000e+00
1.566780e+01	7.019668e+00	6.878042e-03	1041606.000000	0.000000e+00
1.569233e+01	7.026923e+00	6.921152e-03	1030798.000000	0.000000e+00
1.571685e+01	7.029328e+00	6.934448e-03	1027552.000000	0.000000e+00
1.574141e+01	7.022829e+00	6.949081e-03	1021338.000000	0.000000e+00
1.576595e+01	7.024018e+00	6.977638e-03	1013338.000000	0.000000e+00
1.579049e+01	7.045311e+00	7.016650e-03	1008186.000000	0.000000e+00
1.581502e+01	7.036835e+00	7.038968e-03	999394.000000	0.000000e+00
1.583955e+01	7.058168e+00	7.076954e-03	994698.000000	0.000000e+00
1.586407e+01	7.047650e+00	7.093681e-03	987064.000000	0.000000e+00
1.588861e+01	7.050982e+00	7.118770e-03	981046.000000	0.000000e+00
1.591315e+01	7.058299e+00	7.146832e-03	975378.000000	0.000000e+00
1.593770e+01	7.060581e+00	7.176173e-03	968044.000000	0.000000e+00
1.596225e+01	7.071739e+00	7.211976e-03	961488.000000	0.000000e+00
1.598677e+01	7.088086e+00	7.259663e-03	953290.000000	0.000000e+00
1.601131e+01	7.099191e+00	7.287191e-03	949068.000000	0.000000e+00
1.603586e+01	7.084176e+00	7.303018e-03	940966.000000	0.000000e+00
1.606040e+01	7.105368e+00	7.351988e-03	934036.000000	0.000000e+00
1.608493e+01	7.108580e+00	7.380640e-03	927636.000000	0.000000e+00
1.610947e+01	7.120204e+00	7.424117e-03	919804.000000	0.000000e+00
1.613400e+01	7.131385e+00	7.459403e-03	913986.000000	0.000000e+00
1.615854e+01	7.135334e+00	7.489894e-03	907564.000000	0.000000e+00
1.618310e+01	7.150542e+00	7.535324e-03	900480.000000	0.000000e+00
1.620765e+01	7.160104e+00	7.575197e-03	893410.000000	0.000000e+00
1.623216e+01	7.158402e+00	7.616252e-03	883384.000000	0.000000e+00
1.625669e+01	7.160870e+00	7.629266e-03	880980.000000	0.000000e+00
1.628123e+01	7.189365e+00	7.702322e-03	871240.000000	0.000000e+00
1.630580e+01	7.179288e+00	7.708443e-03	867420.000000	0.000000e+00
1.633036e+01	7.206282e+00	7.781971e-03	857518.000000	0.000000e+00
1.635486e+01	7.219888e+00	7.837377e-03	848632.000000	0.000000e+00
1.637939e+01	7.222509e+00	7.854220e-03	845610.000000	0.000000e+00
1.640395e+01	7.236117e+00	7.912574e-03	836326.000000	0.000000e+00
1.642848e+01	7.245016e+00	7.955784e-03	829302.000000	0.000000e+00
1.645298e+01	7.258668e+00	8.013512e-03	820480.000000	0.000000e+00
1.647753e+01	7.262456e+00	8.034654e-03	817020.000000	0.000000e+00
1.650209e+01	7.268981e+00	8.084774e-03	808372.000000	0.000000e+00
1.652660e+01	7.286387e+00	8.155200e-03	798280.000000	0.000000e+00
1.655114e+01	7.301063e+00	8.185162e-03	795642.000000	0.000000e+00
1.657571e+01	7.302750e+00	8.235743e-03	786262.000000	0.000000e+00
1.660025e+01	7.329801e+00	8.310689e-03	777876.000000	0.000000e+00
1.662478e+01	7.342739e+00	8.354709e-03	772420.000000	0.000000e+00
1.664931e+01	7.334652e+00	8.400027e-03	762426.000000	0.000000e+00
1.667386e+01	7.379849e+00	8.471590e-03	758866.000000	0.000000e+00
1.669842e+01	7.400377e+00	8.555023e-03	748282.000000	0.000000e+00
1.672293e+01	7.395613e+00	8.592327e-03	740844.000000	0.000000e+00
1.674748e+01	7.413013e+00	8.641190e-03	735940.000000	0.000000e+00
1.677204e+01	7.422291e+00	8.711898e-03	725856.000000	0.000000e+00
1.679655e+01	7.446863e+00	8.784500e-03	718642.000000	0.000000e+00
1.682107e+01	7.456311e+00	8.839171e-03	711582.000000	0.000000e+00
1.684563e+01	7.476369e+00	8.905679e-03	704770.000000	0.000000e+00
1.687018e+01	7.487843e+00	8.969697e-03	696880.000000	0.000000e+00
1.689472e+01	7.501295e+00	9.044311e-03	687894.000000	0.000000e+00
1.691924e+01	7.522179e+00	9.110079e-03	681778.000000	0.000000e+00
1.694378e+01	7.530573e+00	9.182874e-03	672510.000000	0.000000e+00
1.696830e+01	7.554086e+00	9.257472e-03	665854.000000	0.000000e+00
1.699283e+01	7.565865e+00	9.329801e-03	657616.000000	0.000000e+00
1.701740e+01	7.587111e+00	9.397794e-03	651780.000000	0.000000e+00
1.704195e+01	7.584815e+00	9.465989e-03	642034.000000	0.000000e+00
1.706646e+01	7.600902e+00	9.553246e-03	633036.000000	0.000000e+00
1.709097e+01	7.651099e+00	9.656939e-03	627724.000000	0.000000e+00
1.711553e+01	7.652367e+00	9.724510e-03	619236.000000	0.000000e+00
1.714008e+01	7.662801e+00	9.804703e-03	610810.000000	0.000000e+00
1.716463e+01	7.682186e+00	9.878536e-03	604762.000000	0.000000e+00
1.718918e+01	7.684057e+00	9.972116e-03	593754.000000	0.000000e+00
1.721369e+01	7.729359e+00	1.008199e-02	587752.000000	0.000000e+00
1.723823e+01	7.707486e+00	1.013095e-02	578796.000000	0.000000e+00
1.726278e+01	7.755159e+00	1.025461e-02	571930.000000	0.000000e+00
1.728731e+01	7.732316e+00	1.030558e-02	562956.000000	0.000000e+00
1.731188e+01	7.773617e+00	1.042383e-02	556150.000000	0.000000e+00
1.733641e+01	7.774437e+00	1.051816e-02	546334.000000	0.000000e+00
1.736091e+01	7.794946e+00	1.063129e-02	537594.000000	0.000000e+00
1.738543e+01	7.815016e+00	1.071093e-02	532360.000000	0.000000e+00
1.741000e+01	7.798854e+00	1.079445e-02	521988.000000	0.000000e+00
1.743456e+01	7.833944e+00	1.090685e-02	515896.000000	0.000000e+00
1.745909e+01	7.822685e+00	1.100462e-02	505314.000000	0.000000e+00
1.748363e+01	7.826162e+00	1.108275e-02	498658.000000	0.000000e+00
1.750818e+01	7.814457e+00	1.116276e-02	490066.000000	0.000000e+00
1.753269e+01	7.842486e+00	1.132001e-02	479970.000000	0.000000e+00
1.755722e+01	7.843024e+00	1.138662e-02	474436.000000	0.000000e+00
1.758176e+01	7.831848e+00	1.149780e-02	463980.000000	0.000000e+00
1.760629e+01	7.845712e+00	1.160852e-02	456784.000000	0.000000e+00
1.763083e+01	7.850903e+00	1.172474e-02	448366.000000	0.000000e+00
1.765539e+01	7.821213e+00	1.179224e-02	439902.000000	0.000000e+00
1.767993e+01	7.826958e+00	1.191996e-02	431158.000000	0.000000e+00
1.770446e+01	7.827100e+00	1.203773e-02	422778.000000	0.000000e+00
1.772897e+01	7.813719e+00	1.214999e-02	413584.000000	0.000000e+00
1.775351e+01	7.781386e+00	1.220487e-02	406488.000000	0.000000e+00
1.777808e+01	7.744710e+00	1.227998e-02	397754.500000	0.000000e+00
1.780261e+01	7.742652e+00	1.241171e-02	389149.000000	0.000000e+00
1.782713e+01	7.762479e+00	1.255616e-02	382197.000000	0.000000e+00
1.785169e+01	7.723095e+00	1.260122e-02	375628.000000	0.000000e+00
1.787623e+01	7.749699e+00	1.277931e-02	367752.000000	0.000000e+00
1.790076e+01	7.732922e+00	1.285401e-02	361918.000000	0.000000e+00
1.792530e+01	7.726424e+00	1.296530e-02	355134.000000	0.000000e+00
1.794985e+01	7.743110e+00	1.311324e-02	348667.000000	0.000000e+00
1.797440e+01	7.744730e+00	1.322476e-02	342955.000000	0.000000e+00
1.799891e+01	7.728461e+00	1.333834e-02	335724.000000	0.000000e+00
1.802344e+01	7.723380e+00	1.342362e-02	331036.000000	0.000000e+00
1.804802e+01	7.762855e+00	1.360799e-02	325428.000000	0.000000e+00
1.807255e+01	7.740895e+00	1.372161e-02	318253.000000	0.000000e+00
1.809707e+01	7.756897e+00	1.384196e-02	314037.000000	0.000000e+00
1.812164e+01	7.772003e+00	1.400079e-02	308149.000000	0.000000e+00
1.814617e+01	7.742839e+00	1.408355e-02	302257.000000	0.000000e+00
1.817068e+01	7.797190e+00	1.430456e-02	297117.000000	0.000000e+00
1.819523e+01	7.800971e+00	1.442043e-02	292645.000000	0.000000e+00
1.821979e+01	7.822850e+00	1.460122e-02	287046.000000	0.000000e+00
1.824431e+01	7.831501e+00	1.476515e-02	281329.000000	0.000000e+00
1.826883e+01	7.796487e+00	1.480537e-02	277306.000000	0.000000e+00
1.829337e+01	7.845706e+00	1.503787e-02	272202.000000	0.000000e+00
1.831793e+01	7.847575e+00	1.516689e-02	267718.000000	0.000000e+00
1.834250e+01	7.851479e+00	1.531061e-02	262977.000000	0.000000e+00
1.836701e+01	7.857030e+00	1.549644e-02	257071.000000	0.000000e+00
1.839152e+01	7.861721e+00	1.560695e-02	253746.000000	0.000000e+00
1.841609e+01	7.861190e+00	1.574602e-02	249250.000000	0.000000e+00
1.844064e+01	7.905873e+00	1.599927e-02	244174.000000	0.000000e+00
1.846515e+01	7.883962e+00	1.609005e-02	240090.000000	0.000000e+00
1.848971e+01	7.875923e+00	1.621237e-02	235999.000000	0.000000e+00
1.851428e+01	7.951989e+00	1.651704e-02	231786.000000	0.000000e+00
1.853881e+01	7.940169e+00	1.666328e-02	227059.000000	0.000000e+00
1.856328e+01	7.978811e+00	1.691968e-02	222378.000000	0.000000e+00
1.858784e+01	7.982007e+00	1.701016e-02	220195.000000	0.000000e+00
1.861244e+01	8.021969e+00	1.730054e-02	215002.000000	0.000000e+00
1.863693e+01	8.024139e+00	1.748776e-02	210537.000000	0.000000e+00
1.866143e+01	8.024290e+00	1.762533e-02	207271.000000	0.000000e+00
1.868601e+01	8.020550e+00	1.776341e-02	203871.000000	0.000000e+00
1.871055e+01	8.049929e+00	1.803367e-02	199258.000000	0.000000e+00
1.873503e+01	8.110103e+00	1.835020e-02	195331.000000	0.000000e+00
1.875958e+01	8.067526e+00	1.836667e-02	192939.000000	0.000000e+00
1.878417e+01	8.146305e+00	1.876834e-02	188395.000000	0.000000e+00
1.880870e+01	8.139120e+00	1.892394e-02	184983.000000	0.000000e+00
1.883322e+01	8.140644e+00	1.912304e-02	181219.000000	0.000000e+00
1.885775e+01	8.202786e+00	1.944908e-02	177879.000000	0.000000e+00
1.888231e+01	8.205047e+00	1.963453e-02	174631.000000	0.000000e+00
1.890684e+01	8.236482e+00	1.992379e-02	170899.000000	0.000000e+00
1.893134e+01	8.248428e+00	2.015707e-02	167451.000000	0.000000e+00
1.895590e+01	8.267282e+00	2.036036e-02	164875.000000	0.000000e+00
1.898046e+01	8.335522e+00	2.078283e-02	160863.000000	0.000000e+00
1.900495e+01	8.346712e+00	2.102506e-02	157600.000000	0.000000e+00
1.902946e+01	8.303823e+00	2.110188e-02	154851.000000	0.000000e+00
1.905406e+01	8.425631e+00	2.160283e-02	152119.000000	0.000000e+00
1.907863e+01	8.390788e+00	2.178059e-02	148411.000000	0.000000e+00
1.910311e+01	8.441465e+00	2.217281e-02	144942.000000	0.000000e+00
1.912765e+01	8.438741e+00	2.231386e-02	143023.000000	0.000000e+00
1.915226e+01	8.487851e+00	2.271241e-02	139659.000000	0.000000e+00
1.917678e+01	8.546879e+00	2.315556e-02	136240.000000	0.000000e+00
1.920124e+01	8.581144e+00	2.349288e-02	133419.000000	0.000000e+00
1.922581e+01	8.542199e+00	2.356570e-02	131395.000000	0.000000e+00
1.925040e+01	8.639042e+00	2.415403e-02	127924.000000	0.000000e+00
1.927489e+01	8.621269e+00	2.438278e-02	125019.000000	0.000000e+00
1.929941e+01	8.702075e+00	2.483754e-02	122752.000000	0.000000e+00
1.932402e+01	8.738716e+00	2.519220e-02	120327.000000	0.000000e+00
1.934855e+01	8.743986e+00	2.559962e-02	116668.000000	0.000000e+00
1.937298e+01	8.788775e+00	2.600468e-02	114223.000000	0.000000e+00
1.939755e+01	8.787951e+00	2.616679e-02	112791.000000	0.000000e+00
1.942217e+01	8.858011e+00	2.679182e-02	109312.000000	0.000000e+00
1.944667e+01	8.869060e+00	2.712365e-02	106920.000000	0.000000e+00
1.947113e+01	8.951772e+00	2.775760e-02	104005.000000	0.000000e+00
1.949570e+01	8.916914e+00	2.781055e-02	102804.000000	0.000000e+00
1.952032e+01	8.960031e+00	2.838653e-02	99631.000000	0.000000e+00
1.954482e+01	9.058448e+00	2.906875e-02	97108.000000	0.000000e+00
1.956930e+01	9.122999e+00	2.960905e-02	94935.000000	0.000000e+00
1.959391e+01	9.109387e+00	2.984712e-02	93148.000000	0.000000e+00
1.961850e+01	9.149929e+00	3.044097e-02	90348.000000	0.000000e+00
1.964294e+01	9.201403e+00	3.107040e-02	87703.000000	0.000000e+00
1.966740e+01	9.265105e+00	3.157979e-02	86076.000000	0.000000e+00
1.969204e+01	9.323380e+00	3.209240e-02	84400.000000	0.000000e+00
1.971660e+01	9.351325e+00	3.279028e-02	81331.000000	0.000000e+00
1.974103e+01	9.337617e+00	3.312712e-02	79452.000000	0.000000e+00
1.976563e+01	9.499815e+00	3.397996e-02	78160.000000	0.000000e+00
1.979032e+01	9.516911e+00	3.457838e-02	75750.000000	0.000000e+00
1.981482e+01	9.604173e+00	3.551090e-02	73147.000000	0.000000e+00
1.983914e+01	9.643229e+00	3.623840e-02	70812.000000	0.000000e+00
1.986374e+01	9.727172e+00	3.659936e-02	70636.000000	0.000000e+00
1.988844e+01	9.682444e+00	3.724678e-02	67576.000000	0.000000e+00
1.991292e+01	9.760644e+00	3.807208e-02	65727.000000	0.000000e+00
1.993736e+01	9.925638e+00	3.931570e-02	63736.000000	0.000000e+00
1.996197e+01	9.861988e+00	3.938876e-02	62688.000000	0.000000e+00
1.998658e+01	9.990908e+00	4.070503e-02	60244.000000	0.000000e+00
2.001095e+01	9.992591e+00	4.146625e-02	58072.000000	0.000000e+00
2.003547e+01	1.011857e+01	4.221682e-02	57447.000000	0.000000e+00
2.006019e+01	1.024544e+01	4.353265e-02	55390.000000	0.000000e+00
2.008472e+01	1.028636e+01	4.452846e-02	53364.000000	0.000000e+00
2.010903e+01	1.032011e+01	4.557860e-02	51268.000000	0.000000e+00
2.013363e+01	1.038143e+01	4.590498e-02	51144.000000	0.000000e+00
2.015842e+01	1.052288e+01	4.764851e-02	48772.000000	0.000000e+00
2.018288e+01	1.058210e+01	4.890116e-02	46828.000000	0.000000e+00
2.020721e+01	1.059722e+01	4.975056e-02	45372.000000	0.000000e+00
2.023181e+01	1.066023e+01	5.051223e-02	44539.000000	0.000000e+00
2.025650e+01	1.072570e+01	5.189315e-02	42720.000000	0.000000e+00
2.028095e+01	1.083478e+01	5.355100e-02	40936.000000	0.000000e+00
2.030542e+01	1.088129e+01	5.442142e-02	39978.000000	0.000000e+00
2.033011e+01	1.101176e+01	5.604257e-02	38608.000000	0.000000e+00
2.035466e+01	1.098913e+01	5.721331e-02	36892.000000	0.000000e+00
2.037892e+01	1.104503e+01	5.886349e-02	35208.000000	0.000000e+00
2.040348e+01	1.119710e+01	5.983394e-02	35020.000000	0.000000e+00
2.042837e+01	1.124792e+01	6.157168e-02	33372.000000	0.000000e+00
2.045281e+01	1.131635e+01	6.384152e-02	31420.000000	0.000000e+00
2.047697e+01	1.157014e+01	6.641611e-02	30348.000000	0.000000e+00
2.050165e+01	1.157204e+01	6.676669e-02	30040.000000	0.000000e+00
2.052659e+01	1.157620e+01	6.853781e-02	28528.000000	0.000000e+00
2.055100e+01	1.176695e+01	7.211800e-02	26622.000000	0.000000e+00
2.057510e+01	1.171032e+01	7.293355e-02	25780.000000	0.000000e+00
2.059985e+01	1.208250e+01	7.573488e-02	25452.000000	0.000000e+00
2.062477e+01	1.195220e+01	7.718331e-02	23980.000000	0.000000e+00
2.064904e+01	1.217346e+01	8.169557e-02	22204.000000	0.000000e+00
2.067328e+01	1.227797e+01	8.292142e-02	21924.000000	0.000000e+00
2.069813e+01	1.242583e+01	8.564037e-02	21052.000000	0.000000e+00
2.072282e+01	1.258464e+01	8.959820e-02	19728.000000	0.000000e+00
2.074689e+01	1.256089e+01	9.281222e-02	18316.000000	0.000000e+00
2.077148e+01	1.278677e+01	9.395435e-02	18522.000000	0.000000e+00
2.079650e+01	1.290019e+01	9.877741e-02	17056.000000	0.000000e+00
2.082086e+01	1.289197e+01	1.022367e-01	15901.000000	0.000000e+00
2.084494e+01	1.314893e+01	1.068912e-01	15132.000000	0.000000e+00
2.086988e+01	1.320195e+01	1.077361e-01	15016.000000	0.000000e+00
2.089484e+01	1.334968e+01	1.146412e-01	13560.000000	0.000000e+00
2.091874e+01	1.335522e+01	1.197597e-01	12436.000000	0.000000e+00
2.094286e+01	1.383950e+01	1.247258e-01	12312.000000	0.000000e+00
2.096835e+01	1.379106e+01	1.258108e-01	12016.000000	0.000000e+00
2.099333e+01	1.418210e+01	1.389734e-01	10414.000000	0.000000e+00
2.101635e+01	1.426270e+01	1.480885e-01	9276.000000	0.000000e+00
2.104066e+01	1.450126e+01	1.452962e-01	9961.000000	0.000000e+00
2.106684e+01	1.449333e+01	1.508740e-01	9228.000000	0.000000e+00
2.109169e+01	1.465077e+01	1.666151e-01	7732.000000	0.000000e+00
2.111385e+01	1.479325e+01	1.799778e-01	6756.000000	0.000000e+00
2.113864e+01	1.500221e+01	1.703478e-01	7756.000000	0.000000e+00
2.116547e+01	1.532184e+01	1.855320e-01	6820.000000	0.000000e+00
2.118998e+01	1.578789e+01	2.156864e-01	5358.000000	0.000000e+00
2.121167e+01	1.556500e+01	2.202766e-01	4993.000000	0.000000e+00
2.123701e+01	1.557355e+01	2.096129e-01	5520.000000	0.000000e+00
2.126409e+01	1.585054e+01	2.289738e-01	4792.000000	0.000000e+00
2.128812e+01	1.648423e+01	2.812173e-01	3436.000000	0.000000e+00
2.130920e+01	1.636158e+01	2.773548e-01	3480.000000	0.000000e+00
2.133536e+01	1.677142e+01	2.749414e-01	3721.000000	0.000000e+00
2.136298e+01	1.705990e+01	3.048355e-01	3132.000000	0.000000e+00
2.138535e+01	1.675980e+01	3.979166e-01	1774.000000	0.000000e+00
2.140616e+01	1.733184e+01	3.529035e-01	2412.000000	0.000000e+00
2.143360e+01	1.758872e+01	3.739741e-01	2212.000000	0.000000e+00
2.146162e+01	1.780464e+01	4.154115e-01	1837.000000	0.000000e+00
2.148292e+01	1.854658e+01	6.492602e-01	816.000000	0.000000e+00
2.150387e+01	1.861397e+01	5.025299e-01	1372.000000	0.000000e+00
2.153200e+01	1.845222e+01	5.583897e-01	1092.000000	0.000000e+00
2.156014e+01	2.007633e+01	6.910556e-01	844.000000	0.000000e+00
2.158178e+01	1.894561e+01	1.028984e+00	339.000000	0.000000e+00
2.160234e+01	2.013352e+01	8.728987e-01	532.000000	0.000000e+00
2.163046e+01	2.055027e+01	1.077127e+00	364.000000	0.000000e+00
2.165853e+01	1.960155e+01	1.298144e+00	228.000000	0.000000e+00
2.168066e+01	2.150127e+01	2.516533e+00	73.000000	0.000000e+00
2.170037e+01	1.845527e+01	2.013635e+00	84.000000	0.000000e+00
2.172766e+01	1.432279e+01	2.706754e+00	28.000000	0.000000e+00
2.175143e+01	2.667079e+01	1.539839e+01	3.000000	0.000000e+00
