# [<k> (h/Mpc)]	[<P_0(k)> (Mpc/h)^3]	[ErrorBar (Mpc/h)^3]	nModes	[<P_2(k)> (Mpc/h)^3]
3.476422e-02	1.500491e+04	4.161614e+03	13.000000	0.000000e+00
5.890282e-02	1.097637e+04	1.910741e+03	33.000000	0.000000e+00
8.378087e-02	6.477606e+03	7.287876e+02	79.000000	0.000000e+00
1.087368e-01	4.976474e+03	4.600752e+02	117.000000	0.000000e+00
1.341836e-01	3.721113e+03	2.598938e+02	205.000000	0.000000e+00
1.581206e-01	2.746811e+03	1.791822e+02	235.000000	0.000000e+00
1.826843e-01	2.127073e+03	1.107310e+02	369.000000	0.000000e+00
2.073525e-01	1.961880e+03	9.428193e+01	433.000000	0.000000e+00
2.322407e-01	1.713395e+03	7.084017e+01	585.000000	0.000000e+00
2.568838e-01	1.444147e+03	5.542129e+01	679.000000	0.000000e+00
2.811185e-01	1.310361e+03	4.595638e+01	813.000000	0.000000e+00
3.057758e-01	1.160190e+03	3.696672e+01	985.000000	0.000000e+00
3.308750e-01	1.120553e+03	3.257916e+01	1183.000000	0.000000e+00
3.553459e-01	1.038849e+03	2.916229e+01	1269.000000	0.000000e+00
3.797184e-01	8.893364e+02	2.268450e+01	1537.000000	0.000000e+00
4.042043e-01	8.666830e+02	2.131689e+01	1653.000000	0.000000e+00
4.287408e-01	7.821710e+02	1.765394e+01	1963.000000	0.000000e+00
4.533372e-01	7.660498e+02	1.663362e+01	2121.000000	0.000000e+00
4.779960e-01	7.193632e+02	1.464433e+01	2413.000000	0.000000e+00
5.026630e-01	6.826153e+02	1.329798e+01	2635.000000	0.000000e+00
5.271488e-01	6.175617e+02	1.151358e+01	2877.000000	0.000000e+00
5.515428e-01	6.013017e+02	1.068148e+01	3169.000000	0.000000e+00
5.762241e-01	5.663984e+02	9.564322e+00	3507.000000	0.000000e+00
6.007286e-01	5.701920e+02	9.392959e+00	3685.000000	0.000000e+00
6.252569e-01	5.416554e+02	8.392968e+00	4165.000000	0.000000e+00
6.499966e-01	5.263952e+02	7.956530e+00	4377.000000	0.000000e+00
6.746858e-01	4.930490e+02	7.076125e+00	4855.000000	0.000000e+00
6.991271e-01	4.862015e+02	6.925273e+00	4929.000000	0.000000e+00
7.235757e-01	4.682807e+02	6.268307e+00	5581.000000	0.000000e+00
7.479714e-01	4.517837e+02	5.995075e+00	5679.000000	0.000000e+00
7.726133e-01	4.407023e+02	5.515246e+00	6385.000000	0.000000e+00
7.972413e-01	4.225539e+02	5.219899e+00	6553.000000	0.000000e+00
8.218513e-01	4.146964e+02	4.912899e+00	7125.000000	0.000000e+00
8.464491e-01	3.978764e+02	4.610601e+00	7447.000000	0.000000e+00
8.709767e-01	3.908159e+02	4.388974e+00	7929.000000	0.000000e+00
8.955547e-01	3.760409e+02	4.114469e+00	8353.000000	0.000000e+00
9.199772e-01	3.678915e+02	3.927319e+00	8775.000000	0.000000e+00
9.444963e-01	3.664243e+02	3.796990e+00	9313.000000	0.000000e+00
9.690846e-01	3.572985e+02	3.601733e+00	9841.000000	0.000000e+00
9.935517e-01	3.494967e+02	3.462061e+00	10191.000000	0.000000e+00
1.018099e+00	3.414227e+02	3.270686e+00	10897.000000	0.000000e+00
1.042679e+00	3.326186e+02	3.128874e+00	11301.000000	0.000000e+00
1.067353e+00	3.236167e+02	2.951130e+00	12025.000000	0.000000e+00
1.092004e+00	3.147552e+02	2.823968e+00	12423.000000	0.000000e+00
1.116549e+00	3.084843e+02	2.703404e+00	13021.000000	0.000000e+00
1.140967e+00	3.046742e+02	2.631493e+00	13405.000000	0.000000e+00
1.165410e+00	2.944292e+02	2.466716e+00	14247.000000	0.000000e+00
1.189942e+00	2.846443e+02	2.351469e+00	14653.000000	0.000000e+00
1.214340e+00	2.839526e+02	2.293149e+00	15333.000000	0.000000e+00
1.238824e+00	2.776042e+02	2.198160e+00	15949.000000	0.000000e+00
1.263616e+00	2.687634e+02	2.057754e+00	17059.000000	0.000000e+00
1.288278e+00	2.646954e+02	2.024354e+00	17097.000000	0.000000e+00
1.312698e+00	2.581215e+02	1.925797e+00	17965.000000	0.000000e+00
1.337129e+00	2.524258e+02	1.854319e+00	18531.000000	0.000000e+00
1.361846e+00	2.501222e+02	1.783451e+00	19669.000000	0.000000e+00
1.386459e+00	2.440168e+02	1.730094e+00	19893.000000	0.000000e+00
1.410760e+00	2.381397e+02	1.663849e+00	20485.000000	0.000000e+00
1.435294e+00	2.380226e+02	1.613907e+00	21751.000000	0.000000e+00
1.459966e+00	2.307140e+02	1.548137e+00	22209.000000	0.000000e+00
1.484553e+00	2.270017e+02	1.495472e+00	23041.000000	0.000000e+00
1.509059e+00	2.243962e+02	1.457887e+00	23691.000000	0.000000e+00
1.533565e+00	2.178943e+02	1.393299e+00	24457.000000	0.000000e+00
1.558284e+00	2.174809e+02	1.354056e+00	25797.000000	0.000000e+00
1.582818e+00	2.128552e+02	1.329644e+00	25627.000000	0.000000e+00
1.607259e+00	2.085387e+02	1.264056e+00	27217.000000	0.000000e+00
1.631809e+00	2.043731e+02	1.231320e+00	27549.000000	0.000000e+00
1.656366e+00	2.003028e+02	1.180029e+00	28813.000000	0.000000e+00
1.680925e+00	1.981724e+02	1.156650e+00	29355.000000	0.000000e+00
1.705257e+00	1.932990e+02	1.117559e+00	29917.000000	0.000000e+00
1.729806e+00	1.906543e+02	1.071616e+00	31653.000000	0.000000e+00
1.754462e+00	1.872738e+02	1.047695e+00	31951.000000	0.000000e+00
1.778992e+00	1.822690e+02	1.002432e+00	33061.000000	0.000000e+00
1.803411e+00	1.794941e+02	9.792641e-01	33597.000000	0.000000e+00
1.827963e+00	1.785079e+02	9.514909e-01	35197.000000	0.000000e+00
1.852647e+00	1.734832e+02	9.165928e-01	35823.000000	0.000000e+00
1.877249e+00	1.717580e+02	8.935434e-01	36949.000000	0.000000e+00
1.901733e+00	1.678163e+02	8.688153e-01	37309.000000	0.000000e+00
1.926241e+00	1.647083e+02	8.332320e-01	39075.000000	0.000000e+00
1.950830e+00	1.625683e+02	8.192879e-01	39373.000000	0.000000e+00
1.975308e+00	1.612804e+02	7.981343e-01	40833.000000	0.000000e+00
1.999729e+00	1.585349e+02	7.810172e-01	41203.000000	0.000000e+00
2.024419e+00	1.545621e+02	7.394641e-01	43689.000000	0.000000e+00
2.049126e+00	1.519635e+02	7.285002e-01	43513.000000	0.000000e+00
2.073508e+00	1.508914e+02	7.158006e-01	44437.000000	0.000000e+00
2.097846e+00	1.485312e+02	6.951723e-01	45651.000000	0.000000e+00
2.122473e+00	1.453599e+02	6.670623e-01	47485.000000	0.000000e+00
2.147106e+00	1.433412e+02	6.545261e-01	47961.000000	0.000000e+00
2.171601e+00	1.412471e+02	6.371344e-01	49147.000000	0.000000e+00
2.196158e+00	1.385956e+02	6.178139e-01	50325.000000	0.000000e+00
2.220735e+00	1.368765e+02	6.022792e-01	51649.000000	0.000000e+00
2.245251e+00	1.351351e+02	5.917367e-01	52153.000000	0.000000e+00
2.269729e+00	1.332716e+02	5.738125e-01	53943.000000	0.000000e+00
2.294271e+00	1.314368e+02	5.619987e-01	54697.000000	0.000000e+00
2.318928e+00	1.287278e+02	5.403917e-01	56745.000000	0.000000e+00
2.343538e+00	1.268388e+02	5.312367e-01	57007.000000	0.000000e+00
2.368026e+00	1.252829e+02	5.181539e-01	58461.000000	0.000000e+00
2.392423e+00	1.218398e+02	5.014323e-01	59041.000000	0.000000e+00
2.416863e+00	1.202084e+02	4.866498e-01	61015.000000	0.000000e+00
2.441509e+00	1.194397e+02	4.772358e-01	62637.000000	0.000000e+00
2.466080e+00	1.172825e+02	4.666393e-01	63169.000000	0.000000e+00
2.490575e+00	1.155578e+02	4.546383e-01	64605.000000	0.000000e+00
2.515186e+00	1.140776e+02	4.424172e-01	66487.000000	0.000000e+00
2.539777e+00	1.129871e+02	4.363999e-01	67033.000000	0.000000e+00
2.564215e+00	1.114417e+02	4.266041e-01	68241.000000	0.000000e+00
2.588707e+00	1.098073e+02	4.150594e-01	69991.000000	0.000000e+00
2.613337e+00	1.077981e+02	4.031278e-01	71505.000000	0.000000e+00
2.637925e+00	1.072737e+02	3.978314e-01	72709.000000	0.000000e+00
2.662420e+00	1.045751e+02	3.858019e-01	73473.000000	0.000000e+00
2.686963e+00	1.031050e+02	3.745857e-01	75763.000000	0.000000e+00
2.711515e+00	1.025510e+02	3.713545e-01	76261.000000	0.000000e+00
2.735982e+00	1.006016e+02	3.602461e-01	77985.000000	0.000000e+00
2.760573e+00	9.927438e+01	3.509638e-01	80011.000000	0.000000e+00
2.785237e+00	9.747954e+01	3.424892e-01	81009.000000	0.000000e+00
2.809671e+00	9.694208e+01	3.393631e-01	81601.000000	0.000000e+00
2.834151e+00	9.512503e+01	3.280544e-01	84081.000000	0.000000e+00
2.858722e+00	9.379292e+01	3.214066e-01	85159.000000	0.000000e+00
2.883250e+00	9.319163e+01	3.165593e-01	86665.000000	0.000000e+00
2.907819e+00	9.136700e+01	3.074031e-01	88341.000000	0.000000e+00
2.932335e+00	9.040734e+01	3.022339e-01	89479.000000	0.000000e+00
2.956914e+00	8.892322e+01	2.939374e-01	91521.000000	0.000000e+00
2.981449e+00	8.764638e+01	2.882964e-01	92425.000000	0.000000e+00
3.005876e+00	8.684905e+01	2.839069e-01	93579.000000	0.000000e+00
3.030403e+00	8.576086e+01	2.763591e-01	96301.000000	0.000000e+00
3.055041e+00	8.442548e+01	2.701605e-01	97657.000000	0.000000e+00
3.079692e+00	8.341748e+01	2.645935e-01	99393.000000	0.000000e+00
3.104241e+00	8.230893e+01	2.600303e-01	100195.000000	0.000000e+00
3.128710e+00	8.161135e+01	2.559004e-01	101709.000000	0.000000e+00
3.153123e+00	8.058609e+01	2.510714e-01	103021.000000	0.000000e+00
3.177619e+00	7.943520e+01	2.444368e-01	105607.000000	0.000000e+00
3.202185e+00	7.882156e+01	2.411799e-01	106809.000000	0.000000e+00
3.226708e+00	7.744954e+01	2.350055e-01	108613.000000	0.000000e+00
3.251321e+00	7.646618e+01	2.297401e-01	110781.000000	0.000000e+00
3.275882e+00	7.541802e+01	2.257145e-01	111643.000000	0.000000e+00
3.300393e+00	7.476079e+01	2.217523e-01	113661.000000	0.000000e+00
3.324955e+00	7.372651e+01	2.171613e-01	115261.000000	0.000000e+00
3.349528e+00	7.310515e+01	2.132923e-01	117475.000000	0.000000e+00
3.374087e+00	7.224534e+01	2.099685e-01	118389.000000	0.000000e+00
3.398541e+00	7.122176e+01	2.055884e-01	120013.000000	0.000000e+00
3.423011e+00	7.047277e+01	2.018465e-01	121899.000000	0.000000e+00
3.447546e+00	6.933642e+01	1.968094e-01	124117.000000	0.000000e+00
3.472176e+00	6.874013e+01	1.931413e-01	126669.000000	0.000000e+00
3.496772e+00	6.795718e+01	1.907217e-01	126961.000000	0.000000e+00
3.521302e+00	6.723205e+01	1.865435e-01	129895.000000	0.000000e+00
3.545845e+00	6.613971e+01	1.831142e-01	130461.000000	0.000000e+00
3.570351e+00	6.581667e+01	1.802547e-01	133321.000000	0.000000e+00
3.594817e+00	6.473865e+01	1.771018e-01	133623.000000	0.000000e+00
3.619340e+00	6.447251e+01	1.739245e-01	137413.000000	0.000000e+00
3.643921e+00	6.352254e+01	1.708478e-01	138241.000000	0.000000e+00
3.668501e+00	6.264557e+01	1.668556e-01	140961.000000	0.000000e+00
3.693083e+00	6.190954e+01	1.641436e-01	142255.000000	0.000000e+00
3.717636e+00	6.089644e+01	1.603844e-01	144165.000000	0.000000e+00
3.742123e+00	6.060753e+01	1.589610e-01	145369.000000	0.000000e+00
3.766623e+00	5.995666e+01	1.557494e-01	148191.000000	0.000000e+00
3.791211e+00	5.936494e+01	1.531811e-01	150193.000000	0.000000e+00
3.815740e+00	5.852489e+01	1.503721e-01	151477.000000	0.000000e+00
3.840250e+00	5.786631e+01	1.475725e-01	153759.000000	0.000000e+00
3.864816e+00	5.759184e+01	1.457573e-01	156121.000000	0.000000e+00
3.889416e+00	5.702523e+01	1.433587e-01	158229.000000	0.000000e+00
3.913984e+00	5.624399e+01	1.407803e-01	159613.000000	0.000000e+00
3.938439e+00	5.533500e+01	1.379711e-01	160851.000000	0.000000e+00
3.962856e+00	5.495567e+01	1.361403e-01	162949.000000	0.000000e+00
3.987408e+00	5.425985e+01	1.328315e-01	166861.000000	0.000000e+00
4.011951e+00	5.380033e+01	1.316727e-01	166947.000000	0.000000e+00
4.036502e+00	5.327574e+01	1.289063e-01	170809.000000	0.000000e+00
4.061101e+00	5.283680e+01	1.273856e-01	172041.000000	0.000000e+00
4.085632e+00	5.227379e+01	1.253857e-01	173809.000000	0.000000e+00
4.110226e+00	5.186122e+01	1.231393e-01	177375.000000	0.000000e+00
4.134760e+00	5.117224e+01	1.216399e-01	176977.000000	0.000000e+00
4.159247e+00	5.075611e+01	1.193588e-01	180829.000000	0.000000e+00
4.183807e+00	5.002394e+01	1.170706e-01	182583.000000	0.000000e+00
4.208321e+00	4.951191e+01	1.153923e-01	184105.000000	0.000000e+00
4.232839e+00	4.910750e+01	1.134716e-01	187293.000000	0.000000e+00
4.257376e+00	4.878709e+01	1.124207e-01	188329.000000	0.000000e+00
4.281944e+00	4.796589e+01	1.093383e-01	192451.000000	0.000000e+00
4.306505e+00	4.765591e+01	1.085939e-01	192585.000000	0.000000e+00
4.331033e+00	4.700702e+01	1.061463e-01	196117.000000	0.000000e+00
4.355617e+00	4.654636e+01	1.045505e-01	198207.000000	0.000000e+00
4.380161e+00	4.624807e+01	1.035182e-01	199597.000000	0.000000e+00
4.404676e+00	4.598774e+01	1.021806e-01	202557.000000	0.000000e+00
4.429249e+00	4.535899e+01	1.002187e-01	204847.000000	0.000000e+00
4.453772e+00	4.512523e+01	9.934057e-02	206341.000000	0.000000e+00
4.478282e+00	4.444919e+01	9.717743e-02	209217.000000	0.000000e+00
4.502777e+00	4.418855e+01	9.631158e-02	210505.000000	0.000000e+00
4.527289e+00	4.385419e+01	9.473294e-02	214299.000000	0.000000e+00
4.551889e+00	4.311892e+01	9.265604e-02	216565.000000	0.000000e+00
4.576426e+00	4.289486e+01	9.190844e-02	217821.000000	0.000000e+00
4.600893e+00	4.239573e+01	9.036027e-02	220135.000000	0.000000e+00
4.625467e+00	4.193540e+01	8.854444e-02	224305.000000	0.000000e+00
4.650035e+00	4.185554e+01	8.825630e-02	224913.000000	0.000000e+00
4.674541e+00	4.132739e+01	8.660065e-02	227737.000000	0.000000e+00
4.699104e+00	4.069990e+01	8.471152e-02	230835.000000	0.000000e+00
4.723670e+00	4.049876e+01	8.394053e-02	232777.000000	0.000000e+00
4.748182e+00	4.019385e+01	8.302300e-02	234381.000000	0.000000e+00
4.772682e+00	3.979182e+01	8.162447e-02	237655.000000	0.000000e+00
4.797203e+00	3.946290e+01	8.066818e-02	239317.000000	0.000000e+00
4.821755e+00	3.909471e+01	7.922012e-02	243537.000000	0.000000e+00
4.846361e+00	3.883269e+01	7.841755e-02	245227.000000	0.000000e+00
4.870915e+00	3.832864e+01	7.707945e-02	247269.000000	0.000000e+00
4.895426e+00	3.809606e+01	7.624933e-02	249625.000000	0.000000e+00
4.919952e+00	3.790820e+01	7.546449e-02	252337.000000	0.000000e+00
4.944496e+00	3.743408e+01	7.408130e-02	255339.000000	0.000000e+00
4.969013e+00	3.703837e+01	7.313712e-02	256465.000000	0.000000e+00
4.993562e+00	3.681200e+01	7.201817e-02	261273.000000	0.000000e+00
5.018138e+00	3.644651e+01	7.116789e-02	262267.000000	0.000000e+00
5.042642e+00	3.611860e+01	7.020523e-02	264681.000000	0.000000e+00
5.067215e+00	3.568471e+01	6.879140e-02	269089.000000	0.000000e+00
5.091775e+00	3.559865e+01	6.859187e-02	269353.000000	0.000000e+00
5.116309e+00	3.532395e+01	6.747862e-02	274035.000000	0.000000e+00
5.140838e+00	3.495917e+01	6.675281e-02	274273.000000	0.000000e+00
5.165333e+00	3.471867e+01	6.578657e-02	278517.000000	0.000000e+00
5.189818e+00	3.447045e+01	6.520839e-02	279439.000000	0.000000e+00
5.214351e+00	3.408924e+01	6.388224e-02	284757.000000	0.000000e+00
5.238947e+00	3.391713e+01	6.337658e-02	286405.000000	0.000000e+00
5.263479e+00	3.354117e+01	6.244361e-02	288523.000000	0.000000e+00
5.288002e+00	3.328184e+01	6.162701e-02	291657.000000	0.000000e+00
5.312546e+00	3.290651e+01	6.065029e-02	294373.000000	0.000000e+00
5.337121e+00	3.278716e+01	6.007908e-02	297825.000000	0.000000e+00
5.361672e+00	3.252666e+01	5.944763e-02	299371.000000	0.000000e+00
5.386196e+00	3.223485e+01	5.859787e-02	302613.000000	0.000000e+00
5.410715e+00	3.201911e+01	5.801239e-02	304633.000000	0.000000e+00
5.435244e+00	3.171282e+01	5.709372e-02	308527.000000	0.000000e+00
5.459823e+00	3.140583e+01	5.628312e-02	311361.000000	0.000000e+00
5.484389e+00	3.123223e+01	5.572734e-02	314101.000000	0.000000e+00
5.508889e+00	3.098864e+01	5.523505e-02	314757.000000	0.000000e+00
5.533464e+00	3.073312e+01	5.414865e-02	322135.000000	0.000000e+00
5.558036e+00	3.049936e+01	5.390523e-02	320125.000000	0.000000e+00
5.582484e+00	3.020675e+01	5.301414e-02	324657.000000	0.000000e+00
5.606956e+00	2.991131e+01	5.235279e-02	326431.000000	0.000000e+00
5.631560e+00	2.976171e+01	5.152750e-02	333609.000000	0.000000e+00
5.656168e+00	2.947329e+01	5.107470e-02	333001.000000	0.000000e+00
5.680698e+00	2.924721e+01	5.040338e-02	336705.000000	0.000000e+00
5.705204e+00	2.907143e+01	4.997164e-02	338443.000000	0.000000e+00
5.729704e+00	2.895753e+01	4.950323e-02	342181.000000	0.000000e+00
5.754232e+00	2.856915e+01	4.862857e-02	345153.000000	0.000000e+00
5.778772e+00	2.831999e+01	4.796424e-02	348619.000000	0.000000e+00
5.803342e+00	2.812421e+01	4.744184e-02	351429.000000	0.000000e+00
5.827902e+00	2.788047e+01	4.681273e-02	354709.000000	0.000000e+00
5.852409e+00	2.777009e+01	4.655487e-02	355815.000000	0.000000e+00
5.876957e+00	2.756245e+01	4.582825e-02	361717.000000	0.000000e+00
5.901534e+00	2.736615e+01	4.543109e-02	362845.000000	0.000000e+00
5.926030e+00	2.716580e+01	4.495400e-02	365181.000000	0.000000e+00
5.950548e+00	2.706188e+01	4.449865e-02	369847.000000	0.000000e+00
5.975137e+00	2.672492e+01	4.374902e-02	373161.000000	0.000000e+00
5.999657e+00	2.649637e+01	4.333285e-02	373885.000000	0.000000e+00
6.024161e+00	2.642842e+01	4.292982e-02	378987.000000	0.000000e+00
6.048714e+00	2.620455e+01	4.243815e-02	381277.000000	0.000000e+00
6.073267e+00	2.604165e+01	4.194394e-02	385477.000000	0.000000e+00
6.097868e+00	2.581293e+01	4.139511e-02	388845.000000	0.000000e+00
6.122369e+00	2.562366e+01	4.110375e-02	388615.000000	0.000000e+00
6.146867e+00	2.540866e+01	4.042375e-02	395085.000000	0.000000e+00
6.171452e+00	2.531408e+01	4.015676e-02	397381.000000	0.000000e+00
6.195974e+00	2.507548e+01	3.965420e-02	399871.000000	0.000000e+00
6.220444e+00	2.488448e+01	3.927260e-02	401493.000000	0.000000e+00
6.244986e+00	2.480266e+01	3.878556e-02	408937.000000	0.000000e+00
6.269588e+00	2.447700e+01	3.823640e-02	409791.000000	0.000000e+00
6.294124e+00	2.432878e+01	3.785614e-02	413017.000000	0.000000e+00
6.318633e+00	2.419842e+01	3.752884e-02	415761.000000	0.000000e+00
6.343202e+00	2.400808e+01	3.700718e-02	420865.000000	0.000000e+00
6.367770e+00	2.385515e+01	3.668865e-02	422767.000000	0.000000e+00
6.392288e+00	2.371579e+01	3.636036e-02	425421.000000	0.000000e+00
6.416837e+00	2.354566e+01	3.588490e-02	430525.000000	0.000000e+00
6.441383e+00	2.337786e+01	3.557904e-02	431739.000000	0.000000e+00
6.465913e+00	2.322703e+01	3.515517e-02	436525.000000	0.000000e+00
6.490433e+00	2.313299e+01	3.493959e-02	438357.000000	0.000000e+00
6.514946e+00	2.286717e+01	3.438066e-02	442381.000000	0.000000e+00
6.539518e+00	2.276447e+01	3.402769e-02	447559.000000	0.000000e+00
6.564059e+00	2.256477e+01	3.372232e-02	447741.000000	0.000000e+00
6.588587e+00	2.245971e+01	3.333853e-02	453853.000000	0.000000e+00
6.613110e+00	2.226123e+01	3.302290e-02	454431.000000	0.000000e+00
6.637622e+00	2.213112e+01	3.263194e-02	459961.000000	0.000000e+00
6.662172e+00	2.195219e+01	3.226976e-02	462769.000000	0.000000e+00
6.686693e+00	2.180973e+01	3.195727e-02	465759.000000	0.000000e+00
6.711227e+00	2.166230e+01	3.159915e-02	469957.000000	0.000000e+00
6.735777e+00	2.150030e+01	3.124592e-02	473481.000000	0.000000e+00
6.760323e+00	2.140829e+01	3.102178e-02	476245.000000	0.000000e+00
6.784855e+00	2.123603e+01	3.064191e-02	480303.000000	0.000000e+00
6.809427e+00	2.113881e+01	3.036693e-02	484573.000000	0.000000e+00
6.833979e+00	2.103796e+01	3.016236e-02	486493.000000	0.000000e+00
6.858503e+00	2.089593e+01	2.983274e-02	490611.000000	0.000000e+00
6.883055e+00	2.075417e+01	2.952051e-02	494269.000000	0.000000e+00
6.907584e+00	2.059172e+01	2.920071e-02	497277.000000	0.000000e+00
6.932134e+00	2.050572e+01	2.895072e-02	501685.000000	0.000000e+00
6.956669e+00	2.028974e+01	2.857610e-02	504135.000000	0.000000e+00
6.981221e+00	2.017730e+01	2.827747e-02	509149.000000	0.000000e+00
7.005753e+00	2.004238e+01	2.804776e-02	510625.000000	0.000000e+00
7.030233e+00	1.989778e+01	2.774189e-02	514443.000000	0.000000e+00
7.054782e+00	1.984826e+01	2.752371e-02	520033.000000	0.000000e+00
7.079343e+00	1.970524e+01	2.725326e-02	522789.000000	0.000000e+00
7.103883e+00	1.953584e+01	2.693615e-02	526009.000000	0.000000e+00
7.128424e+00	1.944825e+01	2.670227e-02	530475.000000	0.000000e+00
7.152965e+00	1.933225e+01	2.648023e-02	532993.000000	0.000000e+00
7.177501e+00	1.916038e+01	2.613384e-02	537529.000000	0.000000e+00
7.202013e+00	1.905840e+01	2.594262e-02	539691.000000	0.000000e+00
7.226577e+00	1.894677e+01	2.562628e-02	546637.000000	0.000000e+00
7.251125e+00	1.885965e+01	2.550098e-02	546957.000000	0.000000e+00
7.275651e+00	1.877516e+01	2.525553e-02	552655.000000	0.000000e+00
7.300226e+00	1.860665e+01	2.493819e-02	556681.000000	0.000000e+00
7.324759e+00	1.852960e+01	2.479442e-02	558501.000000	0.000000e+00
7.349299e+00	1.836767e+01	2.445346e-02	564193.000000	0.000000e+00
7.373825e+00	1.827750e+01	2.430417e-02	565551.000000	0.000000e+00
7.398312e+00	1.814758e+01	2.404057e-02	569833.000000	0.000000e+00
7.422892e+00	1.811717e+01	2.384274e-02	577389.000000	0.000000e+00
7.447442e+00	1.789662e+01	2.357409e-02	576331.000000	0.000000e+00
7.471956e+00	1.784521e+01	2.337449e-02	582853.000000	0.000000e+00
7.496499e+00	1.771399e+01	2.314226e-02	585897.000000	0.000000e+00
7.521014e+00	1.765795e+01	2.301530e-02	588637.000000	0.000000e+00
7.545557e+00	1.752888e+01	2.271978e-02	595251.000000	0.000000e+00
7.570086e+00	1.739741e+01	2.253806e-02	595849.000000	0.000000e+00
7.594613e+00	1.731982e+01	2.231793e-02	602253.000000	0.000000e+00
7.619172e+00	1.716146e+01	2.204789e-02	605863.000000	0.000000e+00
7.643756e+00	1.711357e+01	2.189602e-02	610873.000000	0.000000e+00
7.668263e+00	1.702800e+01	2.179581e-02	610353.000000	0.000000e+00
7.692777e+00	1.693432e+01	2.153081e-02	618607.000000	0.000000e+00
7.717371e+00	1.682982e+01	2.133633e-02	622185.000000	0.000000e+00
7.741929e+00	1.673606e+01	2.116562e-02	625237.000000	0.000000e+00
7.766457e+00	1.662019e+01	2.097231e-02	628029.000000	0.000000e+00
7.790953e+00	1.653566e+01	2.080039e-02	631975.000000	0.000000e+00
7.815489e+00	1.642906e+01	2.057615e-02	637525.000000	0.000000e+00
7.840050e+00	1.634273e+01	2.039966e-02	641805.000000	0.000000e+00
7.864588e+00	1.624480e+01	2.023776e-02	644323.000000	0.000000e+00
7.889126e+00	1.614288e+01	2.003219e-02	649389.000000	0.000000e+00
7.913643e+00	1.606311e+01	1.989770e-02	651709.000000	0.000000e+00
7.938181e+00	1.595896e+01	1.966934e-02	658309.000000	0.000000e+00
7.962760e+00	1.592039e+01	1.955806e-02	662607.000000	0.000000e+00
7.987311e+00	1.579686e+01	1.938248e-02	664237.000000	0.000000e+00
8.011811e+00	1.565522e+01	1.915209e-02	668169.000000	0.000000e+00
8.036325e+00	1.563180e+01	1.904597e-02	673615.000000	0.000000e+00
8.060868e+00	1.549785e+01	1.882647e-02	677649.000000	0.000000e+00
8.085446e+00	1.545969e+01	1.869419e-02	683893.000000	0.000000e+00
8.109989e+00	1.536711e+01	1.858208e-02	683905.000000	0.000000e+00
8.134471e+00	1.528530e+01	1.841667e-02	688851.000000	0.000000e+00
8.159038e+00	1.518008e+01	1.818021e-02	697189.000000	0.000000e+00
8.183598e+00	1.511292e+01	1.811199e-02	696249.000000	0.000000e+00
8.208073e+00	1.505396e+01	1.797502e-02	701395.000000	0.000000e+00
8.232590e+00	1.498468e+01	1.782757e-02	706497.000000	0.000000e+00
8.257144e+00	1.487853e+01	1.762922e-02	712285.000000	0.000000e+00
8.281710e+00	1.478294e+01	1.747457e-02	715663.000000	0.000000e+00
8.306271e+00	1.469958e+01	1.732294e-02	720057.000000	0.000000e+00
8.330826e+00	1.465204e+01	1.721288e-02	724585.000000	0.000000e+00
8.355374e+00	1.456303e+01	1.707685e-02	727257.000000	0.000000e+00
8.379901e+00	1.448699e+01	1.692443e-02	732703.000000	0.000000e+00
8.404418e+00	1.440928e+01	1.680928e-02	734829.000000	0.000000e+00
8.428928e+00	1.431389e+01	1.663182e-02	740689.000000	0.000000e+00
8.453504e+00	1.420404e+01	1.642356e-02	747979.000000	0.000000e+00
8.478051e+00	1.416638e+01	1.639104e-02	746973.000000	0.000000e+00
8.502580e+00	1.409761e+01	1.621006e-02	756349.000000	0.000000e+00
8.527138e+00	1.404946e+01	1.615165e-02	756633.000000	0.000000e+00
8.551634e+00	1.395634e+01	1.599221e-02	761599.000000	0.000000e+00
8.576156e+00	1.388576e+01	1.585342e-02	767173.000000	0.000000e+00
8.600697e+00	1.381091e+01	1.572612e-02	771261.000000	0.000000e+00
8.625259e+00	1.373361e+01	1.557488e-02	777535.000000	0.000000e+00
8.649836e+00	1.365811e+01	1.545849e-02	780633.000000	0.000000e+00
8.674376e+00	1.358755e+01	1.533844e-02	784729.000000	0.000000e+00
8.698927e+00	1.352659e+01	1.522104e-02	789747.000000	0.000000e+00
8.723450e+00	1.346071e+01	1.512637e-02	791893.000000	0.000000e+00
8.747957e+00	1.337392e+01	1.497426e-02	797677.000000	0.000000e+00
8.772521e+00	1.331548e+01	1.484612e-02	804429.000000	0.000000e+00
8.797047e+00	1.322702e+01	1.474652e-02	804535.000000	0.000000e+00
8.821541e+00	1.318460e+01	1.464177e-02	810861.000000	0.000000e+00
8.846076e+00	1.312881e+01	1.453094e-02	816325.000000	0.000000e+00
8.870641e+00	1.307599e+01	1.441894e-02	822399.000000	0.000000e+00
8.895170e+00	1.303428e+01	1.437201e-02	822505.000000	0.000000e+00
8.919713e+00	1.291731e+01	1.415596e-02	832657.000000	0.000000e+00
8.944263e+00	1.288596e+01	1.412835e-02	831861.000000	0.000000e+00
8.968772e+00	1.281428e+01	1.398707e-02	839335.000000	0.000000e+00
8.993334e+00	1.274509e+01	1.386728e-02	844701.000000	0.000000e+00
9.017895e+00	1.269209e+01	1.378317e-02	847945.000000	0.000000e+00
9.042430e+00	1.263185e+01	1.367773e-02	852915.000000	0.000000e+00
9.066970e+00	1.255707e+01	1.356599e-02	856789.000000	0.000000e+00
9.091538e+00	1.252156e+01	1.346404e-02	864901.000000	0.000000e+00
9.116063e+00	1.244914e+01	1.340513e-02	862455.000000	0.000000e+00
9.140573e+00	1.235944e+01	1.322429e-02	873481.000000	0.000000e+00
9.165140e+00	1.235099e+01	1.319742e-02	875841.000000	0.000000e+00
9.189653e+00	1.225813e+01	1.307651e-02	878749.000000	0.000000e+00
9.214176e+00	1.219658e+01	1.295380e-02	886507.000000	0.000000e+00
9.238722e+00	1.214859e+01	1.288373e-02	889137.000000	0.000000e+00
9.263252e+00	1.210566e+01	1.279455e-02	895213.000000	0.000000e+00
9.287810e+00	1.204206e+01	1.268878e-02	900663.000000	0.000000e+00
9.312363e+00	1.198002e+01	1.259826e-02	904261.000000	0.000000e+00
9.336898e+00	1.193468e+01	1.251702e-02	909117.000000	0.000000e+00
9.361428e+00	1.189834e+01	1.245277e-02	912937.000000	0.000000e+00
9.385969e+00	1.182627e+01	1.232967e-02	920011.000000	0.000000e+00
9.410496e+00	1.176994e+01	1.226269e-02	921249.000000	0.000000e+00
9.435027e+00	1.172178e+01	1.215476e-02	930025.000000	0.000000e+00
9.459577e+00	1.167236e+01	1.208869e-02	932307.000000	0.000000e+00
9.484080e+00	1.163086e+01	1.202254e-02	935905.000000	0.000000e+00
9.508599e+00	1.156968e+01	1.190873e-02	943869.000000	0.000000e+00
9.533177e+00	1.154391e+01	1.184714e-02	949465.000000	0.000000e+00
9.557740e+00	1.147259e+01	1.175313e-02	952831.000000	0.000000e+00
9.582283e+00	1.143569e+01	1.168570e-02	957669.000000	0.000000e+00
9.606825e+00	1.136671e+01	1.158647e-02	962425.000000	0.000000e+00
9.631356e+00	1.133834e+01	1.153012e-02	967011.000000	0.000000e+00
9.655881e+00	1.127721e+01	1.144244e-02	971329.000000	0.000000e+00
9.680426e+00	1.122720e+01	1.134839e-02	978757.000000	0.000000e+00
9.704942e+00	1.118721e+01	1.130705e-02	978915.000000	0.000000e+00
9.729497e+00	1.112814e+01	1.117533e-02	991573.000000	0.000000e+00
9.754046e+00	1.108874e+01	1.115010e-02	989025.000000	0.000000e+00
9.778535e+00	1.102294e+01	1.104677e-02	995689.000000	0.000000e+00
9.803103e+00	1.098637e+01	1.095134e-02	1006407.000000	0.000000e+00
9.827649e+00	1.094833e+01	1.093033e-02	1003297.000000	0.000000e+00
9.852180e+00	1.090202e+01	1.081811e-02	1015573.000000	0.000000e+00
9.876731e+00	1.085582e+01	1.077449e-02	1015155.000000	0.000000e+00
9.901284e+00	1.079856e+01	1.066540e-02	1025125.000000	0.000000e+00
9.925835e+00	1.075468e+01	1.061637e-02	1026225.000000	0.000000e+00
9.950350e+00	1.070572e+01	1.054155e-02	1031389.000000	0.000000e+00
9.974902e+00	1.067006e+01	1.046258e-02	1040055.000000	0.000000e+00
9.999429e+00	1.062978e+01	1.042845e-02	1038985.000000	0.000000e+00
1.002392e+01	1.057701e+01	1.033357e-02	1047673.000000	0.000000e+00
1.004849e+01	1.056715e+01	1.028576e-02	1055463.000000	0.000000e+00
1.007303e+01	1.052278e+01	1.023914e-02	1056169.000000	0.000000e+00
1.009756e+01	1.046072e+01	1.013889e-02	1064493.000000	0.000000e+00
1.012209e+01	1.042204e+01	1.009140e-02	1066603.000000	0.000000e+00
1.014664e+01	1.039045e+01	1.001555e-02	1076265.000000	0.000000e+00
1.017120e+01	1.034177e+01	9.958836e-03	1078381.000000	0.000000e+00
1.019572e+01	1.029959e+01	9.899674e-03	1082425.000000	0.000000e+00
1.022025e+01	1.027747e+01	9.841975e-03	1090455.000000	0.000000e+00
1.024479e+01	1.023986e+01	9.792510e-03	1093453.000000	0.000000e+00
1.026933e+01	1.018865e+01	9.713013e-03	1100337.000000	0.000000e+00
1.029386e+01	1.014972e+01	9.658752e-03	1104247.000000	0.000000e+00
1.031842e+01	1.010815e+01	9.584958e-03	1112149.000000	0.000000e+00
1.034296e+01	1.008941e+01	9.555561e-03	1114857.000000	0.000000e+00
1.036749e+01	1.006268e+01	9.508194e-03	1120033.000000	0.000000e+00
1.039203e+01	1.001892e+01	9.434856e-03	1127643.000000	0.000000e+00
1.041655e+01	9.989165e+00	9.403939e-03	1128337.000000	0.000000e+00
1.044111e+01	9.946574e+00	9.309171e-03	1141629.000000	0.000000e+00
1.046570e+01	9.907364e+00	9.270388e-03	1142143.000000	0.000000e+00
1.049021e+01	9.862419e+00	9.217323e-03	1144873.000000	0.000000e+00
1.051473e+01	9.832797e+00	9.152556e-03	1154169.000000	0.000000e+00
1.053925e+01	9.812709e+00	9.130496e-03	1155019.000000	0.000000e+00
1.056380e+01	9.769877e+00	9.039408e-03	1168149.000000	0.000000e+00
1.058835e+01	9.746173e+00	9.023303e-03	1166641.000000	0.000000e+00
1.061283e+01	9.694017e+00	8.959101e-03	1170789.000000	0.000000e+00
1.063739e+01	9.679617e+00	8.889264e-03	1185727.000000	0.000000e+00
1.066197e+01	9.637406e+00	8.856710e-03	1184065.000000	0.000000e+00
1.068650e+01	9.627405e+00	8.820000e-03	1191465.000000	0.000000e+00
1.071103e+01	9.574703e+00	8.760571e-03	1194499.000000	0.000000e+00
1.073555e+01	9.549461e+00	8.710428e-03	1201929.000000	0.000000e+00
1.076011e+01	9.534953e+00	8.669869e-03	1209517.000000	0.000000e+00
1.078466e+01	9.495098e+00	8.623256e-03	1212429.000000	0.000000e+00
1.080918e+01	9.466624e+00	8.581620e-03	1216891.000000	0.000000e+00
1.083370e+01	9.429020e+00	8.527185e-03	1222705.000000	0.000000e+00
1.085823e+01	9.406746e+00	8.479471e-03	1230669.000000	0.000000e+00
1.088282e+01	9.360660e+00	8.408878e-03	1239187.000000	0.000000e+00
1.090737e+01	9.356262e+00	8.409930e-03	1237713.000000	0.000000e+00
1.093189e+01	9.302795e+00	8.331501e-03	1246753.000000	0.000000e+00
1.095642e+01	9.288377e+00	8.306963e-03	1250245.000000	0.000000e+00
1.098096e+01	9.272855e+00	8.260552e-03	1260111.000000	0.000000e+00
1.100552e+01	9.243084e+00	8.228045e-03	1261945.000000	0.000000e+00
1.103005e+01	9.207319e+00	8.174485e-03	1268661.000000	0.000000e+00
1.105458e+01	9.184653e+00	8.136992e-03	1274083.000000	0.000000e+00
1.107911e+01	9.160077e+00	8.098298e-03	1279413.000000	0.000000e+00
1.110366e+01	9.139380e+00	8.054794e-03	1287433.000000	0.000000e+00
1.112821e+01	9.115059e+00	8.021834e-03	1291135.000000	0.000000e+00
1.115273e+01	9.083415e+00	7.980380e-03	1295541.000000	0.000000e+00
1.117726e+01	9.073850e+00	7.949318e-03	1302937.000000	0.000000e+00
1.120181e+01	9.042476e+00	7.901531e-03	1309641.000000	0.000000e+00
1.122634e+01	9.018428e+00	7.872232e-03	1312399.000000	0.000000e+00
1.125085e+01	9.025896e+00	7.859581e-03	1318809.000000	0.000000e+00
1.127541e+01	8.976433e+00	7.784758e-03	1329589.000000	0.000000e+00
1.129999e+01	8.965687e+00	7.769217e-03	1331719.000000	0.000000e+00
1.132451e+01	8.951666e+00	7.746877e-03	1335225.000000	0.000000e+00
1.134903e+01	8.925238e+00	7.699640e-03	1343689.000000	0.000000e+00
1.137357e+01	8.910173e+00	7.673850e-03	1348173.000000	0.000000e+00
1.139811e+01	8.897553e+00	7.640137e-03	1356247.000000	0.000000e+00
1.142265e+01	8.872896e+00	7.611555e-03	1358889.000000	0.000000e+00
1.144718e+01	8.866596e+00	7.582939e-03	1367221.000000	0.000000e+00
1.147174e+01	8.837051e+00	7.538886e-03	1374043.000000	0.000000e+00
1.149628e+01	8.821102e+00	7.516451e-03	1377273.000000	0.000000e+00
1.152079e+01	8.809043e+00	7.494941e-03	1381405.000000	0.000000e+00
1.154533e+01	8.777507e+00	7.436902e-03	1393023.000000	0.000000e+00
1.156988e+01	8.764701e+00	7.423723e-03	1393897.000000	0.000000e+00
1.159441e+01	8.762424e+00	7.397887e-03	1402921.000000	0.000000e+00
1.161895e+01	8.733011e+00	7.360515e-03	1407705.000000	0.000000e+00
1.164349e+01	8.721550e+00	7.334000e-03	1414183.000000	0.000000e+00
1.166804e+01	8.712452e+00	7.311871e-03	1419789.000000	0.000000e+00
1.169259e+01	8.700630e+00	7.282606e-03	1427341.000000	0.000000e+00
1.171712e+01	8.696285e+00	7.275051e-03	1428879.000000	0.000000e+00
1.174164e+01	8.652920e+00	7.215155e-03	1438249.000000	0.000000e+00
1.176619e+01	8.667092e+00	7.209160e-03	1445365.000000	0.000000e+00
1.179072e+01	8.639733e+00	7.183282e-03	1446621.000000	0.000000e+00
1.181525e+01	8.628824e+00	7.147527e-03	1457443.000000	0.000000e+00
1.183979e+01	8.611903e+00	7.124683e-03	1461057.000000	0.000000e+00
1.186435e+01	8.608251e+00	7.099847e-03	1470049.000000	0.000000e+00
1.188889e+01	8.605871e+00	7.089782e-03	1473411.000000	0.000000e+00
1.191343e+01	8.594578e+00	7.064907e-03	1479913.000000	0.000000e+00
1.193797e+01	8.603924e+00	7.056217e-03	1486789.000000	0.000000e+00
1.196251e+01	8.579722e+00	7.024806e-03	1491687.000000	0.000000e+00
1.198703e+01	8.573854e+00	7.007222e-03	1497133.000000	0.000000e+00
1.201156e+01	8.562977e+00	6.979876e-03	1505061.000000	0.000000e+00
1.203612e+01	8.557657e+00	6.960700e-03	1511485.000000	0.000000e+00
1.206065e+01	8.545665e+00	6.941854e-03	1515447.000000	0.000000e+00
1.208515e+01	8.547397e+00	6.933254e-03	1519825.000000	0.000000e+00
1.210971e+01	8.533106e+00	6.885791e-03	1535701.000000	0.000000e+00
1.213428e+01	8.532919e+00	6.893828e-03	1532055.000000	0.000000e+00
1.215881e+01	8.524938e+00	6.858330e-03	1545061.000000	0.000000e+00
1.218336e+01	8.514336e+00	6.848587e-03	1545609.000000	0.000000e+00
1.220787e+01	8.527985e+00	6.844455e-03	1552441.000000	0.000000e+00
1.223242e+01	8.527623e+00	6.819134e-03	1563859.000000	0.000000e+00
1.225696e+01	8.521211e+00	6.814629e-03	1563573.000000	0.000000e+00
1.228148e+01	8.525174e+00	6.795997e-03	1573621.000000	0.000000e+00
1.230602e+01	8.528669e+00	6.787866e-03	1578687.000000	0.000000e+00
1.233056e+01	8.521000e+00	6.766918e-03	1585621.000000	0.000000e+00
1.235512e+01	8.525816e+00	6.750321e-03	1595229.000000	0.000000e+00
1.237965e+01	8.512614e+00	6.743869e-03	1593337.000000	0.000000e+00
1.240419e+01	8.525193e+00	6.719321e-03	1609747.000000	0.000000e+00
1.242874e+01	8.520095e+00	6.720762e-03	1607133.000000	0.000000e+00
1.245325e+01	8.527720e+00	6.707689e-03	1616293.000000	0.000000e+00
1.247780e+01	8.523067e+00	6.680679e-03	1627611.000000	0.000000e+00
1.250235e+01	8.536735e+00	6.693790e-03	1626445.000000	0.000000e+00
1.252688e+01	8.540920e+00	6.671240e-03	1639065.000000	0.000000e+00
1.255143e+01	8.554108e+00	6.676317e-03	1641631.000000	0.000000e+00
1.257596e+01	8.554596e+00	6.669636e-03	1645109.500000	0.000000e+00
1.260049e+01	8.523537e+00	6.651195e-03	1642254.000000	0.000000e+00
1.262503e+01	8.505865e+00	6.643723e-03	1639132.000000	0.000000e+00
1.264958e+01	8.481802e+00	6.629415e-03	1636914.000000	0.000000e+00
1.267411e+01	8.458674e+00	6.623955e-03	1630684.000000	0.000000e+00
1.269864e+01	8.432383e+00	6.607343e-03	1628722.000000	0.000000e+00
1.272316e+01	8.402733e+00	6.592819e-03	1624422.000000	0.000000e+00
1.274773e+01	8.390932e+00	6.577796e-03	1627270.000000	0.000000e+00
1.277225e+01	8.365742e+00	6.588751e-03	1612140.000000	0.000000e+00
1.279677e+01	8.345172e+00	6.557441e-03	1619578.000000	0.000000e+00
1.282133e+01	8.327928e+00	6.563306e-03	1610010.000000	0.000000e+00
1.284587e+01	8.304370e+00	6.543330e-03	1610704.000000	0.000000e+00
1.287043e+01	8.279540e+00	6.534814e-03	1605262.000000	0.000000e+00
1.289495e+01	8.262412e+00	6.533317e-03	1599360.000000	0.000000e+00
1.291951e+01	8.249068e+00	6.517527e-03	1601932.000000	0.000000e+00
1.294403e+01	8.227703e+00	6.527901e-03	1588584.000000	0.000000e+00
1.296853e+01	8.221127e+00	6.516389e-03	1591654.000000	0.000000e+00
1.299309e+01	8.182468e+00	6.491103e-03	1589028.000000	0.000000e+00
1.301763e+01	8.158886e+00	6.488233e-03	1581280.000000	0.000000e+00
1.304217e+01	8.134986e+00	6.469706e-03	1581046.000000	0.000000e+00
1.306670e+01	8.133343e+00	6.480902e-03	1574952.000000	0.000000e+00
1.309123e+01	8.126879e+00	6.482946e-03	1571458.000000	0.000000e+00
1.311579e+01	8.104372e+00	6.465518e-03	1571202.000000	0.000000e+00
1.314034e+01	8.091277e+00	6.468899e-03	1564492.000000	0.000000e+00
1.316488e+01	8.069319e+00	6.459347e-03	1560618.000000	0.000000e+00
1.318940e+01	8.041853e+00	6.447038e-03	1555936.000000	0.000000e+00
1.321393e+01	8.038871e+00	6.452229e-03	1552282.000000	0.000000e+00
1.323848e+01	8.007753e+00	6.428217e-03	1551816.000000	0.000000e+00
1.326302e+01	7.998022e+00	6.439097e-03	1542820.000000	0.000000e+00
1.328757e+01	7.979962e+00	6.421170e-03	1544448.000000	0.000000e+00
1.331210e+01	7.962022e+00	6.427095e-03	1534678.000000	0.000000e+00
1.333662e+01	7.933303e+00	6.406832e-03	1533280.000000	0.000000e+00
1.336117e+01	7.926069e+00	6.405586e-03	1531080.000000	0.000000e+00
1.338570e+01	7.907222e+00	6.407053e-03	1523110.000000	0.000000e+00
1.341022e+01	7.891778e+00	6.398468e-03	1521240.000000	0.000000e+00
1.343476e+01	7.879108e+00	6.397378e-03	1516876.000000	0.000000e+00
1.345932e+01	7.864006e+00	6.387790e-03	1515606.000000	0.000000e+00
1.348389e+01	7.852036e+00	6.387600e-03	1511086.000000	0.000000e+00
1.350843e+01	7.825172e+00	6.383577e-03	1502656.000000	0.000000e+00
1.353293e+01	7.819526e+00	6.387312e-03	1498734.000000	0.000000e+00
1.355748e+01	7.800459e+00	6.372188e-03	1498522.000000	0.000000e+00
1.358203e+01	7.785236e+00	6.374262e-03	1491708.000000	0.000000e+00
1.360658e+01	7.775886e+00	6.371147e-03	1489582.000000	0.000000e+00
1.363111e+01	7.760079e+00	6.377177e-03	1480728.000000	0.000000e+00
1.365563e+01	7.753153e+00	6.371813e-03	1480576.000000	0.000000e+00
1.368019e+01	7.733011e+00	6.365392e-03	1475866.000000	0.000000e+00
1.370473e+01	7.724961e+00	6.372429e-03	1469544.000000	0.000000e+00
1.372924e+01	7.698582e+00	6.363012e-03	1463848.000000	0.000000e+00
1.375380e+01	7.688155e+00	6.347291e-03	1467126.000000	0.000000e+00
1.377836e+01	7.685874e+00	6.372745e-03	1454566.000000	0.000000e+00
1.380287e+01	7.658088e+00	6.356168e-03	1451610.000000	0.000000e+00
1.382737e+01	7.636943e+00	6.351302e-03	1445818.000000	0.000000e+00
1.385191e+01	7.636984e+00	6.350901e-03	1446016.000000	0.000000e+00
1.387648e+01	7.630135e+00	6.357717e-03	1440330.000000	0.000000e+00
1.390103e+01	7.605440e+00	6.346153e-03	1436242.000000	0.000000e+00
1.392557e+01	7.598293e+00	6.358513e-03	1427976.000000	0.000000e+00
1.395012e+01	7.592978e+00	6.351988e-03	1428910.000000	0.000000e+00
1.397464e+01	7.590664e+00	6.380251e-03	1415416.000000	0.000000e+00
1.399917e+01	7.554553e+00	6.338243e-03	1420626.000000	0.000000e+00
1.402372e+01	7.564782e+00	6.374119e-03	1408486.000000	0.000000e+00
1.404824e+01	7.550048e+00	6.364981e-03	1407036.000000	0.000000e+00
1.407278e+01	7.533005e+00	6.361042e-03	1402426.000000	0.000000e+00
1.409731e+01	7.519497e+00	6.365665e-03	1395372.000000	0.000000e+00
1.412183e+01	7.511547e+00	6.365402e-03	1392538.000000	0.000000e+00
1.414639e+01	7.504440e+00	6.364428e-03	1390330.000000	0.000000e+00
1.417094e+01	7.490797e+00	6.375412e-03	1380510.000000	0.000000e+00
1.419546e+01	7.479648e+00	6.368959e-03	1379194.000000	0.000000e+00
1.422001e+01	7.464696e+00	6.371946e-03	1372398.000000	0.000000e+00
1.424455e+01	7.455478e+00	6.371608e-03	1369156.000000	0.000000e+00
1.426908e+01	7.458005e+00	6.393194e-03	1360848.000000	0.000000e+00
1.429362e+01	7.444114e+00	6.381107e-03	1360924.000000	0.000000e+00
1.431818e+01	7.438756e+00	6.396399e-03	1352476.000000	0.000000e+00
1.434273e+01	7.433197e+00	6.398274e-03	1349664.000000	0.000000e+00
1.436724e+01	7.433857e+00	6.424776e-03	1338790.000000	0.000000e+00
1.439177e+01	7.423423e+00	6.407789e-03	1342122.000000	0.000000e+00
1.441633e+01	7.411284e+00	6.423487e-03	1331206.000000	0.000000e+00
1.444087e+01	7.394484e+00	6.414185e-03	1329024.000000	0.000000e+00
1.446541e+01	7.402599e+00	6.438547e-03	1321882.000000	0.000000e+00
1.448996e+01	7.382637e+00	6.427372e-03	1319338.000000	0.000000e+00
1.451448e+01	7.381747e+00	6.452172e-03	1308900.000000	0.000000e+00
1.453902e+01	7.370774e+00	6.439575e-03	1310122.000000	0.000000e+00
1.456356e+01	7.358090e+00	6.453765e-03	1299882.000000	0.000000e+00
1.458809e+01	7.361485e+00	6.465602e-03	1296322.000000	0.000000e+00
1.461262e+01	7.349601e+00	6.465603e-03	1292140.000000	0.000000e+00
1.463716e+01	7.338763e+00	6.475471e-03	1284408.000000	0.000000e+00
1.466171e+01	7.344960e+00	6.484080e-03	1283164.000000	0.000000e+00
1.468625e+01	7.333987e+00	6.498790e-03	1273548.000000	0.000000e+00
1.471078e+01	7.334543e+00	6.508708e-03	1269862.000000	0.000000e+00
1.473534e+01	7.322090e+00	6.504864e-03	1267050.000000	0.000000e+00
1.475987e+01	7.312279e+00	6.526199e-03	1255408.000000	0.000000e+00
1.478439e+01	7.311066e+00	6.524976e-03	1255462.000000	0.000000e+00
1.480894e+01	7.312035e+00	6.548470e-03	1246800.000000	0.000000e+00
1.483348e+01	7.298862e+00	6.543231e-03	1244302.000000	0.000000e+00
1.485802e+01	7.291384e+00	6.560768e-03	1235124.000000	0.000000e+00
1.488256e+01	7.287809e+00	6.563123e-03	1233028.000000	0.000000e+00
1.490708e+01	7.275370e+00	6.579507e-03	1222710.000000	0.000000e+00
1.493162e+01	7.280326e+00	6.585886e-03	1222006.000000	0.000000e+00
1.495618e+01	7.283416e+00	6.605584e-03	1215760.000000	0.000000e+00
1.498071e+01	7.275492e+00	6.622720e-03	1206846.000000	0.000000e+00
1.500525e+01	7.271029e+00	6.625221e-03	1204456.000000	0.000000e+00
1.502980e+01	7.267908e+00	6.641174e-03	1197648.000000	0.000000e+00
1.505434e+01	7.257640e+00	6.651369e-03	1190608.000000	0.000000e+00
1.507886e+01	7.267384e+00	6.672949e-03	1186098.000000	0.000000e+00
1.510342e+01	7.263761e+00	6.683420e-03	1181206.000000	0.000000e+00
1.512796e+01	7.247213e+00	6.692322e-03	1172704.000000	0.000000e+00
1.515246e+01	7.256866e+00	6.716384e-03	1167420.000000	0.000000e+00
1.517700e+01	7.244550e+00	6.717033e-03	1163236.000000	0.000000e+00
1.520157e+01	7.250414e+00	6.734215e-03	1159182.000000	0.000000e+00
1.522611e+01	7.244572e+00	6.762694e-03	1147588.000000	0.000000e+00
1.525063e+01	7.253686e+00	6.775135e-03	1146256.000000	0.000000e+00
1.527518e+01	7.241075e+00	6.787893e-03	1137984.000000	0.000000e+00
1.529972e+01	7.252419e+00	6.813385e-03	1133026.000000	0.000000e+00
1.532424e+01	7.253660e+00	6.837558e-03	1125414.000000	0.000000e+00
1.534877e+01	7.239946e+00	6.837974e-03	1121026.000000	0.000000e+00
1.537332e+01	7.251286e+00	6.866083e-03	1115352.000000	0.000000e+00
1.539786e+01	7.232517e+00	6.871720e-03	1107766.000000	0.000000e+00
1.542240e+01	7.249354e+00	6.900661e-03	1103614.000000	0.000000e+00
1.544694e+01	7.256737e+00	6.933800e-03	1095318.000000	0.000000e+00
1.547149e+01	7.245482e+00	6.936707e-03	1091008.000000	0.000000e+00
1.549603e+01	7.256038e+00	6.968994e-03	1084074.000000	0.000000e+00
1.552054e+01	7.255275e+00	7.000344e-03	1074160.000000	0.000000e+00
1.554506e+01	7.256706e+00	7.004712e-03	1073244.000000	0.000000e+00
1.556963e+01	7.256019e+00	7.025968e-03	1066558.000000	0.000000e+00
1.559418e+01	7.248585e+00	7.047353e-03	1057924.000000	0.000000e+00
1.561873e+01	7.255301e+00	7.066833e-03	1054050.000000	0.000000e+00
1.564327e+01	7.277206e+00	7.121228e-03	1044286.000000	0.000000e+00
1.566780e+01	7.266750e+00	7.120139e-03	1041606.000000	0.000000e+00
1.569233e+01	7.271450e+00	7.161999e-03	1030798.000000	0.000000e+00
1.571685e+01	7.276882e+00	7.178661e-03	1027552.000000	0.000000e+00
1.574141e+01	7.271104e+00	7.194748e-03	1021338.000000	0.000000e+00
1.576595e+01	7.270835e+00	7.222825e-03	1013338.000000	0.000000e+00
1.579049e+01	7.294950e+00	7.265274e-03	1008186.000000	0.000000e+00
1.581502e+01	7.284334e+00	7.286542e-03	999394.000000	0.000000e+00
1.583955e+01	7.307876e+00	7.327327e-03	994698.000000	0.000000e+00
1.586407e+01	7.297859e+00	7.345525e-03	987064.000000	0.000000e+00
1.588861e+01	7.303347e+00	7.373560e-03	981046.000000	0.000000e+00
1.591315e+01	7.311370e+00	7.403077e-03	975378.000000	0.000000e+00
1.593770e+01	7.313320e+00	7.433050e-03	968044.000000	0.000000e+00
1.596225e+01	7.327204e+00	7.472507e-03	961488.000000	0.000000e+00
1.598677e+01	7.340349e+00	7.518033e-03	953290.000000	0.000000e+00
1.601131e+01	7.356329e+00	7.551140e-03	949068.000000	0.000000e+00
1.603586e+01	7.339373e+00	7.566098e-03	940966.000000	0.000000e+00
1.606040e+01	7.362172e+00	7.617705e-03	934036.000000	0.000000e+00
1.608493e+01	7.368822e+00	7.650843e-03	927636.000000	0.000000e+00
1.610947e+01	7.381632e+00	7.696703e-03	919804.000000	0.000000e+00
1.613400e+01	7.392139e+00	7.732152e-03	913986.000000	0.000000e+00
1.615854e+01	7.397725e+00	7.765323e-03	907564.000000	0.000000e+00
1.618310e+01	7.413310e+00	7.812232e-03	900480.000000	0.000000e+00
1.620765e+01	7.422614e+00	7.852926e-03	893410.000000	0.000000e+00
1.623216e+01	7.422065e+00	7.896779e-03	883384.000000	0.000000e+00
1.625669e+01	7.429398e+00	7.915359e-03	880980.000000	0.000000e+00
1.628123e+01	7.457217e+00	7.989284e-03	871240.000000	0.000000e+00
1.630580e+01	7.448402e+00	7.997392e-03	867420.000000	0.000000e+00
1.633036e+01	7.474189e+00	8.071280e-03	857518.000000	0.000000e+00
1.635486e+01	7.491439e+00	8.132154e-03	848632.000000	0.000000e+00
1.637939e+01	7.491217e+00	8.146430e-03	845610.000000	0.000000e+00
1.640395e+01	7.507965e+00	8.209836e-03	836326.000000	0.000000e+00
1.642848e+01	7.519500e+00	8.257196e-03	829302.000000	0.000000e+00
1.645298e+01	7.531290e+00	8.314486e-03	820480.000000	0.000000e+00
1.647753e+01	7.536077e+00	8.337369e-03	817020.000000	0.000000e+00
1.650209e+01	7.542285e+00	8.388751e-03	808372.000000	0.000000e+00
1.652660e+01	7.567966e+00	8.470353e-03	798280.000000	0.000000e+00
1.655114e+01	7.578815e+00	8.496547e-03	795642.000000	0.000000e+00
1.657571e+01	7.580944e+00	8.549478e-03	786262.000000	0.000000e+00
1.660025e+01	7.615082e+00	8.634147e-03	777876.000000	0.000000e+00
1.662478e+01	7.623685e+00	8.674375e-03	772420.000000	0.000000e+00
1.664931e+01	7.618223e+00	8.724787e-03	762426.000000	0.000000e+00
1.667386e+01	7.664106e+00	8.797899e-03	758866.000000	0.000000e+00
1.669842e+01	7.686195e+00	8.885436e-03	748282.000000	0.000000e+00
1.672293e+01	7.682508e+00	8.925645e-03	740844.000000	0.000000e+00
1.674748e+01	7.700716e+00	8.976559e-03	735940.000000	0.000000e+00
1.677204e+01	7.707814e+00	9.047029e-03	725856.000000	0.000000e+00
1.679655e+01	7.734438e+00	9.123731e-03	718642.000000	0.000000e+00
1.682107e+01	7.745485e+00	9.181975e-03	711582.000000	0.000000e+00
1.684563e+01	7.771095e+00	9.256749e-03	704770.000000	0.000000e+00
1.687018e+01	7.783839e+00	9.324270e-03	696880.000000	0.000000e+00
1.689472e+01	7.791950e+00	9.394753e-03	687894.000000	0.000000e+00
1.691924e+01	7.818604e+00	9.469078e-03	681778.000000	0.000000e+00
1.694378e+01	7.831879e+00	9.550291e-03	672510.000000	0.000000e+00
1.696830e+01	7.851724e+00	9.622226e-03	665854.000000	0.000000e+00
1.699283e+01	7.862480e+00	9.695571e-03	657616.000000	0.000000e+00
1.701740e+01	7.883136e+00	9.764466e-03	651780.000000	0.000000e+00
1.704195e+01	7.888276e+00	9.844713e-03	642034.000000	0.000000e+00
1.706646e+01	7.906257e+00	9.937033e-03	633036.000000	0.000000e+00
1.709097e+01	7.954834e+00	1.004030e-02	627724.000000	0.000000e+00
1.711553e+01	7.950412e+00	1.010326e-02	619236.000000	0.000000e+00
1.714008e+01	7.972918e+00	1.020150e-02	610810.000000	0.000000e+00
1.716463e+01	7.987674e+00	1.027136e-02	604762.000000	0.000000e+00
1.718918e+01	7.995849e+00	1.037675e-02	593754.000000	0.000000e+00
1.721369e+01	8.035062e+00	1.048075e-02	587752.000000	0.000000e+00
1.723823e+01	8.014424e+00	1.053439e-02	578796.000000	0.000000e+00
1.726278e+01	8.064860e+00	1.066413e-02	571930.000000	0.000000e+00
1.728731e+01	8.040961e+00	1.071694e-02	562956.000000	0.000000e+00
1.731188e+01	8.085190e+00	1.084162e-02	556150.000000	0.000000e+00
1.733641e+01	8.089587e+00	1.094453e-02	546334.000000	0.000000e+00
1.736091e+01	8.104144e+00	1.105299e-02	537594.000000	0.000000e+00
1.738543e+01	8.130427e+00	1.114322e-02	532360.000000	0.000000e+00
1.741000e+01	8.117636e+00	1.123568e-02	521988.000000	0.000000e+00
1.743456e+01	8.151235e+00	1.134860e-02	515896.000000	0.000000e+00
1.745909e+01	8.143818e+00	1.145638e-02	505314.000000	0.000000e+00
1.748363e+01	8.144496e+00	1.153355e-02	498658.000000	0.000000e+00
1.750818e+01	8.137748e+00	1.162457e-02	490066.000000	0.000000e+00
1.753269e+01	8.163611e+00	1.178353e-02	479970.000000	0.000000e+00
1.755722e+01	8.166364e+00	1.185605e-02	474436.000000	0.000000e+00
1.758176e+01	8.162629e+00	1.198341e-02	463980.000000	0.000000e+00
1.760629e+01	8.171821e+00	1.209103e-02	456784.000000	0.000000e+00
1.763083e+01	8.179155e+00	1.221496e-02	448366.000000	0.000000e+00
1.765539e+01	8.152978e+00	1.229245e-02	439902.000000	0.000000e+00
1.767993e+01	8.153497e+00	1.241726e-02	431158.000000	0.000000e+00
1.770446e+01	8.158284e+00	1.254708e-02	422778.000000	0.000000e+00
1.772897e+01	8.140892e+00	1.265873e-02	413584.000000	0.000000e+00
1.775351e+01	8.114520e+00	1.272738e-02	406488.000000	0.000000e+00
1.777808e+01	8.075651e+00	1.280472e-02	397754.500000	0.000000e+00
1.780261e+01	8.075345e+00	1.294503e-02	389149.000000	0.000000e+00
1.782713e+01	8.076869e+00	1.306470e-02	382197.000000	0.000000e+00
1.785169e+01	8.043634e+00	1.312421e-02	375628.000000	0.000000e+00
1.787623e+01	8.081344e+00	1.332619e-02	367752.000000	0.000000e+00
1.790076e+01	8.061601e+00	1.340035e-02	361918.000000	0.000000e+00
1.792530e+01	8.057102e+00	1.352019e-02	355134.000000	0.000000e+00
1.794985e+01	8.066177e+00	1.366037e-02	348667.000000	0.000000e+00
1.797440e+01	8.070423e+00	1.378090e-02	342955.000000	0.000000e+00
1.799891e+01	8.063067e+00	1.391583e-02	335724.000000	0.000000e+00
1.802344e+01	8.058217e+00	1.400559e-02	331036.000000	0.000000e+00
1.804802e+01	8.099641e+00	1.419836e-02	325428.000000	0.000000e+00
1.807255e+01	8.071286e+00	1.430726e-02	318253.000000	0.000000e+00
1.809707e+01	8.086281e+00	1.442974e-02	314037.000000	0.000000e+00
1.812164e+01	8.108015e+00	1.460610e-02	308149.000000	0.000000e+00
1.814617e+01	8.086200e+00	1.470809e-02	302257.000000	0.000000e+00
1.817068e+01	8.137877e+00	1.492957e-02	297117.000000	0.000000e+00
1.819523e+01	8.141848e+00	1.505055e-02	292645.000000	0.000000e+00
1.821979e+01	8.159551e+00	1.522967e-02	287046.000000	0.000000e+00
1.824431e+01	8.173048e+00	1.540908e-02	281329.000000	0.000000e+00
1.826883e+01	8.148017e+00	1.547292e-02	277306.000000	0.000000e+00
1.829337e+01	8.197326e+00	1.571182e-02	272202.000000	0.000000e+00
1.831793e+01	8.200642e+00	1.584926e-02	267718.000000	0.000000e+00
1.834250e+01	8.213191e+00	1.601596e-02	262977.000000	0.000000e+00
1.836701e+01	8.202680e+00	1.617816e-02	257071.000000	0.000000e+00
1.839152e+01	8.207681e+00	1.629374e-02	253746.000000	0.000000e+00
1.841609e+01	8.217448e+00	1.645960e-02	249250.000000	0.000000e+00
1.844064e+01	8.258539e+00	1.671297e-02	244174.000000	0.000000e+00
1.846515e+01	8.233978e+00	1.680439e-02	240090.000000	0.000000e+00
1.848971e+01	8.230570e+00	1.694240e-02	235999.000000	0.000000e+00
1.851428e+01	8.310261e+00	1.726120e-02	231786.000000	0.000000e+00
1.853881e+01	8.291608e+00	1.740081e-02	227059.000000	0.000000e+00
1.856328e+01	8.342837e+00	1.769163e-02	222378.000000	0.000000e+00
1.858784e+01	8.342371e+00	1.777812e-02	220195.000000	0.000000e+00
1.861244e+01	8.385265e+00	1.808404e-02	215002.000000	0.000000e+00
1.863693e+01	8.386443e+00	1.827736e-02	210537.000000	0.000000e+00
1.866143e+01	8.396398e+00	1.844267e-02	207271.000000	0.000000e+00
1.868601e+01	8.380700e+00	1.856105e-02	203871.000000	0.000000e+00
1.871055e+01	8.429251e+00	1.888344e-02	199258.000000	0.000000e+00
1.873503e+01	8.471458e+00	1.916781e-02	195331.000000	0.000000e+00
1.875958e+01	8.441448e+00	1.921795e-02	192939.000000	0.000000e+00
1.878417e+01	8.525686e+00	1.964240e-02	188395.000000	0.000000e+00
1.880870e+01	8.529092e+00	1.983065e-02	184983.000000	0.000000e+00
1.883322e+01	8.530042e+00	2.003777e-02	181219.000000	0.000000e+00
1.885775e+01	8.584385e+00	2.035386e-02	177879.000000	0.000000e+00
1.888231e+01	8.596298e+00	2.057078e-02	174631.000000	0.000000e+00
1.890684e+01	8.607656e+00	2.082165e-02	170899.000000	0.000000e+00
1.893134e+01	8.637404e+00	2.110763e-02	167451.000000	0.000000e+00
1.895590e+01	8.646091e+00	2.129327e-02	164875.000000	0.000000e+00
1.898046e+01	8.713118e+00	2.172429e-02	160863.000000	0.000000e+00
1.900495e+01	8.752836e+00	2.204808e-02	157600.000000	0.000000e+00
1.902946e+01	8.693663e+00	2.209255e-02	154851.000000	0.000000e+00
1.905406e+01	8.823884e+00	2.262393e-02	152119.000000	0.000000e+00
1.907863e+01	8.799506e+00	2.284153e-02	148411.000000	0.000000e+00
1.910311e+01	8.847180e+00	2.323848e-02	144942.000000	0.000000e+00
1.912765e+01	8.859014e+00	2.342515e-02	143023.000000	0.000000e+00
1.915226e+01	8.880630e+00	2.376344e-02	139659.000000	0.000000e+00
1.917678e+01	8.937372e+00	2.421350e-02	136240.000000	0.000000e+00
1.920124e+01	8.987987e+00	2.460671e-02	133419.000000	0.000000e+00
1.922581e+01	8.976434e+00	2.476364e-02	131395.000000	0.000000e+00
1.925040e+01	9.053071e+00	2.531162e-02	127924.000000	0.000000e+00
1.927489e+01	9.052929e+00	2.560360e-02	125019.000000	0.000000e+00
1.929941e+01	9.118613e+00	2.602642e-02	122752.000000	0.000000e+00
1.932402e+01	9.160471e+00	2.640804e-02	120327.000000	0.000000e+00
1.934855e+01	9.161418e+00	2.682173e-02	116668.000000	0.000000e+00
1.937298e+01	9.210461e+00	2.725239e-02	114223.000000	0.000000e+00
1.939755e+01	9.210322e+00	2.742443e-02	112791.000000	0.000000e+00
1.942217e+01	9.280809e+00	2.807061e-02	109312.000000	0.000000e+00
1.944667e+01	9.298731e+00	2.843768e-02	106920.000000	0.000000e+00
1.947113e+01	9.385604e+00	2.910282e-02	104005.000000	0.000000e+00
1.949570e+01	9.359233e+00	2.919008e-02	102804.000000	0.000000e+00
1.952032e+01	9.381092e+00	2.972050e-02	99631.000000	0.000000e+00
1.954482e+01	9.472510e+00	3.039748e-02	97108.000000	0.000000e+00
1.956930e+01	9.569323e+00	3.105761e-02	94935.000000	0.000000e+00
1.959391e+01	9.543946e+00	3.127096e-02	93148.000000	0.000000e+00
1.961850e+01	9.588129e+00	3.189882e-02	90348.000000	0.000000e+00
1.964294e+01	9.645296e+00	3.256929e-02	87703.000000	0.000000e+00
1.966740e+01	9.716385e+00	3.311797e-02	86076.000000	0.000000e+00
1.969204e+01	9.781909e+00	3.367072e-02	84400.000000	0.000000e+00
1.971660e+01	9.791540e+00	3.433388e-02	81331.000000	0.000000e+00
1.974103e+01	9.785829e+00	3.471724e-02	79452.000000	0.000000e+00
1.976563e+01	9.950367e+00	3.559154e-02	78160.000000	0.000000e+00
1.979032e+01	9.990182e+00	3.629795e-02	75750.000000	0.000000e+00
1.981482e+01	1.006288e+01	3.720694e-02	73147.000000	0.000000e+00
1.983914e+01	1.007303e+01	3.785357e-02	70812.000000	0.000000e+00
1.986374e+01	1.018917e+01	3.833766e-02	70636.000000	0.000000e+00
1.988844e+01	1.016737e+01	3.911223e-02	67576.000000	0.000000e+00
1.991292e+01	1.022821e+01	3.989587e-02	65727.000000	0.000000e+00
1.993736e+01	1.040043e+01	4.119638e-02	63736.000000	0.000000e+00
1.996197e+01	1.033154e+01	4.126416e-02	62688.000000	0.000000e+00
1.998658e+01	1.047844e+01	4.269133e-02	60244.000000	0.000000e+00
2.001095e+01	1.047885e+01	4.348406e-02	58072.000000	0.000000e+00
2.003547e+01	1.058330e+01	4.415578e-02	57447.000000	0.000000e+00
2.006019e+01	1.075190e+01	4.568455e-02	55390.000000	0.000000e+00
2.008472e+01	1.073662e+01	4.647756e-02	53364.000000	0.000000e+00
2.010903e+01	1.082748e+01	4.781940e-02	51268.000000	0.000000e+00
2.013363e+01	1.087869e+01	4.810380e-02	51144.000000	0.000000e+00
2.015842e+01	1.101905e+01	4.989522e-02	48772.000000	0.000000e+00
2.018288e+01	1.110916e+01	5.133677e-02	46828.000000	0.000000e+00
2.020721e+01	1.114112e+01	5.230398e-02	45372.000000	0.000000e+00
2.023181e+01	1.115349e+01	5.284944e-02	44539.000000	0.000000e+00
2.025650e+01	1.126158e+01	5.448583e-02	42720.000000	0.000000e+00
2.028095e+01	1.136700e+01	5.618148e-02	40936.000000	0.000000e+00
2.030542e+01	1.143894e+01	5.721043e-02	39978.000000	0.000000e+00
2.033011e+01	1.154189e+01	5.874059e-02	38608.000000	0.000000e+00
2.035466e+01	1.156409e+01	6.020677e-02	36892.000000	0.000000e+00
2.037892e+01	1.161126e+01	6.188119e-02	35208.000000	0.000000e+00
2.040348e+01	1.176628e+01	6.287546e-02	35020.000000	0.000000e+00
2.042837e+01	1.179650e+01	6.457467e-02	33372.000000	0.000000e+00
2.045281e+01	1.189491e+01	6.710551e-02	31420.000000	0.000000e+00
2.047697e+01	1.212613e+01	6.960770e-02	30348.000000	0.000000e+00
2.050165e+01	1.214829e+01	7.009145e-02	30040.000000	0.000000e+00
2.052659e+01	1.212384e+01	7.178020e-02	28528.000000	0.000000e+00
2.055100e+01	1.232758e+01	7.555402e-02	26622.000000	0.000000e+00
2.057510e+01	1.227539e+01	7.645289e-02	25780.000000	0.000000e+00
2.059985e+01	1.269229e+01	7.955713e-02	25452.000000	0.000000e+00
2.062477e+01	1.252723e+01	8.089661e-02	23980.000000	0.000000e+00
2.064904e+01	1.278247e+01	8.578260e-02	22204.000000	0.000000e+00
2.067328e+01	1.287174e+01	8.693154e-02	21924.000000	0.000000e+00
2.069813e+01	1.305261e+01	8.996024e-02	21052.000000	0.000000e+00
2.072282e+01	1.316236e+01	9.371138e-02	19728.000000	0.000000e+00
2.074689e+01	1.320822e+01	9.759534e-02	18316.000000	0.000000e+00
2.077148e+01	1.343522e+01	9.871902e-02	18522.000000	0.000000e+00
2.079650e+01	1.354971e+01	1.037508e-01	17056.000000	0.000000e+00
2.082086e+01	1.348282e+01	1.069223e-01	15901.000000	0.000000e+00
2.084494e+01	1.378776e+01	1.120845e-01	15132.000000	0.000000e+00
2.086988e+01	1.386785e+01	1.131701e-01	15016.000000	0.000000e+00
2.089484e+01	1.405744e+01	1.207192e-01	13560.000000	0.000000e+00
2.091874e+01	1.400292e+01	1.255678e-01	12436.000000	0.000000e+00
2.094286e+01	1.446427e+01	1.303564e-01	12312.000000	0.000000e+00
2.096835e+01	1.442996e+01	1.316392e-01	12016.000000	0.000000e+00
2.099333e+01	1.502341e+01	1.472176e-01	10414.000000	0.000000e+00
2.101635e+01	1.495653e+01	1.552925e-01	9276.000000	0.000000e+00
2.104066e+01	1.526842e+01	1.529828e-01	9961.000000	0.000000e+00
2.106684e+01	1.521178e+01	1.583530e-01	9228.000000	0.000000e+00
2.109169e+01	1.537367e+01	1.748364e-01	7732.000000	0.000000e+00
2.111385e+01	1.557559e+01	1.894959e-01	6756.000000	0.000000e+00
2.113864e+01	1.572773e+01	1.785859e-01	7756.000000	0.000000e+00
2.116547e+01	1.601806e+01	1.939625e-01	6820.000000	0.000000e+00
2.118998e+01	1.654454e+01	2.260234e-01	5358.000000	0.000000e+00
2.121167e+01	1.626370e+01	2.301646e-01	4993.000000	0.000000e+00
2.123701e+01	1.636258e+01	2.202329e-01	5520.000000	0.000000e+00
2.126409e+01	1.645968e+01	2.377733e-01	4792.000000	0.000000e+00
2.128812e+01	1.717084e+01	2.929308e-01	3436.000000	0.000000e+00
2.130920e+01	1.713902e+01	2.905335e-01	3480.000000	0.000000e+00
2.133536e+01	1.740446e+01	2.853189e-01	3721.000000	0.000000e+00
2.136298e+01	1.770069e+01	3.162855e-01	3132.000000	0.000000e+00
2.138535e+01	1.734972e+01	4.119227e-01	1774.000000	0.000000e+00
2.140616e+01	1.810659e+01	3.686787e-01	2412.000000	0.000000e+00
2.143360e+01	1.844968e+01	3.922801e-01	2212.000000	0.000000e+00
2.146162e+01	1.865145e+01	4.351690e-01	1837.000000	0.000000e+00
2.148292e+01	1.962180e+01	6.869003e-01	816.000000	0.000000e+00
2.150387e+01	1.941078e+01	5.240417e-01	1372.000000	0.000000e+00
2.153200e+01	1.916607e+01	5.799917e-01	1092.000000	0.000000e+00
2.156014e+01	2.076347e+01	7.147081e-01	844.000000	0.000000e+00
2.158178e+01	1.924784e+01	1.045399e+00	339.000000	0.000000e+00
2.160234e+01	2.142617e+01	9.289422e-01	532.000000	0.000000e+00
2.163046e+01	2.151155e+01	1.127512e+00	364.000000	0.000000e+00
2.165853e+01	2.052834e+01	1.359522e+00	228.000000	0.000000e+00
2.168066e+01	2.240103e+01	2.621842e+00	73.000000	0.000000e+00
2.170037e+01	1.971358e+01	2.150928e+00	84.000000	0.000000e+00
2.172766e+01	1.204666e+01	2.276606e+00	28.000000	0.000000e+00
2.175143e+01	3.690487e+01	2.130704e+01	3.000000	0.000000e+00
