# [<k> (h/Mpc)]	[<P_0(k)> (Mpc/h)^3]	[ErrorBar (Mpc/h)^3]	nModes	[<P_2(k)> (Mpc/h)^3]
3.476422e-02	1.499583e+04	4.159096e+03	13.000000	0.000000e+00
5.890282e-02	1.098307e+04	1.911907e+03	33.000000	0.000000e+00
8.378087e-02	6.473990e+03	7.283808e+02	79.000000	0.000000e+00
1.087368e-01	4.976130e+03	4.600434e+02	117.000000	0.000000e+00
1.341836e-01	3.721333e+03	2.599092e+02	205.000000	0.000000e+00
1.581206e-01	2.746514e+03	1.791628e+02	235.000000	0.000000e+00
1.826843e-01	2.127053e+03	1.107300e+02	369.000000	0.000000e+00
2.073525e-01	1.961728e+03	9.427462e+01	433.000000	0.000000e+00
2.322407e-01	1.713036e+03	7.082534e+01	585.000000	0.000000e+00
2.568838e-01	1.444157e+03	5.542168e+01	679.000000	0.000000e+00
2.811185e-01	1.310212e+03	4.595113e+01	813.000000	0.000000e+00
3.057758e-01	1.160516e+03	3.697710e+01	985.000000	0.000000e+00
3.308750e-01	1.120118e+03	3.256653e+01	1183.000000	0.000000e+00
3.553459e-01	1.038507e+03	2.915269e+01	1269.000000	0.000000e+00
3.797184e-01	8.890623e+02	2.267750e+01	1537.000000	0.000000e+00
4.042043e-01	8.663334e+02	2.130829e+01	1653.000000	0.000000e+00
4.287408e-01	7.823071e+02	1.765701e+01	1963.000000	0.000000e+00
4.533372e-01	7.659156e+02	1.663070e+01	2121.000000	0.000000e+00
4.779960e-01	7.191269e+02	1.463952e+01	2413.000000	0.000000e+00
5.026630e-01	6.825515e+02	1.329674e+01	2635.000000	0.000000e+00
5.271488e-01	6.173701e+02	1.151001e+01	2877.000000	0.000000e+00
5.515428e-01	6.012611e+02	1.068076e+01	3169.000000	0.000000e+00
5.762241e-01	5.662302e+02	9.561480e+00	3507.000000	0.000000e+00
6.007286e-01	5.701299e+02	9.391935e+00	3685.000000	0.000000e+00
6.252569e-01	5.416222e+02	8.392454e+00	4165.000000	0.000000e+00
6.499966e-01	5.262188e+02	7.953863e+00	4377.000000	0.000000e+00
6.746858e-01	4.931036e+02	7.076907e+00	4855.000000	0.000000e+00
6.991271e-01	4.861339e+02	6.924310e+00	4929.000000	0.000000e+00
7.235757e-01	4.680782e+02	6.265596e+00	5581.000000	0.000000e+00
7.479714e-01	4.515469e+02	5.991933e+00	5679.000000	0.000000e+00
7.726133e-01	4.406453e+02	5.514532e+00	6385.000000	0.000000e+00
7.972413e-01	4.222418e+02	5.216043e+00	6553.000000	0.000000e+00
8.218513e-01	4.146698e+02	4.912583e+00	7125.000000	0.000000e+00
8.464491e-01	3.976544e+02	4.608028e+00	7447.000000	0.000000e+00
8.709767e-01	3.907029e+02	4.387706e+00	7929.000000	0.000000e+00
8.955547e-01	3.760326e+02	4.114379e+00	8353.000000	0.000000e+00
9.199772e-01	3.677564e+02	3.925877e+00	8775.000000	0.000000e+00
9.444963e-01	3.662265e+02	3.794941e+00	9313.000000	0.000000e+00
9.690846e-01	3.571708e+02	3.600447e+00	9841.000000	0.000000e+00
9.935517e-01	3.492097e+02	3.459218e+00	10191.000000	0.000000e+00
1.018099e+00	3.412840e+02	3.269357e+00	10897.000000	0.000000e+00
1.042679e+00	3.323866e+02	3.126692e+00	11301.000000	0.000000e+00
1.067353e+00	3.233735e+02	2.948913e+00	12025.000000	0.000000e+00
1.092004e+00	3.146703e+02	2.823205e+00	12423.000000	0.000000e+00
1.116549e+00	3.082677e+02	2.701506e+00	13021.000000	0.000000e+00
1.140967e+00	3.044499e+02	2.629556e+00	13405.000000	0.000000e+00
1.165410e+00	2.941986e+02	2.464784e+00	14247.000000	0.000000e+00
1.189942e+00	2.844126e+02	2.349555e+00	14653.000000	0.000000e+00
1.214340e+00	2.837060e+02	2.291157e+00	15333.000000	0.000000e+00
1.238824e+00	2.774135e+02	2.196650e+00	15949.000000	0.000000e+00
1.263616e+00	2.685036e+02	2.055764e+00	17059.000000	0.000000e+00
1.288278e+00	2.644034e+02	2.022121e+00	17097.000000	0.000000e+00
1.312698e+00	2.579219e+02	1.924308e+00	17965.000000	0.000000e+00
1.337129e+00	2.521630e+02	1.852388e+00	18531.000000	0.000000e+00
1.361846e+00	2.498748e+02	1.781687e+00	19669.000000	0.000000e+00
1.386459e+00	2.437744e+02	1.728375e+00	19893.000000	0.000000e+00
1.410760e+00	2.379835e+02	1.662757e+00	20485.000000	0.000000e+00
1.435294e+00	2.378491e+02	1.612731e+00	21751.000000	0.000000e+00
1.459966e+00	2.304574e+02	1.546416e+00	22209.000000	0.000000e+00
1.484553e+00	2.267698e+02	1.493945e+00	23041.000000	0.000000e+00
1.509059e+00	2.241879e+02	1.456534e+00	23691.000000	0.000000e+00
1.533565e+00	2.176666e+02	1.391843e+00	24457.000000	0.000000e+00
1.558284e+00	2.171910e+02	1.352251e+00	25797.000000	0.000000e+00
1.582818e+00	2.125931e+02	1.328007e+00	25627.000000	0.000000e+00
1.607259e+00	2.083808e+02	1.263100e+00	27217.000000	0.000000e+00
1.631809e+00	2.040974e+02	1.229659e+00	27549.000000	0.000000e+00
1.656366e+00	2.000472e+02	1.178523e+00	28813.000000	0.000000e+00
1.680925e+00	1.979560e+02	1.155387e+00	29355.000000	0.000000e+00
1.705257e+00	1.930438e+02	1.116084e+00	29917.000000	0.000000e+00
1.729806e+00	1.904817e+02	1.070646e+00	31653.000000	0.000000e+00
1.754462e+00	1.869959e+02	1.046140e+00	31951.000000	0.000000e+00
1.778992e+00	1.820170e+02	1.001046e+00	33061.000000	0.000000e+00
1.803411e+00	1.792719e+02	9.780522e-01	33597.000000	0.000000e+00
1.827963e+00	1.782111e+02	9.499086e-01	35197.000000	0.000000e+00
1.852647e+00	1.731630e+02	9.149009e-01	35823.000000	0.000000e+00
1.877249e+00	1.715430e+02	8.924249e-01	36949.000000	0.000000e+00
1.901733e+00	1.674778e+02	8.670626e-01	37309.000000	0.000000e+00
1.926241e+00	1.643731e+02	8.315362e-01	39075.000000	0.000000e+00
1.950830e+00	1.623228e+02	8.180507e-01	39373.000000	0.000000e+00
1.975308e+00	1.609249e+02	7.963748e-01	40833.000000	0.000000e+00
1.999729e+00	1.583575e+02	7.801428e-01	41203.000000	0.000000e+00
2.024419e+00	1.542106e+02	7.377821e-01	43689.000000	0.000000e+00
2.049126e+00	1.516871e+02	7.271751e-01	43513.000000	0.000000e+00
2.073508e+00	1.505988e+02	7.144125e-01	44437.000000	0.000000e+00
2.097846e+00	1.482304e+02	6.937646e-01	45651.000000	0.000000e+00
2.122473e+00	1.450695e+02	6.657297e-01	47485.000000	0.000000e+00
2.147106e+00	1.429884e+02	6.529150e-01	47961.000000	0.000000e+00
2.171601e+00	1.409597e+02	6.358380e-01	49147.000000	0.000000e+00
2.196158e+00	1.382574e+02	6.163062e-01	50325.000000	0.000000e+00
2.220735e+00	1.365079e+02	6.006574e-01	51649.000000	0.000000e+00
2.245251e+00	1.347938e+02	5.902422e-01	52153.000000	0.000000e+00
2.269729e+00	1.329326e+02	5.723529e-01	53943.000000	0.000000e+00
2.294271e+00	1.310657e+02	5.604119e-01	54697.000000	0.000000e+00
2.318928e+00	1.283474e+02	5.387947e-01	56745.000000	0.000000e+00
2.343538e+00	1.264883e+02	5.297688e-01	57007.000000	0.000000e+00
2.368026e+00	1.248816e+02	5.164941e-01	58461.000000	0.000000e+00
2.392423e+00	1.215232e+02	5.001292e-01	59041.000000	0.000000e+00
2.416863e+00	1.198350e+02	4.851381e-01	61015.000000	0.000000e+00
2.441509e+00	1.191177e+02	4.759495e-01	62637.000000	0.000000e+00
2.466080e+00	1.169115e+02	4.651632e-01	63169.000000	0.000000e+00
2.490575e+00	1.151357e+02	4.529778e-01	64605.000000	0.000000e+00
2.515186e+00	1.137515e+02	4.411524e-01	66487.000000	0.000000e+00
2.539777e+00	1.125801e+02	4.348277e-01	67033.000000	0.000000e+00
2.564215e+00	1.110678e+02	4.251730e-01	68241.000000	0.000000e+00
2.588707e+00	1.094221e+02	4.136031e-01	69991.000000	0.000000e+00
2.613337e+00	1.074042e+02	4.016547e-01	71505.000000	0.000000e+00
2.637925e+00	1.068808e+02	3.963743e-01	72709.000000	0.000000e+00
2.662420e+00	1.041901e+02	3.843816e-01	73473.000000	0.000000e+00
2.686963e+00	1.026904e+02	3.730794e-01	75763.000000	0.000000e+00
2.711515e+00	1.021925e+02	3.700563e-01	76261.000000	0.000000e+00
2.735982e+00	1.001996e+02	3.588067e-01	77985.000000	0.000000e+00
2.760573e+00	9.888519e+01	3.495879e-01	80011.000000	0.000000e+00
2.785237e+00	9.714888e+01	3.413274e-01	81009.000000	0.000000e+00
2.809671e+00	9.655860e+01	3.380206e-01	81601.000000	0.000000e+00
2.834151e+00	9.470040e+01	3.265900e-01	84081.000000	0.000000e+00
2.858722e+00	9.345522e+01	3.202494e-01	85159.000000	0.000000e+00
2.883250e+00	9.278692e+01	3.151845e-01	86665.000000	0.000000e+00
2.907819e+00	9.097580e+01	3.060869e-01	88341.000000	0.000000e+00
2.932335e+00	9.002397e+01	3.009523e-01	89479.000000	0.000000e+00
2.956914e+00	8.853187e+01	2.926437e-01	91521.000000	0.000000e+00
2.981449e+00	8.724591e+01	2.869791e-01	92425.000000	0.000000e+00
3.005876e+00	8.644372e+01	2.825818e-01	93579.000000	0.000000e+00
3.030403e+00	8.535966e+01	2.750662e-01	96301.000000	0.000000e+00
3.055041e+00	8.401124e+01	2.688349e-01	97657.000000	0.000000e+00
3.079692e+00	8.299952e+01	2.632677e-01	99393.000000	0.000000e+00
3.104241e+00	8.194625e+01	2.588845e-01	100195.000000	0.000000e+00
3.128710e+00	8.123440e+01	2.547184e-01	101709.000000	0.000000e+00
3.153123e+00	8.019243e+01	2.498449e-01	103021.000000	0.000000e+00
3.177619e+00	7.902305e+01	2.431686e-01	105607.000000	0.000000e+00
3.202185e+00	7.842134e+01	2.399553e-01	106809.000000	0.000000e+00
3.226708e+00	7.703359e+01	2.337433e-01	108613.000000	0.000000e+00
3.251321e+00	7.606305e+01	2.285289e-01	110781.000000	0.000000e+00
3.275882e+00	7.500724e+01	2.244851e-01	111643.000000	0.000000e+00
3.300393e+00	7.435038e+01	2.205350e-01	113661.000000	0.000000e+00
3.324955e+00	7.330755e+01	2.159273e-01	115261.000000	0.000000e+00
3.349528e+00	7.268543e+01	2.120678e-01	117475.000000	0.000000e+00
3.374087e+00	7.183116e+01	2.087648e-01	118389.000000	0.000000e+00
3.398541e+00	7.079303e+01	2.043508e-01	120013.000000	0.000000e+00
3.423011e+00	7.002270e+01	2.005575e-01	121899.000000	0.000000e+00
3.447546e+00	6.891875e+01	1.956238e-01	124117.000000	0.000000e+00
3.472176e+00	6.832001e+01	1.919609e-01	126669.000000	0.000000e+00
3.496772e+00	6.752678e+01	1.895138e-01	126961.000000	0.000000e+00
3.521302e+00	6.681862e+01	1.853964e-01	129895.000000	0.000000e+00
3.545845e+00	6.570401e+01	1.819079e-01	130461.000000	0.000000e+00
3.570351e+00	6.540603e+01	1.791301e-01	133321.000000	0.000000e+00
3.594817e+00	6.429962e+01	1.759008e-01	133623.000000	0.000000e+00
3.619340e+00	6.402023e+01	1.727044e-01	137413.000000	0.000000e+00
3.643921e+00	6.308080e+01	1.696597e-01	138241.000000	0.000000e+00
3.668501e+00	6.221829e+01	1.657176e-01	140961.000000	0.000000e+00
3.693083e+00	6.145940e+01	1.629501e-01	142255.000000	0.000000e+00
3.717636e+00	6.047370e+01	1.592710e-01	144165.000000	0.000000e+00
3.742123e+00	6.016282e+01	1.577947e-01	145369.000000	0.000000e+00
3.766623e+00	5.953970e+01	1.546663e-01	148191.000000	0.000000e+00
3.791211e+00	5.890797e+01	1.520020e-01	150193.000000	0.000000e+00
3.815740e+00	5.807112e+01	1.492062e-01	151477.000000	0.000000e+00
3.840250e+00	5.744615e+01	1.465010e-01	153759.000000	0.000000e+00
3.864816e+00	5.717939e+01	1.447134e-01	156121.000000	0.000000e+00
3.889416e+00	5.659478e+01	1.422766e-01	158229.000000	0.000000e+00
3.913984e+00	5.578344e+01	1.396276e-01	159613.000000	0.000000e+00
3.938439e+00	5.491048e+01	1.369126e-01	160851.000000	0.000000e+00
3.962856e+00	5.450882e+01	1.350333e-01	162949.000000	0.000000e+00
3.987408e+00	5.379456e+01	1.316925e-01	166861.000000	0.000000e+00
4.011951e+00	5.333840e+01	1.305421e-01	166947.000000	0.000000e+00
4.036502e+00	5.280909e+01	1.277772e-01	170809.000000	0.000000e+00
4.061101e+00	5.238909e+01	1.263063e-01	172041.000000	0.000000e+00
4.085632e+00	5.180616e+01	1.242640e-01	173809.000000	0.000000e+00
4.110226e+00	5.139135e+01	1.220236e-01	177375.000000	0.000000e+00
4.134760e+00	5.074832e+01	1.206322e-01	176977.000000	0.000000e+00
4.159247e+00	5.028445e+01	1.182496e-01	180829.000000	0.000000e+00
4.183807e+00	4.957728e+01	1.160253e-01	182583.000000	0.000000e+00
4.208321e+00	4.908483e+01	1.143970e-01	184105.000000	0.000000e+00
4.232839e+00	4.863752e+01	1.123856e-01	187293.000000	0.000000e+00
4.257376e+00	4.833297e+01	1.113743e-01	188329.000000	0.000000e+00
4.281944e+00	4.753338e+01	1.083524e-01	192451.000000	0.000000e+00
4.306505e+00	4.717954e+01	1.075084e-01	192585.000000	0.000000e+00
4.331033e+00	4.654601e+01	1.051053e-01	196117.000000	0.000000e+00
4.355617e+00	4.610997e+01	1.035703e-01	198207.000000	0.000000e+00
4.380161e+00	4.577702e+01	1.024638e-01	199597.000000	0.000000e+00
4.404676e+00	4.551306e+01	1.011259e-01	202557.000000	0.000000e+00
4.429249e+00	4.489064e+01	9.918386e-02	204847.000000	0.000000e+00
4.453772e+00	4.464356e+01	9.828020e-02	206341.000000	0.000000e+00
4.478282e+00	4.399410e+01	9.618247e-02	209217.000000	0.000000e+00
4.502777e+00	4.372733e+01	9.530634e-02	210505.000000	0.000000e+00
4.527289e+00	4.336286e+01	9.367157e-02	214299.000000	0.000000e+00
4.551889e+00	4.265932e+01	9.166844e-02	216565.000000	0.000000e+00
4.576426e+00	4.240735e+01	9.086388e-02	217821.000000	0.000000e+00
4.600893e+00	4.192337e+01	8.935351e-02	220135.000000	0.000000e+00
4.625467e+00	4.147259e+01	8.756725e-02	224305.000000	0.000000e+00
4.650035e+00	4.138016e+01	8.725391e-02	224913.000000	0.000000e+00
4.674541e+00	4.082846e+01	8.555516e-02	227737.000000	0.000000e+00
4.699104e+00	4.023078e+01	8.373511e-02	230835.000000	0.000000e+00
4.723670e+00	4.002496e+01	8.295849e-02	232777.000000	0.000000e+00
4.748182e+00	3.970016e+01	8.200326e-02	234381.000000	0.000000e+00
4.772682e+00	3.933820e+01	8.069396e-02	237655.000000	0.000000e+00
4.797203e+00	3.898202e+01	7.968518e-02	239317.000000	0.000000e+00
4.821755e+00	3.861092e+01	7.823979e-02	243537.000000	0.000000e+00
4.846361e+00	3.834910e+01	7.744101e-02	245227.000000	0.000000e+00
4.870915e+00	3.786765e+01	7.615239e-02	247269.000000	0.000000e+00
4.895426e+00	3.761757e+01	7.529163e-02	249625.000000	0.000000e+00
4.919952e+00	3.742091e+01	7.449443e-02	252337.000000	0.000000e+00
4.944496e+00	3.694138e+01	7.310625e-02	255339.000000	0.000000e+00
4.969013e+00	3.655804e+01	7.218865e-02	256465.000000	0.000000e+00
4.993562e+00	3.631837e+01	7.105246e-02	261273.000000	0.000000e+00
5.018138e+00	3.597223e+01	7.024179e-02	262267.000000	0.000000e+00
5.042642e+00	3.564478e+01	6.928425e-02	264681.000000	0.000000e+00
5.067215e+00	3.520739e+01	6.787125e-02	269089.000000	0.000000e+00
5.091775e+00	3.511014e+01	6.765060e-02	269353.000000	0.000000e+00
5.116309e+00	3.482505e+01	6.652558e-02	274035.000000	0.000000e+00
5.140838e+00	3.446077e+01	6.580114e-02	274273.000000	0.000000e+00
5.165333e+00	3.423193e+01	6.486426e-02	278517.000000	0.000000e+00
5.189818e+00	3.397596e+01	6.427295e-02	279439.000000	0.000000e+00
5.214351e+00	3.361064e+01	6.298535e-02	284757.000000	0.000000e+00
5.238947e+00	3.342724e+01	6.246118e-02	286405.000000	0.000000e+00
5.263479e+00	3.304908e+01	6.152748e-02	288523.000000	0.000000e+00
5.288002e+00	3.278647e+01	6.070976e-02	291657.000000	0.000000e+00
5.312546e+00	3.241689e+01	5.974787e-02	294373.000000	0.000000e+00
5.337121e+00	3.228974e+01	5.916760e-02	297825.000000	0.000000e+00
5.361672e+00	3.202607e+01	5.853273e-02	299371.000000	0.000000e+00
5.386196e+00	3.174820e+01	5.771323e-02	302613.000000	0.000000e+00
5.410715e+00	3.151406e+01	5.709735e-02	304633.000000	0.000000e+00
5.435244e+00	3.120724e+01	5.618350e-02	308527.000000	0.000000e+00
5.459823e+00	3.089801e+01	5.537305e-02	311361.000000	0.000000e+00
5.484389e+00	3.072217e+01	5.481725e-02	314101.000000	0.000000e+00
5.508889e+00	3.048450e+01	5.433646e-02	314757.000000	0.000000e+00
5.533464e+00	3.023506e+01	5.327112e-02	322135.000000	0.000000e+00
5.558036e+00	2.999014e+01	5.300523e-02	320125.000000	0.000000e+00
5.582484e+00	2.969078e+01	5.210858e-02	324657.000000	0.000000e+00
5.606956e+00	2.940773e+01	5.147137e-02	326431.000000	0.000000e+00
5.631560e+00	2.925724e+01	5.065409e-02	333609.000000	0.000000e+00
5.656168e+00	2.897315e+01	5.020800e-02	333001.000000	0.000000e+00
5.680698e+00	2.875006e+01	4.954662e-02	336705.000000	0.000000e+00
5.705204e+00	2.854656e+01	4.906944e-02	338443.000000	0.000000e+00
5.729704e+00	2.843844e+01	4.861584e-02	342181.000000	0.000000e+00
5.754232e+00	2.805008e+01	4.774504e-02	345153.000000	0.000000e+00
5.778772e+00	2.781724e+01	4.711276e-02	348619.000000	0.000000e+00
5.803342e+00	2.759365e+01	4.654685e-02	351429.000000	0.000000e+00
5.827902e+00	2.736249e+01	4.594301e-02	354709.000000	0.000000e+00
5.852409e+00	2.723576e+01	4.565911e-02	355815.000000	0.000000e+00
5.876957e+00	2.704323e+01	4.496496e-02	361717.000000	0.000000e+00
5.901534e+00	2.686006e+01	4.459092e-02	362845.000000	0.000000e+00
5.926030e+00	2.662638e+01	4.406138e-02	365181.000000	0.000000e+00
5.950548e+00	2.654159e+01	4.364313e-02	369847.000000	0.000000e+00
5.975137e+00	2.619664e+01	4.288421e-02	373161.000000	0.000000e+00
5.999657e+00	2.597311e+01	4.247711e-02	373885.000000	0.000000e+00
6.024161e+00	2.589788e+01	4.206803e-02	378987.000000	0.000000e+00
6.048714e+00	2.566958e+01	4.157176e-02	381277.000000	0.000000e+00
6.073267e+00	2.551251e+01	4.109169e-02	385477.000000	0.000000e+00
6.097868e+00	2.528442e+01	4.054756e-02	388845.000000	0.000000e+00
6.122369e+00	2.509489e+01	4.025553e-02	388615.000000	0.000000e+00
6.146867e+00	2.488311e+01	3.958762e-02	395085.000000	0.000000e+00
6.171452e+00	2.477911e+01	3.930811e-02	397381.000000	0.000000e+00
6.195974e+00	2.454939e+01	3.882226e-02	399871.000000	0.000000e+00
6.220444e+00	2.436062e+01	3.844585e-02	401493.000000	0.000000e+00
6.244986e+00	2.425565e+01	3.793016e-02	408937.000000	0.000000e+00
6.269588e+00	2.394451e+01	3.740457e-02	409791.000000	0.000000e+00
6.294124e+00	2.379395e+01	3.702394e-02	413017.000000	0.000000e+00
6.318633e+00	2.365322e+01	3.668330e-02	415761.000000	0.000000e+00
6.343202e+00	2.347676e+01	3.618818e-02	420865.000000	0.000000e+00
6.367770e+00	2.332072e+01	3.586670e-02	422767.000000	0.000000e+00
6.392288e+00	2.318146e+01	3.554114e-02	425421.000000	0.000000e+00
6.416837e+00	2.301079e+01	3.506973e-02	430525.000000	0.000000e+00
6.441383e+00	2.283849e+01	3.475816e-02	431739.000000	0.000000e+00
6.465913e+00	2.267527e+01	3.432004e-02	436525.000000	0.000000e+00
6.490433e+00	2.258500e+01	3.411192e-02	438357.000000	0.000000e+00
6.514946e+00	2.232423e+01	3.356435e-02	442381.000000	0.000000e+00
6.539518e+00	2.222135e+01	3.321584e-02	447559.000000	0.000000e+00
6.564059e+00	2.201612e+01	3.290239e-02	447741.000000	0.000000e+00
6.588587e+00	2.192746e+01	3.254848e-02	453853.000000	0.000000e+00
6.613110e+00	2.171645e+01	3.221476e-02	454431.000000	0.000000e+00
6.637622e+00	2.159177e+01	3.183668e-02	459961.000000	0.000000e+00
6.662172e+00	2.139723e+01	3.145397e-02	462769.000000	0.000000e+00
6.686693e+00	2.127371e+01	3.117185e-02	465759.000000	0.000000e+00
6.711227e+00	2.111397e+01	3.079931e-02	469957.000000	0.000000e+00
6.735777e+00	2.094711e+01	3.044198e-02	473481.000000	0.000000e+00
6.760323e+00	2.085892e+01	3.022572e-02	476245.000000	0.000000e+00
6.784855e+00	2.067861e+01	2.983758e-02	480303.000000	0.000000e+00
6.809427e+00	2.059308e+01	2.958297e-02	484573.000000	0.000000e+00
6.833979e+00	2.048282e+01	2.936645e-02	486493.000000	0.000000e+00
6.858503e+00	2.033683e+01	2.903452e-02	490611.000000	0.000000e+00
6.883055e+00	2.020118e+01	2.873393e-02	494269.000000	0.000000e+00
6.907584e+00	2.004658e+01	2.842766e-02	497277.000000	0.000000e+00
6.932134e+00	1.994787e+01	2.816313e-02	501685.000000	0.000000e+00
6.956669e+00	1.974031e+01	2.780228e-02	504135.000000	0.000000e+00
6.981221e+00	1.961798e+01	2.749362e-02	509149.000000	0.000000e+00
7.005753e+00	1.949174e+01	2.727719e-02	510625.000000	0.000000e+00
7.030233e+00	1.933178e+01	2.695276e-02	514443.000000	0.000000e+00
7.054782e+00	1.928674e+01	2.674505e-02	520033.000000	0.000000e+00
7.079343e+00	1.915254e+01	2.648885e-02	522789.000000	0.000000e+00
7.103883e+00	1.898203e+01	2.617255e-02	526009.000000	0.000000e+00
7.128424e+00	1.888173e+01	2.592443e-02	530475.000000	0.000000e+00
7.152965e+00	1.877481e+01	2.571668e-02	532993.000000	0.000000e+00
7.177501e+00	1.860705e+01	2.537912e-02	537529.000000	0.000000e+00
7.202013e+00	1.849895e+01	2.518109e-02	539691.000000	0.000000e+00
7.226577e+00	1.838523e+01	2.486679e-02	546637.000000	0.000000e+00
7.251125e+00	1.829804e+01	2.474161e-02	546957.000000	0.000000e+00
7.275651e+00	1.820956e+01	2.449471e-02	552655.000000	0.000000e+00
7.300226e+00	1.804467e+01	2.418498e-02	556681.000000	0.000000e+00
7.324759e+00	1.796378e+01	2.403731e-02	558501.000000	0.000000e+00
7.349299e+00	1.779420e+01	2.368998e-02	564193.000000	0.000000e+00
7.373825e+00	1.770494e+01	2.354283e-02	565551.000000	0.000000e+00
7.398312e+00	1.757498e+01	2.328205e-02	569833.000000	0.000000e+00
7.422892e+00	1.753297e+01	2.307391e-02	577389.000000	0.000000e+00
7.447442e+00	1.732584e+01	2.282224e-02	576331.000000	0.000000e+00
7.471956e+00	1.726952e+01	2.262042e-02	582853.000000	0.000000e+00
7.496499e+00	1.713903e+01	2.239110e-02	585897.000000	0.000000e+00
7.521014e+00	1.708443e+01	2.226776e-02	588637.000000	0.000000e+00
7.545557e+00	1.695321e+01	2.197363e-02	595251.000000	0.000000e+00
7.570086e+00	1.682532e+01	2.179692e-02	595849.000000	0.000000e+00
7.594613e+00	1.674224e+01	2.157367e-02	602253.000000	0.000000e+00
7.619172e+00	1.659021e+01	2.131398e-02	605863.000000	0.000000e+00
7.643756e+00	1.653979e+01	2.116189e-02	610873.000000	0.000000e+00
7.668263e+00	1.644435e+01	2.104874e-02	610353.000000	0.000000e+00
7.692777e+00	1.636132e+01	2.080229e-02	618607.000000	0.000000e+00
7.717371e+00	1.624856e+01	2.059943e-02	622185.000000	0.000000e+00
7.741929e+00	1.615014e+01	2.042462e-02	625237.000000	0.000000e+00
7.766457e+00	1.604337e+01	2.024444e-02	628029.000000	0.000000e+00
7.790953e+00	1.595537e+01	2.007044e-02	631975.000000	0.000000e+00
7.815489e+00	1.585369e+01	1.985554e-02	637525.000000	0.000000e+00
7.840050e+00	1.575398e+01	1.966477e-02	641805.000000	0.000000e+00
7.864588e+00	1.566074e+01	1.951014e-02	644323.000000	0.000000e+00
7.889126e+00	1.556052e+01	1.930953e-02	649389.000000	0.000000e+00
7.913643e+00	1.547451e+01	1.916858e-02	651709.000000	0.000000e+00
7.938181e+00	1.537470e+01	1.894924e-02	658309.000000	0.000000e+00
7.962760e+00	1.533630e+01	1.884050e-02	662607.000000	0.000000e+00
7.987311e+00	1.520591e+01	1.865739e-02	664237.000000	0.000000e+00
8.011811e+00	1.506611e+01	1.843139e-02	668169.000000	0.000000e+00
8.036325e+00	1.504008e+01	1.832501e-02	673615.000000	0.000000e+00
8.060868e+00	1.491592e+01	1.811956e-02	677649.000000	0.000000e+00
8.085446e+00	1.485974e+01	1.796871e-02	683893.000000	0.000000e+00
8.109989e+00	1.476763e+01	1.785719e-02	683905.000000	0.000000e+00
8.134471e+00	1.469736e+01	1.770829e-02	688851.000000	0.000000e+00
8.159038e+00	1.458057e+01	1.746221e-02	697189.000000	0.000000e+00
8.183598e+00	1.452084e+01	1.740241e-02	696249.000000	0.000000e+00
8.208073e+00	1.445982e+01	1.726560e-02	701395.000000	0.000000e+00
8.232590e+00	1.438652e+01	1.711594e-02	706497.000000	0.000000e+00
8.257144e+00	1.428176e+01	1.692212e-02	712285.000000	0.000000e+00
8.281710e+00	1.417980e+01	1.676161e-02	715663.000000	0.000000e+00
8.306271e+00	1.410188e+01	1.661857e-02	720057.000000	0.000000e+00
8.330826e+00	1.405764e+01	1.651458e-02	724585.000000	0.000000e+00
8.355374e+00	1.395839e+01	1.636784e-02	727257.000000	0.000000e+00
8.379901e+00	1.387993e+01	1.621523e-02	732703.000000	0.000000e+00
8.404418e+00	1.380607e+01	1.610560e-02	734829.000000	0.000000e+00
8.428928e+00	1.370719e+01	1.592687e-02	740689.000000	0.000000e+00
8.453504e+00	1.360867e+01	1.573516e-02	747979.000000	0.000000e+00
8.478051e+00	1.355875e+01	1.568798e-02	746973.000000	0.000000e+00
8.502580e+00	1.349720e+01	1.551968e-02	756349.000000	0.000000e+00
8.527138e+00	1.344080e+01	1.545192e-02	756633.000000	0.000000e+00
8.551634e+00	1.334406e+01	1.529061e-02	761599.000000	0.000000e+00
8.576156e+00	1.327563e+01	1.515683e-02	767173.000000	0.000000e+00
8.600697e+00	1.319815e+01	1.502839e-02	771261.000000	0.000000e+00
8.625259e+00	1.312451e+01	1.488412e-02	777535.000000	0.000000e+00
8.649836e+00	1.304856e+01	1.476859e-02	780633.000000	0.000000e+00
8.674376e+00	1.297757e+01	1.464986e-02	784729.000000	0.000000e+00
8.698927e+00	1.291758e+01	1.453574e-02	789747.000000	0.000000e+00
8.723450e+00	1.285344e+01	1.444395e-02	791893.000000	0.000000e+00
8.747957e+00	1.275993e+01	1.428679e-02	797677.000000	0.000000e+00
8.772521e+00	1.270473e+01	1.416516e-02	804429.000000	0.000000e+00
8.797047e+00	1.261160e+01	1.406040e-02	804535.000000	0.000000e+00
8.821541e+00	1.256755e+01	1.395653e-02	810861.000000	0.000000e+00
8.846076e+00	1.251161e+01	1.384782e-02	816325.000000	0.000000e+00
8.870641e+00	1.246446e+01	1.374461e-02	822399.000000	0.000000e+00
8.895170e+00	1.240689e+01	1.368024e-02	822505.000000	0.000000e+00
8.919713e+00	1.229630e+01	1.347539e-02	832657.000000	0.000000e+00
8.944263e+00	1.225935e+01	1.344133e-02	831861.000000	0.000000e+00
8.968772e+00	1.218955e+01	1.330516e-02	839335.000000	0.000000e+00
8.993334e+00	1.212511e+01	1.319272e-02	844701.000000	0.000000e+00
9.017895e+00	1.206484e+01	1.310200e-02	847945.000000	0.000000e+00
9.042430e+00	1.200880e+01	1.300309e-02	852915.000000	0.000000e+00
9.066970e+00	1.193066e+01	1.288925e-02	856789.000000	0.000000e+00
9.091538e+00	1.190013e+01	1.279583e-02	864901.000000	0.000000e+00
9.116063e+00	1.182111e+01	1.272887e-02	862455.000000	0.000000e+00
9.140573e+00	1.174030e+01	1.256182e-02	873481.000000	0.000000e+00
9.165140e+00	1.172126e+01	1.252453e-02	875841.000000	0.000000e+00
9.189653e+00	1.163383e+01	1.241053e-02	878749.000000	0.000000e+00
9.214176e+00	1.156671e+01	1.228482e-02	886507.000000	0.000000e+00
9.238722e+00	1.151415e+01	1.221090e-02	889137.000000	0.000000e+00
9.263252e+00	1.147344e+01	1.212636e-02	895213.000000	0.000000e+00
9.287810e+00	1.140455e+01	1.201702e-02	900663.000000	0.000000e+00
9.312363e+00	1.134703e+01	1.193261e-02	904261.000000	0.000000e+00
9.336898e+00	1.130132e+01	1.185275e-02	909117.000000	0.000000e+00
9.361428e+00	1.125543e+01	1.177990e-02	912937.000000	0.000000e+00
9.385969e+00	1.119224e+01	1.166865e-02	920011.000000	0.000000e+00
9.410496e+00	1.112302e+01	1.158869e-02	921249.000000	0.000000e+00
9.435027e+00	1.108078e+01	1.149008e-02	930025.000000	0.000000e+00
9.459577e+00	1.102650e+01	1.141980e-02	932307.000000	0.000000e+00
9.484080e+00	1.097745e+01	1.134712e-02	935905.000000	0.000000e+00
9.508599e+00	1.092099e+01	1.124104e-02	943869.000000	0.000000e+00
9.533177e+00	1.089746e+01	1.118370e-02	949465.000000	0.000000e+00
9.557740e+00	1.083282e+01	1.109772e-02	952831.000000	0.000000e+00
9.582283e+00	1.078540e+01	1.102119e-02	957669.000000	0.000000e+00
9.606825e+00	1.071677e+01	1.092396e-02	962425.000000	0.000000e+00
9.631356e+00	1.068463e+01	1.086535e-02	967011.000000	0.000000e+00
9.655881e+00	1.062632e+01	1.078201e-02	971329.000000	0.000000e+00
9.680426e+00	1.057304e+01	1.068717e-02	978757.000000	0.000000e+00
9.704942e+00	1.053088e+01	1.064369e-02	978915.000000	0.000000e+00
9.729497e+00	1.046937e+01	1.051377e-02	991573.000000	0.000000e+00
9.754046e+00	1.043187e+01	1.048959e-02	989025.000000	0.000000e+00
9.778535e+00	1.036201e+01	1.038442e-02	995689.000000	0.000000e+00
9.803103e+00	1.032451e+01	1.029160e-02	1006407.000000	0.000000e+00
9.827649e+00	1.028652e+01	1.026961e-02	1003297.000000	0.000000e+00
9.852180e+00	1.023629e+01	1.015751e-02	1015573.000000	0.000000e+00
9.876731e+00	1.019180e+01	1.011544e-02	1015155.000000	0.000000e+00
9.901284e+00	1.013544e+01	1.001046e-02	1025125.000000	0.000000e+00
9.925835e+00	1.008854e+01	9.958802e-03	1026225.000000	0.000000e+00
9.950350e+00	1.003849e+01	9.884556e-03	1031389.000000	0.000000e+00
9.974902e+00	1.000174e+01	9.807254e-03	1040055.000000	0.000000e+00
9.999429e+00	9.960753e+00	9.772092e-03	1038985.000000	0.000000e+00
1.002392e+01	9.911480e+00	9.683350e-03	1047673.000000	0.000000e+00
1.004849e+01	9.892539e+00	9.629112e-03	1055463.000000	0.000000e+00
1.007303e+01	9.841137e+00	9.575877e-03	1056169.000000	0.000000e+00
1.009756e+01	9.794432e+00	9.493095e-03	1064493.000000	0.000000e+00
1.012209e+01	9.749015e+00	9.439725e-03	1066603.000000	0.000000e+00
1.014664e+01	9.714151e+00	9.363652e-03	1076265.000000	0.000000e+00
1.017120e+01	9.672219e+00	9.314081e-03	1078381.000000	0.000000e+00
1.019572e+01	9.625892e+00	9.252137e-03	1082425.000000	0.000000e+00
1.022025e+01	9.596570e+00	9.189929e-03	1090455.000000	0.000000e+00
1.024479e+01	9.555811e+00	9.138344e-03	1093453.000000	0.000000e+00
1.026933e+01	9.508350e+00	9.064467e-03	1100337.000000	0.000000e+00
1.029386e+01	9.469042e+00	9.010998e-03	1104247.000000	0.000000e+00
1.031842e+01	9.431936e+00	8.943744e-03	1112149.000000	0.000000e+00
1.034296e+01	9.400414e+00	8.903021e-03	1114857.000000	0.000000e+00
1.036749e+01	9.371948e+00	8.855528e-03	1120033.000000	0.000000e+00
1.039203e+01	9.329424e+00	8.785551e-03	1127643.000000	0.000000e+00
1.041655e+01	9.302330e+00	8.757342e-03	1128337.000000	0.000000e+00
1.044111e+01	9.250927e+00	8.658103e-03	1141629.000000	0.000000e+00
1.046570e+01	9.211783e+00	8.619528e-03	1142143.000000	0.000000e+00
1.049021e+01	9.164845e+00	8.565377e-03	1144873.000000	0.000000e+00
1.051473e+01	9.135738e+00	8.503720e-03	1154169.000000	0.000000e+00
1.053925e+01	9.104586e+00	8.471604e-03	1155019.000000	0.000000e+00
1.056380e+01	9.070898e+00	8.392689e-03	1168149.000000	0.000000e+00
1.058835e+01	9.039793e+00	8.369314e-03	1166641.000000	0.000000e+00
1.061283e+01	8.994809e+00	8.312901e-03	1170789.000000	0.000000e+00
1.063739e+01	8.965320e+00	8.233290e-03	1185727.000000	0.000000e+00
1.066197e+01	8.931017e+00	8.207543e-03	1184065.000000	0.000000e+00
1.068650e+01	8.913064e+00	8.165568e-03	1191465.000000	0.000000e+00
1.071103e+01	8.865997e+00	8.112126e-03	1194499.000000	0.000000e+00
1.073555e+01	8.838577e+00	8.062003e-03	1201929.000000	0.000000e+00
1.076011e+01	8.812054e+00	8.012558e-03	1209517.000000	0.000000e+00
1.078466e+01	8.788396e+00	7.981444e-03	1212429.000000	0.000000e+00
1.080918e+01	8.750248e+00	7.932216e-03	1216891.000000	0.000000e+00
1.083370e+01	8.714947e+00	7.881409e-03	1222705.000000	0.000000e+00
1.085823e+01	8.687177e+00	7.830834e-03	1230669.000000	0.000000e+00
1.088282e+01	8.648546e+00	7.769171e-03	1239187.000000	0.000000e+00
1.090737e+01	8.634384e+00	7.761066e-03	1237713.000000	0.000000e+00
1.093189e+01	8.590409e+00	7.693495e-03	1246753.000000	0.000000e+00
1.095642e+01	8.565789e+00	7.660724e-03	1250245.000000	0.000000e+00
1.098096e+01	8.545391e+00	7.612504e-03	1260111.000000	0.000000e+00
1.100552e+01	8.517703e+00	7.582323e-03	1261945.000000	0.000000e+00
1.103005e+01	8.477267e+00	7.526327e-03	1268661.000000	0.000000e+00
1.105458e+01	8.456363e+00	7.491776e-03	1274083.000000	0.000000e+00
1.107911e+01	8.425915e+00	7.449235e-03	1279413.000000	0.000000e+00
1.110366e+01	8.405182e+00	7.407724e-03	1287433.000000	0.000000e+00
1.112821e+01	8.378527e+00	7.373639e-03	1291135.000000	0.000000e+00
1.115273e+01	8.342189e+00	7.329164e-03	1295541.000000	0.000000e+00
1.117726e+01	8.329589e+00	7.297294e-03	1302937.000000	0.000000e+00
1.120181e+01	8.300549e+00	7.253217e-03	1309641.000000	0.000000e+00
1.122634e+01	8.274418e+00	7.222782e-03	1312399.000000	0.000000e+00
1.125085e+01	8.274425e+00	7.205214e-03	1318809.000000	0.000000e+00
1.127541e+01	8.225586e+00	7.133590e-03	1329589.000000	0.000000e+00
1.129999e+01	8.212681e+00	7.116700e-03	1331719.000000	0.000000e+00
1.132451e+01	8.197442e+00	7.094163e-03	1335225.000000	0.000000e+00
1.134903e+01	8.169505e+00	7.047683e-03	1343689.000000	0.000000e+00
1.137357e+01	8.153366e+00	7.022053e-03	1348173.000000	0.000000e+00
1.139811e+01	8.135041e+00	6.985385e-03	1356247.000000	0.000000e+00
1.142265e+01	8.104918e+00	6.952750e-03	1358889.000000	0.000000e+00
1.144718e+01	8.095923e+00	6.923840e-03	1367221.000000	0.000000e+00
1.147174e+01	8.072785e+00	6.886891e-03	1374043.000000	0.000000e+00
1.149628e+01	8.047188e+00	6.857000e-03	1377273.000000	0.000000e+00
1.152079e+01	8.038806e+00	6.839605e-03	1381405.000000	0.000000e+00
1.154533e+01	8.007447e+00	6.784454e-03	1393023.000000	0.000000e+00
1.156988e+01	7.987223e+00	6.765197e-03	1393897.000000	0.000000e+00
1.159441e+01	7.979297e+00	6.736713e-03	1402921.000000	0.000000e+00
1.161895e+01	7.947201e+00	6.698204e-03	1407705.000000	0.000000e+00
1.164349e+01	7.934260e+00	6.671963e-03	1414183.000000	0.000000e+00
1.166804e+01	7.917241e+00	6.644495e-03	1419789.000000	0.000000e+00
1.169259e+01	7.903251e+00	6.615183e-03	1427341.000000	0.000000e+00
1.171712e+01	7.896013e+00	6.605567e-03	1428879.000000	0.000000e+00
1.174164e+01	7.853590e+00	6.548641e-03	1438249.000000	0.000000e+00
1.176619e+01	7.863318e+00	6.540592e-03	1445365.000000	0.000000e+00
1.179072e+01	7.832039e+00	6.511746e-03	1446621.000000	0.000000e+00
1.181525e+01	7.823936e+00	6.480813e-03	1457443.000000	0.000000e+00
1.183979e+01	7.807347e+00	6.459068e-03	1461057.000000	0.000000e+00
1.186435e+01	7.793841e+00	6.428145e-03	1470049.000000	0.000000e+00
1.188889e+01	7.789126e+00	6.416922e-03	1473411.000000	0.000000e+00
1.191343e+01	7.777381e+00	6.393156e-03	1479913.000000	0.000000e+00
1.193797e+01	7.774871e+00	6.376297e-03	1486789.000000	0.000000e+00
1.196251e+01	7.753373e+00	6.348218e-03	1491687.000000	0.000000e+00
1.198703e+01	7.738189e+00	6.324251e-03	1497133.000000	0.000000e+00
1.201156e+01	7.724460e+00	6.296382e-03	1505061.000000	0.000000e+00
1.203612e+01	7.729236e+00	6.286873e-03	1511485.000000	0.000000e+00
1.206065e+01	7.706400e+00	6.260098e-03	1515447.000000	0.000000e+00
1.208515e+01	7.708276e+00	6.252598e-03	1519825.000000	0.000000e+00
1.210971e+01	7.692216e+00	6.207234e-03	1535701.000000	0.000000e+00
1.213428e+01	7.690201e+00	6.212988e-03	1532055.000000	0.000000e+00
1.215881e+01	7.675315e+00	6.174807e-03	1545061.000000	0.000000e+00
1.218336e+01	7.664817e+00	6.165268e-03	1545609.000000	0.000000e+00
1.220787e+01	7.669081e+00	6.155109e-03	1552441.000000	0.000000e+00
1.223242e+01	7.664879e+00	6.129238e-03	1563859.000000	0.000000e+00
1.225696e+01	7.658558e+00	6.124744e-03	1563573.000000	0.000000e+00
1.228148e+01	7.656613e+00	6.103608e-03	1573621.000000	0.000000e+00
1.230602e+01	7.654978e+00	6.092505e-03	1578687.000000	0.000000e+00
1.233056e+01	7.651614e+00	6.076498e-03	1585621.000000	0.000000e+00
1.235512e+01	7.648296e+00	6.055544e-03	1595229.000000	0.000000e+00
1.237965e+01	7.641494e+00	6.053750e-03	1593337.000000	0.000000e+00
1.240419e+01	7.635612e+00	6.018178e-03	1609747.000000	0.000000e+00
1.242874e+01	7.640339e+00	6.026799e-03	1607133.000000	0.000000e+00
1.245325e+01	7.643458e+00	6.012150e-03	1616293.000000	0.000000e+00
1.247780e+01	7.634814e+00	5.984435e-03	1627611.000000	0.000000e+00
1.250235e+01	7.647839e+00	5.996793e-03	1626445.000000	0.000000e+00
1.252688e+01	7.647091e+00	5.973078e-03	1639065.000000	0.000000e+00
1.255143e+01	7.651128e+00	5.971558e-03	1641631.000000	0.000000e+00
1.257596e+01	7.654133e+00	5.967584e-03	1645109.500000	0.000000e+00
1.260049e+01	7.622901e+00	5.948399e-03	1642254.000000	0.000000e+00
1.262503e+01	7.599643e+00	5.935895e-03	1639132.000000	0.000000e+00
1.264958e+01	7.579000e+00	5.923781e-03	1636914.000000	0.000000e+00
1.267411e+01	7.553133e+00	5.914830e-03	1630684.000000	0.000000e+00
1.269864e+01	7.522257e+00	5.894197e-03	1628722.000000	0.000000e+00
1.272316e+01	7.497238e+00	5.882363e-03	1624422.000000	0.000000e+00
1.274773e+01	7.485773e+00	5.868226e-03	1627270.000000	0.000000e+00
1.277225e+01	7.460505e+00	5.875798e-03	1612140.000000	0.000000e+00
1.279677e+01	7.434885e+00	5.842158e-03	1619578.000000	0.000000e+00
1.282133e+01	7.420974e+00	5.848529e-03	1610010.000000	0.000000e+00
1.284587e+01	7.395979e+00	5.827574e-03	1610704.000000	0.000000e+00
1.287043e+01	7.371257e+00	5.817931e-03	1605262.000000	0.000000e+00
1.289495e+01	7.353680e+00	5.814757e-03	1599360.000000	0.000000e+00
1.291951e+01	7.341614e+00	5.800554e-03	1601932.000000	0.000000e+00
1.294403e+01	7.313229e+00	5.802352e-03	1588584.000000	0.000000e+00
1.296853e+01	7.299215e+00	5.785646e-03	1591654.000000	0.000000e+00
1.299309e+01	7.269591e+00	5.766924e-03	1589028.000000	0.000000e+00
1.301763e+01	7.249635e+00	5.765165e-03	1581280.000000	0.000000e+00
1.304217e+01	7.226655e+00	5.747316e-03	1581046.000000	0.000000e+00
1.306670e+01	7.221901e+00	5.754636e-03	1574952.000000	0.000000e+00
1.309123e+01	7.210067e+00	5.751590e-03	1571458.000000	0.000000e+00
1.311579e+01	7.185591e+00	5.732532e-03	1571202.000000	0.000000e+00
1.314034e+01	7.169489e+00	5.731938e-03	1564492.000000	0.000000e+00
1.316488e+01	7.148754e+00	5.722451e-03	1560618.000000	0.000000e+00
1.318940e+01	7.117968e+00	5.706374e-03	1555936.000000	0.000000e+00
1.321393e+01	7.116227e+00	5.711688e-03	1552282.000000	0.000000e+00
1.323848e+01	7.082061e+00	5.685119e-03	1551816.000000	0.000000e+00
1.326302e+01	7.069320e+00	5.691412e-03	1542820.000000	0.000000e+00
1.328757e+01	7.051732e+00	5.674259e-03	1544448.000000	0.000000e+00
1.331210e+01	7.036228e+00	5.679777e-03	1534678.000000	0.000000e+00
1.333662e+01	6.997452e+00	5.651050e-03	1533280.000000	0.000000e+00
1.336117e+01	6.995365e+00	5.653423e-03	1531080.000000	0.000000e+00
1.338570e+01	6.970638e+00	5.648159e-03	1523110.000000	0.000000e+00
1.341022e+01	6.956325e+00	5.640024e-03	1521240.000000	0.000000e+00
1.343476e+01	6.937621e+00	5.632946e-03	1516876.000000	0.000000e+00
1.345932e+01	6.919568e+00	5.620640e-03	1515606.000000	0.000000e+00
1.348389e+01	6.907914e+00	5.619561e-03	1511086.000000	0.000000e+00
1.350843e+01	6.876946e+00	5.610038e-03	1502656.000000	0.000000e+00
1.353293e+01	6.869636e+00	5.611403e-03	1498734.000000	0.000000e+00
1.355748e+01	6.854442e+00	5.599388e-03	1498522.000000	0.000000e+00
1.358203e+01	6.836058e+00	5.597110e-03	1491708.000000	0.000000e+00
1.360658e+01	6.818868e+00	5.587018e-03	1489582.000000	0.000000e+00
1.363111e+01	6.805938e+00	5.593071e-03	1480728.000000	0.000000e+00
1.365563e+01	6.792530e+00	5.582339e-03	1480576.000000	0.000000e+00
1.368019e+01	6.777951e+00	5.579239e-03	1475866.000000	0.000000e+00
1.370473e+01	6.760261e+00	5.576634e-03	1469544.000000	0.000000e+00
1.372924e+01	6.742046e+00	5.572419e-03	1463848.000000	0.000000e+00
1.375380e+01	6.728043e+00	5.554629e-03	1467126.000000	0.000000e+00
1.377836e+01	6.721664e+00	5.573270e-03	1454566.000000	0.000000e+00
1.380287e+01	6.698317e+00	5.559564e-03	1451610.000000	0.000000e+00
1.382737e+01	6.676039e+00	5.552161e-03	1445818.000000	0.000000e+00
1.385191e+01	6.676032e+00	5.551775e-03	1446016.000000	0.000000e+00
1.387648e+01	6.658939e+00	5.548480e-03	1440330.000000	0.000000e+00
1.390103e+01	6.639572e+00	5.540211e-03	1436242.000000	0.000000e+00
1.392557e+01	6.626886e+00	5.545607e-03	1427976.000000	0.000000e+00
1.395012e+01	6.611676e+00	5.531070e-03	1428910.000000	0.000000e+00
1.397464e+01	6.607177e+00	5.553591e-03	1415416.000000	0.000000e+00
1.399917e+01	6.576257e+00	5.517456e-03	1420626.000000	0.000000e+00
1.402372e+01	6.580895e+00	5.545092e-03	1408486.000000	0.000000e+00
1.404824e+01	6.557504e+00	5.528228e-03	1407036.000000	0.000000e+00
1.407278e+01	6.549647e+00	5.530672e-03	1402426.000000	0.000000e+00
1.409731e+01	6.532922e+00	5.530475e-03	1395372.000000	0.000000e+00
1.412183e+01	6.517413e+00	5.522958e-03	1392538.000000	0.000000e+00
1.414639e+01	6.501494e+00	5.513841e-03	1390330.000000	0.000000e+00
1.417094e+01	6.497612e+00	5.530113e-03	1380510.000000	0.000000e+00
1.419546e+01	6.478279e+00	5.516289e-03	1379194.000000	0.000000e+00
1.422001e+01	6.468540e+00	5.521617e-03	1372398.000000	0.000000e+00
1.424455e+01	6.459667e+00	5.520567e-03	1369156.000000	0.000000e+00
1.426908e+01	6.447856e+00	5.527268e-03	1360848.000000	0.000000e+00
1.429362e+01	6.433829e+00	5.515090e-03	1360924.000000	0.000000e+00
1.431818e+01	6.423562e+00	5.523459e-03	1352476.000000	0.000000e+00
1.434273e+01	6.419045e+00	5.525322e-03	1349664.000000	0.000000e+00
1.436724e+01	6.409977e+00	5.539878e-03	1338790.000000	0.000000e+00
1.439177e+01	6.404670e+00	5.528417e-03	1342122.000000	0.000000e+00
1.441633e+01	6.383976e+00	5.533101e-03	1331206.000000	0.000000e+00
1.444087e+01	6.372114e+00	5.527352e-03	1329024.000000	0.000000e+00
1.446541e+01	6.370592e+00	5.540940e-03	1321882.000000	0.000000e+00
1.448996e+01	6.354090e+00	5.531913e-03	1319338.000000	0.000000e+00
1.451448e+01	6.338521e+00	5.540318e-03	1308900.000000	0.000000e+00
1.453902e+01	6.338036e+00	5.537310e-03	1310122.000000	0.000000e+00
1.456356e+01	6.315014e+00	5.538885e-03	1299882.000000	0.000000e+00
1.458809e+01	6.318779e+00	5.549792e-03	1296322.000000	0.000000e+00
1.461262e+01	6.306514e+00	5.547976e-03	1292140.000000	0.000000e+00
1.463716e+01	6.293274e+00	5.552967e-03	1284408.000000	0.000000e+00
1.466171e+01	6.285683e+00	5.548957e-03	1283164.000000	0.000000e+00
1.468625e+01	6.280960e+00	5.565682e-03	1273548.000000	0.000000e+00
1.471078e+01	6.276820e+00	5.570080e-03	1269862.000000	0.000000e+00
1.473534e+01	6.255389e+00	5.557218e-03	1267050.000000	0.000000e+00
1.475987e+01	6.255445e+00	5.582976e-03	1255408.000000	0.000000e+00
1.478439e+01	6.247394e+00	5.575671e-03	1255462.000000	0.000000e+00
1.480894e+01	6.237562e+00	5.586200e-03	1246800.000000	0.000000e+00
1.483348e+01	6.218232e+00	5.574476e-03	1244302.000000	0.000000e+00
1.485802e+01	6.219687e+00	5.596458e-03	1235124.000000	0.000000e+00
1.488256e+01	6.212349e+00	5.594605e-03	1233028.000000	0.000000e+00
1.490708e+01	6.198021e+00	5.605202e-03	1222710.000000	0.000000e+00
1.493162e+01	6.196632e+00	5.605560e-03	1222006.000000	0.000000e+00
1.495618e+01	6.195170e+00	5.618615e-03	1215760.000000	0.000000e+00
1.498071e+01	6.178870e+00	5.624490e-03	1206846.000000	0.000000e+00
1.500525e+01	6.176365e+00	5.627785e-03	1204456.000000	0.000000e+00
1.502980e+01	6.173983e+00	5.641581e-03	1197648.000000	0.000000e+00
1.505434e+01	6.157019e+00	5.642689e-03	1190608.000000	0.000000e+00
1.507886e+01	6.161505e+00	5.657526e-03	1186098.000000	0.000000e+00
1.510342e+01	6.157869e+00	5.665883e-03	1181206.000000	0.000000e+00
1.512796e+01	6.129728e+00	5.660398e-03	1172704.000000	0.000000e+00
1.515246e+01	6.147183e+00	5.689349e-03	1167420.000000	0.000000e+00
1.517700e+01	6.132901e+00	5.686329e-03	1163236.000000	0.000000e+00
1.520157e+01	6.128414e+00	5.692096e-03	1159182.000000	0.000000e+00
1.522611e+01	6.120194e+00	5.713105e-03	1147588.000000	0.000000e+00
1.525063e+01	6.124680e+00	5.720613e-03	1146256.000000	0.000000e+00
1.527518e+01	6.108602e+00	5.726295e-03	1137984.000000	0.000000e+00
1.529972e+01	6.107215e+00	5.737507e-03	1133026.000000	0.000000e+00
1.532424e+01	6.105711e+00	5.755460e-03	1125414.000000	0.000000e+00
1.534877e+01	6.100259e+00	5.761564e-03	1121026.000000	0.000000e+00
1.537332e+01	6.095752e+00	5.771933e-03	1115352.000000	0.000000e+00
1.539786e+01	6.081204e+00	5.777840e-03	1107766.000000	0.000000e+00
1.542240e+01	6.089397e+00	5.796498e-03	1103614.000000	0.000000e+00
1.544694e+01	6.088412e+00	5.817467e-03	1095318.000000	0.000000e+00
1.547149e+01	6.081909e+00	5.822721e-03	1091008.000000	0.000000e+00
1.549603e+01	6.081206e+00	5.840637e-03	1084074.000000	0.000000e+00
1.552054e+01	6.080352e+00	5.866705e-03	1074160.000000	0.000000e+00
1.554506e+01	6.082481e+00	5.871263e-03	1073244.000000	0.000000e+00
1.556963e+01	6.072476e+00	5.879949e-03	1066558.000000	0.000000e+00
1.559418e+01	6.061703e+00	5.893420e-03	1057924.000000	0.000000e+00
1.561873e+01	6.058641e+00	5.901258e-03	1054050.000000	0.000000e+00
1.564327e+01	6.071471e+00	5.941337e-03	1044286.000000	0.000000e+00
1.566780e+01	6.067164e+00	5.944756e-03	1041606.000000	0.000000e+00
1.569233e+01	6.068204e+00	5.976865e-03	1030798.000000	0.000000e+00
1.571685e+01	6.068372e+00	5.986463e-03	1027552.000000	0.000000e+00
1.574141e+01	6.059965e+00	5.996327e-03	1021338.000000	0.000000e+00
1.576595e+01	6.055941e+00	6.015954e-03	1013338.000000	0.000000e+00
1.579049e+01	6.065846e+00	6.041169e-03	1008186.000000	0.000000e+00
1.581502e+01	6.055066e+00	6.056902e-03	999394.000000	0.000000e+00
1.583955e+01	6.070213e+00	6.086369e-03	994698.000000	0.000000e+00
1.586407e+01	6.060389e+00	6.099972e-03	987064.000000	0.000000e+00
1.588861e+01	6.061813e+00	6.120091e-03	981046.000000	0.000000e+00
1.591315e+01	6.067461e+00	6.143565e-03	975378.000000	0.000000e+00
1.593770e+01	6.062132e+00	6.161378e-03	968044.000000	0.000000e+00
1.596225e+01	6.072883e+00	6.193313e-03	961488.000000	0.000000e+00
1.598677e+01	6.080383e+00	6.227567e-03	953290.000000	0.000000e+00
1.601131e+01	6.088650e+00	6.249890e-03	949068.000000	0.000000e+00
1.603586e+01	6.076048e+00	6.263747e-03	940966.000000	0.000000e+00
1.606040e+01	6.086822e+00	6.298089e-03	934036.000000	0.000000e+00
1.608493e+01	6.083548e+00	6.316379e-03	927636.000000	0.000000e+00
1.610947e+01	6.091064e+00	6.351050e-03	919804.000000	0.000000e+00
1.613400e+01	6.095834e+00	6.376221e-03	913986.000000	0.000000e+00
1.615854e+01	6.096292e+00	6.399221e-03	907564.000000	0.000000e+00
1.618310e+01	6.105293e+00	6.433829e-03	900480.000000	0.000000e+00
1.620765e+01	6.114621e+00	6.469104e-03	893410.000000	0.000000e+00
1.623216e+01	6.113430e+00	6.504444e-03	883384.000000	0.000000e+00
1.625669e+01	6.112525e+00	6.512348e-03	880980.000000	0.000000e+00
1.628123e+01	6.126513e+00	6.563635e-03	871240.000000	0.000000e+00
1.630580e+01	6.121752e+00	6.572960e-03	867420.000000	0.000000e+00
1.633036e+01	6.135881e+00	6.626059e-03	857518.000000	0.000000e+00
1.635486e+01	6.144130e+00	6.669614e-03	848632.000000	0.000000e+00
1.637939e+01	6.153314e+00	6.691509e-03	845610.000000	0.000000e+00
1.640395e+01	6.146881e+00	6.721512e-03	836326.000000	0.000000e+00
1.642848e+01	6.157073e+00	6.761109e-03	829302.000000	0.000000e+00
1.645298e+01	6.176075e+00	6.818338e-03	820480.000000	0.000000e+00
1.647753e+01	6.165509e+00	6.821071e-03	817020.000000	0.000000e+00
1.650209e+01	6.172920e+00	6.865703e-03	808372.000000	0.000000e+00
1.652660e+01	6.176314e+00	6.912764e-03	798280.000000	0.000000e+00
1.655114e+01	6.202868e+00	6.953984e-03	795642.000000	0.000000e+00
1.657571e+01	6.182947e+00	6.972875e-03	786262.000000	0.000000e+00
1.660025e+01	6.198772e+00	7.028303e-03	777876.000000	0.000000e+00
1.662478e+01	6.223509e+00	7.081228e-03	772420.000000	0.000000e+00
1.664931e+01	6.212844e+00	7.115274e-03	762426.000000	0.000000e+00
1.667386e+01	6.243749e+00	7.167420e-03	758866.000000	0.000000e+00
1.669842e+01	6.246012e+00	7.220549e-03	748282.000000	0.000000e+00
1.672293e+01	6.244226e+00	7.254629e-03	740844.000000	0.000000e+00
1.674748e+01	6.260506e+00	7.297737e-03	735940.000000	0.000000e+00
1.677204e+01	6.262316e+00	7.350379e-03	725856.000000	0.000000e+00
1.679655e+01	6.288359e+00	7.417901e-03	718642.000000	0.000000e+00
1.682107e+01	6.288084e+00	7.454283e-03	711582.000000	0.000000e+00
1.684563e+01	6.308206e+00	7.514190e-03	704770.000000	0.000000e+00
1.687018e+01	6.312627e+00	7.561903e-03	696880.000000	0.000000e+00
1.689472e+01	6.321590e+00	7.621941e-03	687894.000000	0.000000e+00
1.691924e+01	6.332554e+00	7.669330e-03	681778.000000	0.000000e+00
1.694378e+01	6.340561e+00	7.731759e-03	672510.000000	0.000000e+00
1.696830e+01	6.349460e+00	7.781213e-03	665854.000000	0.000000e+00
1.699283e+01	6.355897e+00	7.837737e-03	657616.000000	0.000000e+00
1.701740e+01	6.360775e+00	7.878789e-03	651780.000000	0.000000e+00
1.704195e+01	6.382652e+00	7.965667e-03	642034.000000	0.000000e+00
1.706646e+01	6.386288e+00	8.026650e-03	633036.000000	0.000000e+00
1.709097e+01	6.404432e+00	8.083440e-03	627724.000000	0.000000e+00
1.711553e+01	6.414708e+00	8.151712e-03	619236.000000	0.000000e+00
1.714008e+01	6.420914e+00	8.215685e-03	610810.000000	0.000000e+00
1.716463e+01	6.422449e+00	8.258637e-03	604762.000000	0.000000e+00
1.718918e+01	6.424578e+00	8.337605e-03	593754.000000	0.000000e+00
1.721369e+01	6.465311e+00	8.433199e-03	587752.000000	0.000000e+00
1.723823e+01	6.438011e+00	8.462310e-03	578796.000000	0.000000e+00
1.726278e+01	6.473960e+00	8.560489e-03	571930.000000	0.000000e+00
1.728731e+01	6.444785e+00	8.589566e-03	562956.000000	0.000000e+00
1.731188e+01	6.474421e+00	8.681704e-03	556150.000000	0.000000e+00
1.733641e+01	6.474644e+00	8.759651e-03	546334.000000	0.000000e+00
1.736091e+01	6.481483e+00	8.839897e-03	537594.000000	0.000000e+00
1.738543e+01	6.496609e+00	8.903976e-03	532360.000000	0.000000e+00
1.741000e+01	6.496706e+00	8.992137e-03	521988.000000	0.000000e+00
1.743456e+01	6.524969e+00	9.084423e-03	515896.000000	0.000000e+00
1.745909e+01	6.495850e+00	9.138088e-03	505314.000000	0.000000e+00
1.748363e+01	6.497351e+00	9.200999e-03	498658.000000	0.000000e+00
1.750818e+01	6.490519e+00	9.271545e-03	490066.000000	0.000000e+00
1.753269e+01	6.500064e+00	9.382327e-03	479970.000000	0.000000e+00
1.755722e+01	6.503978e+00	9.442571e-03	474436.000000	0.000000e+00
1.758176e+01	6.482553e+00	9.516921e-03	463980.000000	0.000000e+00
1.760629e+01	6.484856e+00	9.594997e-03	456784.000000	0.000000e+00
1.763083e+01	6.512095e+00	9.725331e-03	448366.000000	0.000000e+00
1.765539e+01	6.457682e+00	9.736406e-03	439902.000000	0.000000e+00
1.767993e+01	6.460954e+00	9.839623e-03	431158.000000	0.000000e+00
1.770446e+01	6.467291e+00	9.946407e-03	422778.000000	0.000000e+00
1.772897e+01	6.448069e+00	1.002646e-02	413584.000000	0.000000e+00
1.775351e+01	6.416966e+00	1.006482e-02	406488.000000	0.000000e+00
1.777808e+01	6.379225e+00	1.011487e-02	397754.500000	0.000000e+00
1.780261e+01	6.386310e+00	1.023746e-02	389149.000000	0.000000e+00
1.782713e+01	6.387385e+00	1.033188e-02	382197.000000	0.000000e+00
1.785169e+01	6.361550e+00	1.037968e-02	375628.000000	0.000000e+00
1.787623e+01	6.365876e+00	1.049737e-02	367752.000000	0.000000e+00
1.790076e+01	6.356699e+00	1.056639e-02	361918.000000	0.000000e+00
1.792530e+01	6.338342e+00	1.063603e-02	355134.000000	0.000000e+00
1.794985e+01	6.341018e+00	1.073875e-02	348667.000000	0.000000e+00
1.797440e+01	6.369722e+00	1.087682e-02	342955.000000	0.000000e+00
1.799891e+01	6.332498e+00	1.092909e-02	335724.000000	0.000000e+00
1.802344e+01	6.334909e+00	1.101039e-02	331036.000000	0.000000e+00
1.804802e+01	6.343904e+00	1.112062e-02	325428.000000	0.000000e+00
1.807255e+01	6.350073e+00	1.125622e-02	318253.000000	0.000000e+00
1.809707e+01	6.335933e+00	1.130629e-02	314037.000000	0.000000e+00
1.812164e+01	6.358676e+00	1.145477e-02	308149.000000	0.000000e+00
1.814617e+01	6.314211e+00	1.148500e-02	302257.000000	0.000000e+00
1.817068e+01	6.357511e+00	1.166335e-02	297117.000000	0.000000e+00
1.819523e+01	6.363395e+00	1.176301e-02	292645.000000	0.000000e+00
1.821979e+01	6.359127e+00	1.186921e-02	287046.000000	0.000000e+00
1.824431e+01	6.373155e+00	1.201565e-02	281329.000000	0.000000e+00
1.826883e+01	6.343791e+00	1.204673e-02	277306.000000	0.000000e+00
1.829337e+01	6.363441e+00	1.219681e-02	272202.000000	0.000000e+00
1.831793e+01	6.391328e+00	1.235243e-02	267718.000000	0.000000e+00
1.834250e+01	6.380743e+00	1.244263e-02	262977.000000	0.000000e+00
1.836701e+01	6.389543e+00	1.260211e-02	257071.000000	0.000000e+00
1.839152e+01	6.382665e+00	1.267075e-02	253746.000000	0.000000e+00
1.841609e+01	6.395997e+00	1.281123e-02	249250.000000	0.000000e+00
1.844064e+01	6.420397e+00	1.299308e-02	244174.000000	0.000000e+00
1.846515e+01	6.425992e+00	1.311454e-02	240090.000000	0.000000e+00
1.848971e+01	6.389844e+00	1.315331e-02	235999.000000	0.000000e+00
1.851428e+01	6.424917e+00	1.334516e-02	231786.000000	0.000000e+00
1.853881e+01	6.440644e+00	1.351637e-02	227059.000000	0.000000e+00
1.856328e+01	6.436149e+00	1.364835e-02	222378.000000	0.000000e+00
1.858784e+01	6.458457e+00	1.376338e-02	220195.000000	0.000000e+00
1.861244e+01	6.451542e+00	1.391369e-02	215002.000000	0.000000e+00
1.863693e+01	6.456724e+00	1.407175e-02	210537.000000	0.000000e+00
1.866143e+01	6.470288e+00	1.421197e-02	207271.000000	0.000000e+00
1.868601e+01	6.466547e+00	1.432170e-02	203871.000000	0.000000e+00
1.871055e+01	6.492748e+00	1.454523e-02	199258.000000	0.000000e+00
1.873503e+01	6.532470e+00	1.478059e-02	195331.000000	0.000000e+00
1.875958e+01	6.490860e+00	1.477720e-02	192939.000000	0.000000e+00
1.878417e+01	6.527585e+00	1.503896e-02	188395.000000	0.000000e+00
1.880870e+01	6.546535e+00	1.522108e-02	184983.000000	0.000000e+00
1.883322e+01	6.525285e+00	1.532843e-02	181219.000000	0.000000e+00
1.885775e+01	6.548013e+00	1.552556e-02	177879.000000	0.000000e+00
1.888231e+01	6.552248e+00	1.567941e-02	174631.000000	0.000000e+00
1.890684e+01	6.592606e+00	1.594731e-02	170899.000000	0.000000e+00
1.893134e+01	6.605541e+00	1.614227e-02	167451.000000	0.000000e+00
1.895590e+01	6.591934e+00	1.623437e-02	164875.000000	0.000000e+00
1.898046e+01	6.640805e+00	1.655742e-02	160863.000000	0.000000e+00
1.900495e+01	6.636327e+00	1.671667e-02	157600.000000	0.000000e+00
1.902946e+01	6.622336e+00	1.682884e-02	154851.000000	0.000000e+00
1.905406e+01	6.692115e+00	1.715820e-02	152119.000000	0.000000e+00
1.907863e+01	6.689299e+00	1.736391e-02	148411.000000	0.000000e+00
1.910311e+01	6.703336e+00	1.760735e-02	144942.000000	0.000000e+00
1.912765e+01	6.705077e+00	1.772968e-02	143023.000000	0.000000e+00
1.915226e+01	6.769489e+00	1.811429e-02	139659.000000	0.000000e+00
1.917678e+01	6.793703e+00	1.840578e-02	136240.000000	0.000000e+00
1.920124e+01	6.845433e+00	1.874097e-02	133419.000000	0.000000e+00
1.922581e+01	6.777818e+00	1.869823e-02	131395.000000	0.000000e+00
1.925040e+01	6.839003e+00	1.912127e-02	127924.000000	0.000000e+00
1.927489e+01	6.862159e+00	1.940764e-02	125019.000000	0.000000e+00
1.929941e+01	6.859092e+00	1.957728e-02	122752.000000	0.000000e+00
1.932402e+01	6.911319e+00	1.992413e-02	120327.000000	0.000000e+00
1.934855e+01	6.939289e+00	2.031604e-02	116668.000000	0.000000e+00
1.937298e+01	6.968089e+00	2.061754e-02	114223.000000	0.000000e+00
1.939755e+01	6.942966e+00	2.067320e-02	112791.000000	0.000000e+00
1.942217e+01	6.986400e+00	2.113097e-02	109312.000000	0.000000e+00
1.944667e+01	7.012266e+00	2.144514e-02	106920.000000	0.000000e+00
1.947113e+01	7.039337e+00	2.182753e-02	104005.000000	0.000000e+00
1.949570e+01	7.041677e+00	2.196196e-02	102804.000000	0.000000e+00
1.952032e+01	7.092117e+00	2.246874e-02	99631.000000	0.000000e+00
1.954482e+01	7.132550e+00	2.288850e-02	97108.000000	0.000000e+00
1.956930e+01	7.177675e+00	2.329542e-02	94935.000000	0.000000e+00
1.959391e+01	7.193251e+00	2.356885e-02	93148.000000	0.000000e+00
1.961850e+01	7.204496e+00	2.396869e-02	90348.000000	0.000000e+00
1.964294e+01	7.192243e+00	2.428607e-02	87703.000000	0.000000e+00
1.966740e+01	7.284365e+00	2.482851e-02	86076.000000	0.000000e+00
1.969204e+01	7.290015e+00	2.509327e-02	84400.000000	0.000000e+00
1.971660e+01	7.339723e+00	2.573662e-02	81331.000000	0.000000e+00
1.974103e+01	7.382557e+00	2.619114e-02	79452.000000	0.000000e+00
1.976563e+01	7.456593e+00	2.667154e-02	78160.000000	0.000000e+00
1.979032e+01	7.426345e+00	2.698260e-02	75750.000000	0.000000e+00
1.981482e+01	7.503501e+00	2.774378e-02	73147.000000	0.000000e+00
1.983914e+01	7.511887e+00	2.822901e-02	70812.000000	0.000000e+00
1.986374e+01	7.582373e+00	2.852936e-02	70636.000000	0.000000e+00
1.988844e+01	7.519153e+00	2.892496e-02	67576.000000	0.000000e+00
1.991292e+01	7.615091e+00	2.970320e-02	65727.000000	0.000000e+00
1.993736e+01	7.670578e+00	3.038335e-02	63736.000000	0.000000e+00
1.996197e+01	7.686839e+00	3.070122e-02	62688.000000	0.000000e+00
1.998658e+01	7.723947e+00	3.146896e-02	60244.000000	0.000000e+00
2.001095e+01	7.755167e+00	3.218161e-02	58072.000000	0.000000e+00
2.003547e+01	7.862644e+00	3.280461e-02	57447.000000	0.000000e+00
2.006019e+01	7.921011e+00	3.365619e-02	55390.000000	0.000000e+00
2.008472e+01	7.933556e+00	3.434343e-02	53364.000000	0.000000e+00
2.010903e+01	7.941982e+00	3.507565e-02	51268.000000	0.000000e+00
2.013363e+01	8.030777e+00	3.551078e-02	51144.000000	0.000000e+00
2.015842e+01	8.075404e+00	3.656613e-02	48772.000000	0.000000e+00
2.018288e+01	8.124309e+00	3.754340e-02	46828.000000	0.000000e+00
2.020721e+01	8.169614e+00	3.835373e-02	45372.000000	0.000000e+00
2.023181e+01	8.230113e+00	3.899739e-02	44539.000000	0.000000e+00
2.025650e+01	8.218193e+00	3.976131e-02	42720.000000	0.000000e+00
2.028095e+01	8.360287e+00	4.132078e-02	40936.000000	0.000000e+00
2.030542e+01	8.382361e+00	4.192333e-02	39978.000000	0.000000e+00
2.033011e+01	8.429373e+00	4.289993e-02	38608.000000	0.000000e+00
2.035466e+01	8.420561e+00	4.384044e-02	36892.000000	0.000000e+00
2.037892e+01	8.506472e+00	4.533450e-02	35208.000000	0.000000e+00
2.040348e+01	8.504451e+00	4.544522e-02	35020.000000	0.000000e+00
2.042837e+01	8.634665e+00	4.726660e-02	33372.000000	0.000000e+00
2.045281e+01	8.733396e+00	4.926972e-02	31420.000000	0.000000e+00
2.047697e+01	8.839058e+00	5.073889e-02	30348.000000	0.000000e+00
2.050165e+01	8.910745e+00	5.141194e-02	30040.000000	0.000000e+00
2.052659e+01	8.864239e+00	5.248145e-02	28528.000000	0.000000e+00
2.055100e+01	8.952365e+00	5.486779e-02	26622.000000	0.000000e+00
2.057510e+01	9.054897e+00	5.639519e-02	25780.000000	0.000000e+00
2.059985e+01	9.154301e+00	5.738049e-02	25452.000000	0.000000e+00
2.062477e+01	9.138650e+00	5.901433e-02	23980.000000	0.000000e+00
2.064904e+01	9.374731e+00	6.291341e-02	22204.000000	0.000000e+00
2.067328e+01	9.369785e+00	6.328047e-02	21924.000000	0.000000e+00
2.069813e+01	9.410292e+00	6.485694e-02	21052.000000	0.000000e+00
2.072282e+01	9.552707e+00	6.801191e-02	19728.000000	0.000000e+00
2.074689e+01	9.534998e+00	7.045394e-02	18316.000000	0.000000e+00
2.077148e+01	9.686641e+00	7.117529e-02	18522.000000	0.000000e+00
2.079650e+01	9.756833e+00	7.470854e-02	17056.000000	0.000000e+00
2.082086e+01	9.735044e+00	7.720150e-02	15901.000000	0.000000e+00
2.084494e+01	9.980541e+00	8.113456e-02	15132.000000	0.000000e+00
2.086988e+01	1.001440e+01	8.172369e-02	15016.000000	0.000000e+00
2.089484e+01	9.933761e+00	8.530685e-02	13560.000000	0.000000e+00
2.091874e+01	1.008043e+01	9.039380e-02	12436.000000	0.000000e+00
2.094286e+01	1.024604e+01	9.234038e-02	12312.000000	0.000000e+00
2.096835e+01	1.047601e+01	9.556874e-02	12016.000000	0.000000e+00
2.099333e+01	1.042323e+01	1.021395e-01	10414.000000	0.000000e+00
2.101635e+01	1.061540e+01	1.102189e-01	9276.000000	0.000000e+00
2.104066e+01	1.075959e+01	1.078063e-01	9961.000000	0.000000e+00
2.106684e+01	1.081927e+01	1.126274e-01	9228.000000	0.000000e+00
2.109169e+01	1.095994e+01	1.246413e-01	7732.000000	0.000000e+00
2.111385e+01	1.107614e+01	1.347546e-01	6756.000000	0.000000e+00
2.113864e+01	1.102741e+01	1.252145e-01	7756.000000	0.000000e+00
2.116547e+01	1.122936e+01	1.359761e-01	6820.000000	0.000000e+00
2.118998e+01	1.124685e+01	1.536489e-01	5358.000000	0.000000e+00
2.121167e+01	1.190329e+01	1.684559e-01	4993.000000	0.000000e+00
2.123701e+01	1.162920e+01	1.565237e-01	5520.000000	0.000000e+00
2.126409e+01	1.192996e+01	1.723378e-01	4792.000000	0.000000e+00
2.128812e+01	1.213054e+01	2.069444e-01	3436.000000	0.000000e+00
2.130920e+01	1.209179e+01	2.049751e-01	3480.000000	0.000000e+00
2.133536e+01	1.207425e+01	1.979385e-01	3721.000000	0.000000e+00
2.136298e+01	1.230189e+01	2.198168e-01	3132.000000	0.000000e+00
2.138535e+01	1.259300e+01	2.989870e-01	1774.000000	0.000000e+00
2.140616e+01	1.227362e+01	2.499102e-01	2412.000000	0.000000e+00
2.143360e+01	1.264197e+01	2.687955e-01	2212.000000	0.000000e+00
2.146162e+01	1.331336e+01	3.106226e-01	1837.000000	0.000000e+00
2.148292e+01	1.281906e+01	4.487567e-01	816.000000	0.000000e+00
2.150387e+01	1.330618e+01	3.592332e-01	1372.000000	0.000000e+00
2.153200e+01	1.377918e+01	4.169769e-01	1092.000000	0.000000e+00
2.156014e+01	1.408040e+01	4.846673e-01	844.000000	0.000000e+00
2.158178e+01	1.430129e+01	7.767397e-01	339.000000	0.000000e+00
2.160234e+01	1.376957e+01	5.969867e-01	532.000000	0.000000e+00
2.163046e+01	1.405115e+01	7.364801e-01	364.000000	0.000000e+00
2.165853e+01	1.494488e+01	9.897488e-01	228.000000	0.000000e+00
2.168066e+01	1.639613e+01	1.919022e+00	73.000000	0.000000e+00
2.170037e+01	1.860359e+01	2.029818e+00	84.000000	0.000000e+00
2.172766e+01	1.336487e+01	2.525723e+00	28.000000	0.000000e+00
2.175143e+01	1.132768e+01	6.540038e+00	3.000000	0.000000e+00
