# [<k> (h/Mpc)]	[<P_0(k)> (Mpc/h)^3]	[ErrorBar (Mpc/h)^3]	nModes	[<P_2(k)> (Mpc/h)^3]
3.476422e-02	1.499799e+04	4.159693e+03	13.000000	0.000000e+00
5.890282e-02	1.098121e+04	1.911584e+03	33.000000	0.000000e+00
8.378087e-02	6.474916e+03	7.284850e+02	79.000000	0.000000e+00
1.087368e-01	4.976253e+03	4.600548e+02	117.000000	0.000000e+00
1.341836e-01	3.721273e+03	2.599050e+02	205.000000	0.000000e+00
1.581206e-01	2.746609e+03	1.791690e+02	235.000000	0.000000e+00
1.826843e-01	2.127071e+03	1.107309e+02	369.000000	0.000000e+00
2.073525e-01	1.961771e+03	9.427670e+01	433.000000	0.000000e+00
2.322407e-01	1.713164e+03	7.083061e+01	585.000000	0.000000e+00
2.568838e-01	1.444179e+03	5.542252e+01	679.000000	0.000000e+00
2.811185e-01	1.310218e+03	4.595136e+01	813.000000	0.000000e+00
3.057758e-01	1.160350e+03	3.697181e+01	985.000000	0.000000e+00
3.308750e-01	1.120235e+03	3.256992e+01	1183.000000	0.000000e+00
3.553459e-01	1.038549e+03	2.915386e+01	1269.000000	0.000000e+00
3.797184e-01	8.890913e+02	2.267824e+01	1537.000000	0.000000e+00
4.042043e-01	8.664062e+02	2.131008e+01	1653.000000	0.000000e+00
4.287408e-01	7.822436e+02	1.765557e+01	1963.000000	0.000000e+00
4.533372e-01	7.659137e+02	1.663066e+01	2121.000000	0.000000e+00
4.779960e-01	7.191684e+02	1.464037e+01	2413.000000	0.000000e+00
5.026630e-01	6.825636e+02	1.329697e+01	2635.000000	0.000000e+00
5.271488e-01	6.174104e+02	1.151076e+01	2877.000000	0.000000e+00
5.515428e-01	6.012324e+02	1.068025e+01	3169.000000	0.000000e+00
5.762241e-01	5.662499e+02	9.561813e+00	3507.000000	0.000000e+00
6.007286e-01	5.701053e+02	9.391530e+00	3685.000000	0.000000e+00
6.252569e-01	5.415785e+02	8.391776e+00	4165.000000	0.000000e+00
6.499966e-01	5.262638e+02	7.954543e+00	4377.000000	0.000000e+00
6.746858e-01	4.930865e+02	7.076663e+00	4855.000000	0.000000e+00
6.991271e-01	4.861214e+02	6.924131e+00	4929.000000	0.000000e+00
7.235757e-01	4.681190e+02	6.266142e+00	5581.000000	0.000000e+00
7.479714e-01	4.515919e+02	5.992530e+00	5679.000000	0.000000e+00
7.726133e-01	4.406307e+02	5.514350e+00	6385.000000	0.000000e+00
7.972413e-01	4.222760e+02	5.216465e+00	6553.000000	0.000000e+00
8.218513e-01	4.146326e+02	4.912144e+00	7125.000000	0.000000e+00
8.464491e-01	3.976909e+02	4.608450e+00	7447.000000	0.000000e+00
8.709767e-01	3.907075e+02	4.387757e+00	7929.000000	0.000000e+00
8.955547e-01	3.760103e+02	4.114135e+00	8353.000000	0.000000e+00
9.199772e-01	3.677565e+02	3.925878e+00	8775.000000	0.000000e+00
9.444963e-01	3.662443e+02	3.795124e+00	9313.000000	0.000000e+00
9.690846e-01	3.571677e+02	3.600415e+00	9841.000000	0.000000e+00
9.935517e-01	3.492536e+02	3.459652e+00	10191.000000	0.000000e+00
1.018099e+00	3.412788e+02	3.269308e+00	10897.000000	0.000000e+00
1.042679e+00	3.324171e+02	3.126979e+00	11301.000000	0.000000e+00
1.067353e+00	3.234061e+02	2.949210e+00	12025.000000	0.000000e+00
1.092004e+00	3.146604e+02	2.823117e+00	12423.000000	0.000000e+00
1.116549e+00	3.082872e+02	2.701676e+00	13021.000000	0.000000e+00
1.140967e+00	3.044556e+02	2.629606e+00	13405.000000	0.000000e+00
1.165410e+00	2.942145e+02	2.464917e+00	14247.000000	0.000000e+00
1.189942e+00	2.844324e+02	2.349718e+00	14653.000000	0.000000e+00
1.214340e+00	2.837440e+02	2.291464e+00	15333.000000	0.000000e+00
1.238824e+00	2.774257e+02	2.196747e+00	15949.000000	0.000000e+00
1.263616e+00	2.685384e+02	2.056031e+00	17059.000000	0.000000e+00
1.288278e+00	2.644549e+02	2.022515e+00	17097.000000	0.000000e+00
1.312698e+00	2.579201e+02	1.924295e+00	17965.000000	0.000000e+00
1.337129e+00	2.522108e+02	1.852739e+00	18531.000000	0.000000e+00
1.361846e+00	2.498911e+02	1.781803e+00	19669.000000	0.000000e+00
1.386459e+00	2.438034e+02	1.728581e+00	19893.000000	0.000000e+00
1.410760e+00	2.379838e+02	1.662759e+00	20485.000000	0.000000e+00
1.435294e+00	2.378618e+02	1.612817e+00	21751.000000	0.000000e+00
1.459966e+00	2.304908e+02	1.546640e+00	22209.000000	0.000000e+00
1.484553e+00	2.267949e+02	1.494110e+00	23041.000000	0.000000e+00
1.509059e+00	2.242006e+02	1.456616e+00	23691.000000	0.000000e+00
1.533565e+00	2.176783e+02	1.391918e+00	24457.000000	0.000000e+00
1.558284e+00	2.172335e+02	1.352516e+00	25797.000000	0.000000e+00
1.582818e+00	2.126319e+02	1.328249e+00	25627.000000	0.000000e+00
1.607259e+00	2.083790e+02	1.263089e+00	27217.000000	0.000000e+00
1.631809e+00	2.041309e+02	1.229860e+00	27549.000000	0.000000e+00
1.656366e+00	2.000663e+02	1.178636e+00	28813.000000	0.000000e+00
1.680925e+00	1.979692e+02	1.155464e+00	29355.000000	0.000000e+00
1.705257e+00	1.930713e+02	1.116243e+00	29917.000000	0.000000e+00
1.729806e+00	1.904769e+02	1.070619e+00	31653.000000	0.000000e+00
1.754462e+00	1.870309e+02	1.046336e+00	31951.000000	0.000000e+00
1.778992e+00	1.820270e+02	1.001101e+00	33061.000000	0.000000e+00
1.803411e+00	1.792850e+02	9.781237e-01	33597.000000	0.000000e+00
1.827963e+00	1.782375e+02	9.500497e-01	35197.000000	0.000000e+00
1.852647e+00	1.732013e+02	9.151036e-01	35823.000000	0.000000e+00
1.877249e+00	1.715648e+02	8.925385e-01	36949.000000	0.000000e+00
1.901733e+00	1.675224e+02	8.672936e-01	37309.000000	0.000000e+00
1.926241e+00	1.644105e+02	8.317256e-01	39075.000000	0.000000e+00
1.950830e+00	1.623263e+02	8.180686e-01	39373.000000	0.000000e+00
1.975308e+00	1.609497e+02	7.964978e-01	40833.000000	0.000000e+00
1.999729e+00	1.583495e+02	7.801034e-01	41203.000000	0.000000e+00
2.024419e+00	1.542465e+02	7.379538e-01	43689.000000	0.000000e+00
2.049126e+00	1.517082e+02	7.272767e-01	43513.000000	0.000000e+00
2.073508e+00	1.506203e+02	7.145149e-01	44437.000000	0.000000e+00
2.097846e+00	1.482555e+02	6.938820e-01	45651.000000	0.000000e+00
2.122473e+00	1.450886e+02	6.658171e-01	47485.000000	0.000000e+00
2.147106e+00	1.430345e+02	6.531254e-01	47961.000000	0.000000e+00
2.171601e+00	1.409820e+02	6.359387e-01	49147.000000	0.000000e+00
2.196158e+00	1.382973e+02	6.164839e-01	50325.000000	0.000000e+00
2.220735e+00	1.365609e+02	6.008906e-01	51649.000000	0.000000e+00
2.245251e+00	1.348199e+02	5.903565e-01	52153.000000	0.000000e+00
2.269729e+00	1.329647e+02	5.724913e-01	53943.000000	0.000000e+00
2.294271e+00	1.310921e+02	5.605246e-01	54697.000000	0.000000e+00
2.318928e+00	1.283865e+02	5.389588e-01	56745.000000	0.000000e+00
2.343538e+00	1.265118e+02	5.298672e-01	57007.000000	0.000000e+00
2.368026e+00	1.249234e+02	5.166667e-01	58461.000000	0.000000e+00
2.392423e+00	1.215383e+02	5.001913e-01	59041.000000	0.000000e+00
2.416863e+00	1.198772e+02	4.853091e-01	61015.000000	0.000000e+00
2.441509e+00	1.191380e+02	4.760307e-01	62637.000000	0.000000e+00
2.466080e+00	1.169487e+02	4.653109e-01	63169.000000	0.000000e+00
2.490575e+00	1.151881e+02	4.531841e-01	64605.000000	0.000000e+00
2.515186e+00	1.137746e+02	4.412422e-01	66487.000000	0.000000e+00
2.539777e+00	1.126245e+02	4.349991e-01	67033.000000	0.000000e+00
2.564215e+00	1.110942e+02	4.252740e-01	68241.000000	0.000000e+00
2.588707e+00	1.094546e+02	4.137259e-01	69991.000000	0.000000e+00
2.613337e+00	1.074476e+02	4.018172e-01	71505.000000	0.000000e+00
2.637925e+00	1.069137e+02	3.964965e-01	72709.000000	0.000000e+00
2.662420e+00	1.042180e+02	3.844844e-01	73473.000000	0.000000e+00
2.686963e+00	1.027329e+02	3.732336e-01	75763.000000	0.000000e+00
2.711515e+00	1.022166e+02	3.701437e-01	76261.000000	0.000000e+00
2.735982e+00	1.002406e+02	3.589533e-01	77985.000000	0.000000e+00
2.760573e+00	9.892118e+01	3.497151e-01	80011.000000	0.000000e+00
2.785237e+00	9.716422e+01	3.413813e-01	81009.000000	0.000000e+00
2.809671e+00	9.659262e+01	3.381397e-01	81601.000000	0.000000e+00
2.834151e+00	9.474795e+01	3.267540e-01	84081.000000	0.000000e+00
2.858722e+00	9.347684e+01	3.203235e-01	85159.000000	0.000000e+00
2.883250e+00	9.282337e+01	3.153083e-01	86665.000000	0.000000e+00
2.907819e+00	9.101091e+01	3.062050e-01	88341.000000	0.000000e+00
2.932335e+00	9.005342e+01	3.010507e-01	89479.000000	0.000000e+00
2.956914e+00	8.856695e+01	2.927597e-01	91521.000000	0.000000e+00
2.981449e+00	8.727761e+01	2.870834e-01	92425.000000	0.000000e+00
3.005876e+00	8.647561e+01	2.826861e-01	93579.000000	0.000000e+00
3.030403e+00	8.539395e+01	2.751767e-01	96301.000000	0.000000e+00
3.055041e+00	8.405418e+01	2.689724e-01	97657.000000	0.000000e+00
3.079692e+00	8.303811e+01	2.633902e-01	99393.000000	0.000000e+00
3.104241e+00	8.197179e+01	2.589652e-01	100195.000000	0.000000e+00
3.128710e+00	8.126392e+01	2.548109e-01	101709.000000	0.000000e+00
3.153123e+00	8.022101e+01	2.499339e-01	103021.000000	0.000000e+00
3.177619e+00	7.906001e+01	2.432823e-01	105607.000000	0.000000e+00
3.202185e+00	7.845334e+01	2.400532e-01	106809.000000	0.000000e+00
3.226708e+00	7.707302e+01	2.338630e-01	108613.000000	0.000000e+00
3.251321e+00	7.609419e+01	2.286225e-01	110781.000000	0.000000e+00
3.275882e+00	7.504141e+01	2.245873e-01	111643.000000	0.000000e+00
3.300393e+00	7.438732e+01	2.206445e-01	113661.000000	0.000000e+00
3.324955e+00	7.334010e+01	2.160231e-01	115261.000000	0.000000e+00
3.349528e+00	7.272181e+01	2.121739e-01	117475.000000	0.000000e+00
3.374087e+00	7.186168e+01	2.088535e-01	118389.000000	0.000000e+00
3.398541e+00	7.082727e+01	2.044496e-01	120013.000000	0.000000e+00
3.423011e+00	7.006176e+01	2.006693e-01	121899.000000	0.000000e+00
3.447546e+00	6.895063e+01	1.957143e-01	124117.000000	0.000000e+00
3.472176e+00	6.835375e+01	1.920557e-01	126669.000000	0.000000e+00
3.496772e+00	6.755759e+01	1.896003e-01	126961.000000	0.000000e+00
3.521302e+00	6.684916e+01	1.854811e-01	129895.000000	0.000000e+00
3.545845e+00	6.573922e+01	1.820054e-01	130461.000000	0.000000e+00
3.570351e+00	6.544074e+01	1.792251e-01	133321.000000	0.000000e+00
3.594817e+00	6.433845e+01	1.760070e-01	133623.000000	0.000000e+00
3.619340e+00	6.406446e+01	1.728237e-01	137413.000000	0.000000e+00
3.643921e+00	6.312111e+01	1.697681e-01	138241.000000	0.000000e+00
3.668501e+00	6.225258e+01	1.658089e-01	140961.000000	0.000000e+00
3.693083e+00	6.150053e+01	1.630591e-01	142255.000000	0.000000e+00
3.717636e+00	6.050752e+01	1.593600e-01	144165.000000	0.000000e+00
3.742123e+00	6.019796e+01	1.578868e-01	145369.000000	0.000000e+00
3.766623e+00	5.957195e+01	1.547501e-01	148191.000000	0.000000e+00
3.791211e+00	5.894967e+01	1.521096e-01	150193.000000	0.000000e+00
3.815740e+00	5.811185e+01	1.493109e-01	151477.000000	0.000000e+00
3.840250e+00	5.748022e+01	1.465879e-01	153759.000000	0.000000e+00
3.864816e+00	5.720892e+01	1.447882e-01	156121.000000	0.000000e+00
3.889416e+00	5.662624e+01	1.423556e-01	158229.000000	0.000000e+00
3.913984e+00	5.582344e+01	1.397277e-01	159613.000000	0.000000e+00
3.938439e+00	5.494261e+01	1.369927e-01	160851.000000	0.000000e+00
3.962856e+00	5.454454e+01	1.351218e-01	162949.000000	0.000000e+00
3.987408e+00	5.383423e+01	1.317896e-01	166861.000000	0.000000e+00
4.011951e+00	5.337406e+01	1.306294e-01	166947.000000	0.000000e+00
4.036502e+00	5.285147e+01	1.278797e-01	170809.000000	0.000000e+00
4.061101e+00	5.242202e+01	1.263857e-01	172041.000000	0.000000e+00
4.085632e+00	5.184812e+01	1.243646e-01	173809.000000	0.000000e+00
4.110226e+00	5.142893e+01	1.221128e-01	177375.000000	0.000000e+00
4.134760e+00	5.077389e+01	1.206930e-01	176977.000000	0.000000e+00
4.159247e+00	5.032304e+01	1.183403e-01	180829.000000	0.000000e+00
4.183807e+00	4.961254e+01	1.161078e-01	182583.000000	0.000000e+00
4.208321e+00	4.911262e+01	1.144617e-01	184105.000000	0.000000e+00
4.232839e+00	4.867408e+01	1.124701e-01	187293.000000	0.000000e+00
4.257376e+00	4.837008e+01	1.114598e-01	188329.000000	0.000000e+00
4.281944e+00	4.756045e+01	1.084141e-01	192451.000000	0.000000e+00
4.306505e+00	4.721852e+01	1.075973e-01	192585.000000	0.000000e+00
4.331033e+00	4.658151e+01	1.051855e-01	196117.000000	0.000000e+00
4.355617e+00	4.614102e+01	1.036401e-01	198207.000000	0.000000e+00
4.380161e+00	4.581448e+01	1.025477e-01	199597.000000	0.000000e+00
4.404676e+00	4.555156e+01	1.012114e-01	202557.000000	0.000000e+00
4.429249e+00	4.492518e+01	9.926018e-02	204847.000000	0.000000e+00
4.453772e+00	4.468269e+01	9.836636e-02	206341.000000	0.000000e+00
4.478282e+00	4.403004e+01	9.626106e-02	209217.000000	0.000000e+00
4.502777e+00	4.375763e+01	9.537237e-02	210505.000000	0.000000e+00
4.527289e+00	4.340431e+01	9.376111e-02	214299.000000	0.000000e+00
4.551889e+00	4.269038e+01	9.173517e-02	216565.000000	0.000000e+00
4.576426e+00	4.244803e+01	9.095103e-02	217821.000000	0.000000e+00
4.600893e+00	4.196221e+01	8.943630e-02	220135.000000	0.000000e+00
4.625467e+00	4.150710e+01	8.764011e-02	224305.000000	0.000000e+00
4.650035e+00	4.141504e+01	8.732746e-02	224913.000000	0.000000e+00
4.674541e+00	4.087003e+01	8.564226e-02	227737.000000	0.000000e+00
4.699104e+00	4.026228e+01	8.380067e-02	230835.000000	0.000000e+00
4.723670e+00	4.005596e+01	8.302275e-02	232777.000000	0.000000e+00
4.748182e+00	3.974202e+01	8.208971e-02	234381.000000	0.000000e+00
4.772682e+00	3.937090e+01	8.076104e-02	237655.000000	0.000000e+00
4.797203e+00	3.901984e+01	7.976250e-02	239317.000000	0.000000e+00
4.821755e+00	3.864834e+01	7.831562e-02	243537.000000	0.000000e+00
4.846361e+00	3.838682e+01	7.751719e-02	245227.000000	0.000000e+00
4.870915e+00	3.790052e+01	7.621848e-02	247269.000000	0.000000e+00
4.895426e+00	3.765429e+01	7.536513e-02	249625.000000	0.000000e+00
4.919952e+00	3.745788e+01	7.456804e-02	252337.000000	0.000000e+00
4.944496e+00	3.697888e+01	7.318046e-02	255339.000000	0.000000e+00
4.969013e+00	3.659129e+01	7.225429e-02	256465.000000	0.000000e+00
4.993562e+00	3.635801e+01	7.113001e-02	261273.000000	0.000000e+00
5.018138e+00	3.600314e+01	7.030214e-02	262267.000000	0.000000e+00
5.042642e+00	3.567729e+01	6.934744e-02	264681.000000	0.000000e+00
5.067215e+00	3.524083e+01	6.793571e-02	269089.000000	0.000000e+00
5.091775e+00	3.514342e+01	6.771473e-02	269353.000000	0.000000e+00
5.116309e+00	3.486188e+01	6.659595e-02	274035.000000	0.000000e+00
5.140838e+00	3.449603e+01	6.586846e-02	274273.000000	0.000000e+00
5.165333e+00	3.426682e+01	6.493039e-02	278517.000000	0.000000e+00
5.189818e+00	3.401364e+01	6.434423e-02	279439.000000	0.000000e+00
5.214351e+00	3.363999e+01	6.304036e-02	284757.000000	0.000000e+00
5.238947e+00	3.346472e+01	6.253123e-02	286405.000000	0.000000e+00
5.263479e+00	3.308348e+01	6.159153e-02	288523.000000	0.000000e+00
5.288002e+00	3.282333e+01	6.077800e-02	291657.000000	0.000000e+00
5.312546e+00	3.245087e+01	5.981048e-02	294373.000000	0.000000e+00
5.337121e+00	3.232568e+01	5.923346e-02	297825.000000	0.000000e+00
5.361672e+00	3.206236e+01	5.859905e-02	299371.000000	0.000000e+00
5.386196e+00	3.178210e+01	5.777485e-02	302613.000000	0.000000e+00
5.410715e+00	3.154965e+01	5.716182e-02	304633.000000	0.000000e+00
5.435244e+00	3.124338e+01	5.624856e-02	308527.000000	0.000000e+00
5.459823e+00	3.093398e+01	5.543751e-02	311361.000000	0.000000e+00
5.484389e+00	3.076094e+01	5.488642e-02	314101.000000	0.000000e+00
5.508889e+00	3.052026e+01	5.440021e-02	314757.000000	0.000000e+00
5.533464e+00	3.027081e+01	5.333411e-02	322135.000000	0.000000e+00
5.558036e+00	3.002775e+01	5.307170e-02	320125.000000	0.000000e+00
5.582484e+00	2.972788e+01	5.217368e-02	324657.000000	0.000000e+00
5.606956e+00	2.944704e+01	5.154017e-02	326431.000000	0.000000e+00
5.631560e+00	2.929207e+01	5.071438e-02	333609.000000	0.000000e+00
5.656168e+00	2.900738e+01	5.026733e-02	333001.000000	0.000000e+00
5.680698e+00	2.878396e+01	4.960503e-02	336705.000000	0.000000e+00
5.705204e+00	2.858720e+01	4.913928e-02	338443.000000	0.000000e+00
5.729704e+00	2.847667e+01	4.868120e-02	342181.000000	0.000000e+00
5.754232e+00	2.808741e+01	4.780858e-02	345153.000000	0.000000e+00
5.778772e+00	2.785128e+01	4.717041e-02	348619.000000	0.000000e+00
5.803342e+00	2.763312e+01	4.661344e-02	351429.000000	0.000000e+00
5.827902e+00	2.739764e+01	4.600204e-02	354709.000000	0.000000e+00
5.852409e+00	2.727397e+01	4.572316e-02	355815.000000	0.000000e+00
5.876957e+00	2.708360e+01	4.503207e-02	361717.000000	0.000000e+00
5.901534e+00	2.689214e+01	4.464417e-02	362845.000000	0.000000e+00
5.926030e+00	2.666681e+01	4.412828e-02	365181.000000	0.000000e+00
5.950548e+00	2.657647e+01	4.370048e-02	369847.000000	0.000000e+00
5.975137e+00	2.623583e+01	4.294838e-02	373161.000000	0.000000e+00
5.999657e+00	2.600873e+01	4.253537e-02	373885.000000	0.000000e+00
6.024161e+00	2.593350e+01	4.212588e-02	378987.000000	0.000000e+00
6.048714e+00	2.570898e+01	4.163558e-02	381277.000000	0.000000e+00
6.073267e+00	2.555071e+01	4.115322e-02	385477.000000	0.000000e+00
6.097868e+00	2.532250e+01	4.060863e-02	388845.000000	0.000000e+00
6.122369e+00	2.513179e+01	4.031473e-02	388615.000000	0.000000e+00
6.146867e+00	2.492077e+01	3.964754e-02	395085.000000	0.000000e+00
6.171452e+00	2.481987e+01	3.937278e-02	397381.000000	0.000000e+00
6.195974e+00	2.458417e+01	3.887726e-02	399871.000000	0.000000e+00
6.220444e+00	2.439607e+01	3.850179e-02	401493.000000	0.000000e+00
6.244986e+00	2.429599e+01	3.799324e-02	408937.000000	0.000000e+00
6.269588e+00	2.398314e+01	3.746492e-02	409791.000000	0.000000e+00
6.294124e+00	2.383230e+01	3.708361e-02	413017.000000	0.000000e+00
6.318633e+00	2.369194e+01	3.674335e-02	415761.000000	0.000000e+00
6.343202e+00	2.351470e+01	3.624666e-02	420865.000000	0.000000e+00
6.367770e+00	2.335671e+01	3.592205e-02	422767.000000	0.000000e+00
6.392288e+00	2.321857e+01	3.559803e-02	425421.000000	0.000000e+00
6.416837e+00	2.304773e+01	3.512602e-02	430525.000000	0.000000e+00
6.441383e+00	2.287649e+01	3.481598e-02	431739.000000	0.000000e+00
6.465913e+00	2.271618e+01	3.438197e-02	436525.000000	0.000000e+00
6.490433e+00	2.262439e+01	3.417141e-02	438357.000000	0.000000e+00
6.514946e+00	2.236279e+01	3.362233e-02	442381.000000	0.000000e+00
6.539518e+00	2.225896e+01	3.327206e-02	447559.000000	0.000000e+00
6.564059e+00	2.205694e+01	3.296339e-02	447741.000000	0.000000e+00
6.588587e+00	2.196398e+01	3.260268e-02	453853.000000	0.000000e+00
6.613110e+00	2.175592e+01	3.227331e-02	454431.000000	0.000000e+00
6.637622e+00	2.162900e+01	3.189157e-02	459961.000000	0.000000e+00
6.662172e+00	2.143816e+01	3.151413e-02	462769.000000	0.000000e+00
6.686693e+00	2.130959e+01	3.122443e-02	465759.000000	0.000000e+00
6.711227e+00	2.115215e+01	3.085499e-02	469957.000000	0.000000e+00
6.735777e+00	2.098734e+01	3.050043e-02	473481.000000	0.000000e+00
6.760323e+00	2.089832e+01	3.028281e-02	476245.000000	0.000000e+00
6.784855e+00	2.071877e+01	2.989554e-02	480303.000000	0.000000e+00
6.809427e+00	2.063049e+01	2.963670e-02	484573.000000	0.000000e+00
6.833979e+00	2.052447e+01	2.942616e-02	486493.000000	0.000000e+00
6.858503e+00	2.037691e+01	2.909174e-02	490611.000000	0.000000e+00
6.883055e+00	2.023755e+01	2.878566e-02	494269.000000	0.000000e+00
6.907584e+00	2.008408e+01	2.848084e-02	497277.000000	0.000000e+00
6.932134e+00	1.998772e+01	2.821939e-02	501685.000000	0.000000e+00
6.956669e+00	1.977749e+01	2.785466e-02	504135.000000	0.000000e+00
6.981221e+00	1.965679e+01	2.754800e-02	509149.000000	0.000000e+00
7.005753e+00	1.952998e+01	2.733070e-02	510625.000000	0.000000e+00
7.030233e+00	1.937216e+01	2.700906e-02	514443.000000	0.000000e+00
7.054782e+00	1.932621e+01	2.679978e-02	520033.000000	0.000000e+00
7.079343e+00	1.919028e+01	2.654104e-02	522789.000000	0.000000e+00
7.103883e+00	1.902002e+01	2.622493e-02	526009.000000	0.000000e+00
7.128424e+00	1.892178e+01	2.597942e-02	530475.000000	0.000000e+00
7.152965e+00	1.881341e+01	2.576955e-02	532993.000000	0.000000e+00
7.177501e+00	1.864467e+01	2.543043e-02	537529.000000	0.000000e+00
7.202013e+00	1.853549e+01	2.523082e-02	539691.000000	0.000000e+00
7.226577e+00	1.842416e+01	2.491944e-02	546637.000000	0.000000e+00
7.251125e+00	1.833594e+01	2.479286e-02	546957.000000	0.000000e+00
7.275651e+00	1.824871e+01	2.454738e-02	552655.000000	0.000000e+00
7.300226e+00	1.808363e+01	2.423719e-02	556681.000000	0.000000e+00
7.324759e+00	1.800243e+01	2.408902e-02	558501.000000	0.000000e+00
7.349299e+00	1.783478e+01	2.374400e-02	564193.000000	0.000000e+00
7.373825e+00	1.774700e+01	2.359875e-02	565551.000000	0.000000e+00
7.398312e+00	1.761566e+01	2.333593e-02	569833.000000	0.000000e+00
7.422892e+00	1.757516e+01	2.312944e-02	577389.000000	0.000000e+00
7.447442e+00	1.736275e+01	2.287086e-02	576331.000000	0.000000e+00
7.471956e+00	1.731021e+01	2.267372e-02	582853.000000	0.000000e+00
7.496499e+00	1.717866e+01	2.244288e-02	585897.000000	0.000000e+00
7.521014e+00	1.712409e+01	2.231946e-02	588637.000000	0.000000e+00
7.545557e+00	1.699319e+01	2.202545e-02	595251.000000	0.000000e+00
7.570086e+00	1.686437e+01	2.184751e-02	595849.000000	0.000000e+00
7.594613e+00	1.678245e+01	2.162549e-02	602253.000000	0.000000e+00
7.619172e+00	1.662821e+01	2.136281e-02	605863.000000	0.000000e+00
7.643756e+00	1.657915e+01	2.121225e-02	610873.000000	0.000000e+00
7.668263e+00	1.648501e+01	2.110079e-02	610353.000000	0.000000e+00
7.692777e+00	1.639939e+01	2.085068e-02	618607.000000	0.000000e+00
7.717371e+00	1.628990e+01	2.065184e-02	622185.000000	0.000000e+00
7.741929e+00	1.618999e+01	2.047501e-02	625237.000000	0.000000e+00
7.766457e+00	1.608315e+01	2.029464e-02	628029.000000	0.000000e+00
7.790953e+00	1.599538e+01	2.012077e-02	631975.000000	0.000000e+00
7.815489e+00	1.589159e+01	1.990301e-02	637525.000000	0.000000e+00
7.840050e+00	1.579399e+01	1.971470e-02	641805.000000	0.000000e+00
7.864588e+00	1.570110e+01	1.956042e-02	644323.000000	0.000000e+00
7.889126e+00	1.559913e+01	1.935744e-02	649389.000000	0.000000e+00
7.913643e+00	1.551467e+01	1.921833e-02	651709.000000	0.000000e+00
7.938181e+00	1.541398e+01	1.899765e-02	658309.000000	0.000000e+00
7.962760e+00	1.537574e+01	1.888896e-02	662607.000000	0.000000e+00
7.987311e+00	1.524566e+01	1.870616e-02	664237.000000	0.000000e+00
8.011811e+00	1.510452e+01	1.847838e-02	668169.000000	0.000000e+00
8.036325e+00	1.508074e+01	1.837455e-02	673615.000000	0.000000e+00
8.060868e+00	1.495367e+01	1.816542e-02	677649.000000	0.000000e+00
8.085446e+00	1.490128e+01	1.801895e-02	683893.000000	0.000000e+00
8.109989e+00	1.480907e+01	1.790729e-02	683905.000000	0.000000e+00
8.134471e+00	1.473614e+01	1.775502e-02	688851.000000	0.000000e+00
8.159038e+00	1.462066e+01	1.751023e-02	697189.000000	0.000000e+00
8.183598e+00	1.455943e+01	1.744866e-02	696249.000000	0.000000e+00
8.208073e+00	1.449883e+01	1.731217e-02	701395.000000	0.000000e+00
8.232590e+00	1.442822e+01	1.716555e-02	706497.000000	0.000000e+00
8.257144e+00	1.432051e+01	1.696804e-02	712285.000000	0.000000e+00
8.281710e+00	1.422069e+01	1.680995e-02	715663.000000	0.000000e+00
8.306271e+00	1.414270e+01	1.666667e-02	720057.000000	0.000000e+00
8.330826e+00	1.409741e+01	1.656131e-02	724585.000000	0.000000e+00
8.355374e+00	1.399857e+01	1.641496e-02	727257.000000	0.000000e+00
8.379901e+00	1.392231e+01	1.626475e-02	732703.000000	0.000000e+00
8.404418e+00	1.384693e+01	1.615327e-02	734829.000000	0.000000e+00
8.428928e+00	1.374918e+01	1.597567e-02	740689.000000	0.000000e+00
8.453504e+00	1.364622e+01	1.577857e-02	747979.000000	0.000000e+00
8.478051e+00	1.360060e+01	1.573640e-02	746973.000000	0.000000e+00
8.502580e+00	1.353664e+01	1.556502e-02	756349.000000	0.000000e+00
8.527138e+00	1.348121e+01	1.549838e-02	756633.000000	0.000000e+00
8.551634e+00	1.338695e+01	1.533975e-02	761599.000000	0.000000e+00
8.576156e+00	1.331688e+01	1.520392e-02	767173.000000	0.000000e+00
8.600697e+00	1.323998e+01	1.507602e-02	771261.000000	0.000000e+00
8.625259e+00	1.316682e+01	1.493210e-02	777535.000000	0.000000e+00
8.649836e+00	1.308965e+01	1.481510e-02	780633.000000	0.000000e+00
8.674376e+00	1.301891e+01	1.469653e-02	784729.000000	0.000000e+00
8.698927e+00	1.295949e+01	1.458290e-02	789747.000000	0.000000e+00
8.723450e+00	1.289367e+01	1.448916e-02	791893.000000	0.000000e+00
8.747957e+00	1.280124e+01	1.433304e-02	797677.000000	0.000000e+00
8.772521e+00	1.274597e+01	1.421114e-02	804429.000000	0.000000e+00
8.797047e+00	1.265350e+01	1.410711e-02	804535.000000	0.000000e+00
8.821541e+00	1.260880e+01	1.400234e-02	810861.000000	0.000000e+00
8.846076e+00	1.255262e+01	1.389322e-02	816325.000000	0.000000e+00
8.870641e+00	1.250459e+01	1.378885e-02	822399.000000	0.000000e+00
8.895170e+00	1.245049e+01	1.372831e-02	822505.000000	0.000000e+00
8.919713e+00	1.233827e+01	1.352138e-02	832657.000000	0.000000e+00
8.944263e+00	1.230339e+01	1.348961e-02	831861.000000	0.000000e+00
8.968772e+00	1.223182e+01	1.335130e-02	839335.000000	0.000000e+00
8.993334e+00	1.216558e+01	1.323675e-02	844701.000000	0.000000e+00
9.017895e+00	1.210901e+01	1.314998e-02	847945.000000	0.000000e+00
9.042430e+00	1.205054e+01	1.304829e-02	852915.000000	0.000000e+00
9.066970e+00	1.197286e+01	1.293483e-02	856789.000000	0.000000e+00
9.091538e+00	1.194187e+01	1.284071e-02	864901.000000	0.000000e+00
9.116063e+00	1.186469e+01	1.277581e-02	862455.000000	0.000000e+00
9.140573e+00	1.178145e+01	1.260585e-02	873481.000000	0.000000e+00
9.165140e+00	1.176539e+01	1.257169e-02	875841.000000	0.000000e+00
9.189653e+00	1.167578e+01	1.245528e-02	878749.000000	0.000000e+00
9.214176e+00	1.160865e+01	1.232937e-02	886507.000000	0.000000e+00
9.238722e+00	1.155782e+01	1.225720e-02	889137.000000	0.000000e+00
9.263252e+00	1.151780e+01	1.217325e-02	895213.000000	0.000000e+00
9.287810e+00	1.144830e+01	1.206312e-02	900663.000000	0.000000e+00
9.312363e+00	1.138958e+01	1.197735e-02	904261.000000	0.000000e+00
9.336898e+00	1.134451e+01	1.189805e-02	909117.000000	0.000000e+00
9.361428e+00	1.129852e+01	1.182500e-02	912937.000000	0.000000e+00
9.385969e+00	1.123408e+01	1.171227e-02	920011.000000	0.000000e+00
9.410496e+00	1.116718e+01	1.163469e-02	921249.000000	0.000000e+00
9.435027e+00	1.112160e+01	1.153240e-02	930025.000000	0.000000e+00
9.459577e+00	1.106938e+01	1.146420e-02	932307.000000	0.000000e+00
9.484080e+00	1.102284e+01	1.139404e-02	935905.000000	0.000000e+00
9.508599e+00	1.096481e+01	1.128614e-02	943869.000000	0.000000e+00
9.533177e+00	1.094068e+01	1.122806e-02	949465.000000	0.000000e+00
9.557740e+00	1.087412e+01	1.114003e-02	952831.000000	0.000000e+00
9.582283e+00	1.083006e+01	1.106683e-02	957669.000000	0.000000e+00
9.606825e+00	1.076075e+01	1.096880e-02	962425.000000	0.000000e+00
9.631356e+00	1.072886e+01	1.091033e-02	967011.000000	0.000000e+00
9.655881e+00	1.067004e+01	1.082637e-02	971329.000000	0.000000e+00
9.680426e+00	1.061626e+01	1.073085e-02	978757.000000	0.000000e+00
9.704942e+00	1.057525e+01	1.068853e-02	978915.000000	0.000000e+00
9.729497e+00	1.051233e+01	1.055691e-02	991573.000000	0.000000e+00
9.754046e+00	1.047494e+01	1.053290e-02	989025.000000	0.000000e+00
9.778535e+00	1.040614e+01	1.042865e-02	995689.000000	0.000000e+00
9.803103e+00	1.036813e+01	1.033508e-02	1006407.000000	0.000000e+00
9.827649e+00	1.033067e+01	1.031368e-02	1003297.000000	0.000000e+00
9.852180e+00	1.028140e+01	1.020226e-02	1015573.000000	0.000000e+00
9.876731e+00	1.023642e+01	1.015972e-02	1015155.000000	0.000000e+00
9.901284e+00	1.017979e+01	1.005427e-02	1025125.000000	0.000000e+00
9.925835e+00	1.013331e+01	1.000300e-02	1026225.000000	0.000000e+00
9.950350e+00	1.008349e+01	9.928862e-03	1031389.000000	0.000000e+00
9.974902e+00	1.004673e+01	9.851368e-03	1040055.000000	0.000000e+00
9.999429e+00	1.000547e+01	9.815959e-03	1038985.000000	0.000000e+00
1.002392e+01	9.954230e+00	9.725116e-03	1047673.000000	0.000000e+00
1.004849e+01	9.938139e+00	9.673498e-03	1055463.000000	0.000000e+00
1.007303e+01	9.885917e+00	9.619451e-03	1056169.000000	0.000000e+00
1.009756e+01	9.837573e+00	9.534910e-03	1064493.000000	0.000000e+00
1.012209e+01	9.793494e+00	9.482793e-03	1066603.000000	0.000000e+00
1.014664e+01	9.758504e+00	9.406404e-03	1076265.000000	0.000000e+00
1.017120e+01	9.715135e+00	9.355408e-03	1078381.000000	0.000000e+00
1.019572e+01	9.669263e+00	9.293825e-03	1082425.000000	0.000000e+00
1.022025e+01	9.641423e+00	9.232882e-03	1090455.000000	0.000000e+00
1.024479e+01	9.602671e+00	9.183156e-03	1093453.000000	0.000000e+00
1.026933e+01	9.552027e+00	9.106106e-03	1100337.000000	0.000000e+00
1.029386e+01	9.511806e+00	9.051694e-03	1104247.000000	0.000000e+00
1.031842e+01	9.474985e+00	8.984565e-03	1112149.000000	0.000000e+00
1.034296e+01	9.446685e+00	8.946844e-03	1114857.000000	0.000000e+00
1.036749e+01	9.417651e+00	8.898712e-03	1120033.000000	0.000000e+00
1.039203e+01	9.374821e+00	8.828302e-03	1127643.000000	0.000000e+00
1.041655e+01	9.344596e+00	8.797132e-03	1128337.000000	0.000000e+00
1.044111e+01	9.295813e+00	8.700112e-03	1141629.000000	0.000000e+00
1.046570e+01	9.257411e+00	8.662222e-03	1142143.000000	0.000000e+00
1.049021e+01	9.210423e+00	8.607974e-03	1144873.000000	0.000000e+00
1.051473e+01	9.179427e+00	8.544386e-03	1154169.000000	0.000000e+00
1.053925e+01	9.152251e+00	8.515955e-03	1155019.000000	0.000000e+00
1.056380e+01	9.115203e+00	8.433682e-03	1168149.000000	0.000000e+00
1.058835e+01	9.087569e+00	8.413547e-03	1166641.000000	0.000000e+00
1.061283e+01	9.038456e+00	8.353239e-03	1170789.000000	0.000000e+00
1.063739e+01	9.013244e+00	8.277302e-03	1185727.000000	0.000000e+00
1.066197e+01	8.978515e+00	8.251192e-03	1184065.000000	0.000000e+00
1.068650e+01	8.960349e+00	8.208887e-03	1191465.000000	0.000000e+00
1.071103e+01	8.910961e+00	8.153266e-03	1194499.000000	0.000000e+00
1.073555e+01	8.884008e+00	8.103442e-03	1201929.000000	0.000000e+00
1.076011e+01	8.859113e+00	8.055347e-03	1209517.000000	0.000000e+00
1.078466e+01	8.832400e+00	8.021408e-03	1212429.000000	0.000000e+00
1.080918e+01	8.796623e+00	7.974255e-03	1216891.000000	0.000000e+00
1.083370e+01	8.760677e+00	7.922766e-03	1222705.000000	0.000000e+00
1.085823e+01	8.733274e+00	7.872388e-03	1230669.000000	0.000000e+00
1.088282e+01	8.692965e+00	7.809074e-03	1239187.000000	0.000000e+00
1.090737e+01	8.680737e+00	7.802731e-03	1237713.000000	0.000000e+00
1.093189e+01	8.634511e+00	7.732991e-03	1246753.000000	0.000000e+00
1.095642e+01	8.612386e+00	7.702398e-03	1250245.000000	0.000000e+00
1.098096e+01	8.591935e+00	7.653967e-03	1260111.000000	0.000000e+00
1.100552e+01	8.562633e+00	7.622319e-03	1261945.000000	0.000000e+00
1.103005e+01	8.522819e+00	7.566769e-03	1268661.000000	0.000000e+00
1.105458e+01	8.502247e+00	7.532426e-03	1274083.000000	0.000000e+00
1.107911e+01	8.474259e+00	7.491976e-03	1279413.000000	0.000000e+00
1.110366e+01	8.452205e+00	7.449167e-03	1287433.000000	0.000000e+00
1.112821e+01	8.425454e+00	7.414938e-03	1291135.000000	0.000000e+00
1.115273e+01	8.390212e+00	7.371355e-03	1295541.000000	0.000000e+00
1.117726e+01	8.376822e+00	7.338674e-03	1302937.000000	0.000000e+00
1.120181e+01	8.348159e+00	7.294820e-03	1309641.000000	0.000000e+00
1.122634e+01	8.321629e+00	7.263993e-03	1312399.000000	0.000000e+00
1.125085e+01	8.322345e+00	7.246942e-03	1318809.000000	0.000000e+00
1.127541e+01	8.273456e+00	7.175105e-03	1329589.000000	0.000000e+00
1.129999e+01	8.260395e+00	7.158046e-03	1331719.000000	0.000000e+00
1.132451e+01	8.245227e+00	7.135516e-03	1335225.000000	0.000000e+00
1.134903e+01	8.217458e+00	7.089051e-03	1343689.000000	0.000000e+00
1.137357e+01	8.202681e+00	7.064525e-03	1348173.000000	0.000000e+00
1.139811e+01	8.185178e+00	7.028437e-03	1356247.000000	0.000000e+00
1.142265e+01	8.155177e+00	6.995864e-03	1358889.000000	0.000000e+00
1.144718e+01	8.146139e+00	6.966786e-03	1367221.000000	0.000000e+00
1.147174e+01	8.120903e+00	6.927941e-03	1374043.000000	0.000000e+00
1.149628e+01	8.096966e+00	6.899415e-03	1377273.000000	0.000000e+00
1.152079e+01	8.087599e+00	6.881120e-03	1381405.000000	0.000000e+00
1.154533e+01	8.056011e+00	6.825601e-03	1393023.000000	0.000000e+00
1.156988e+01	8.037925e+00	6.808142e-03	1393897.000000	0.000000e+00
1.159441e+01	8.030045e+00	6.779557e-03	1402921.000000	0.000000e+00
1.161895e+01	7.997588e+00	6.740672e-03	1407705.000000	0.000000e+00
1.164349e+01	7.985042e+00	6.714665e-03	1414183.000000	0.000000e+00
1.166804e+01	7.969118e+00	6.688032e-03	1419789.000000	0.000000e+00
1.169259e+01	7.955361e+00	6.658800e-03	1427341.000000	0.000000e+00
1.171712e+01	7.948123e+00	6.649161e-03	1428879.000000	0.000000e+00
1.174164e+01	7.904317e+00	6.590939e-03	1438249.000000	0.000000e+00
1.176619e+01	7.915777e+00	6.584227e-03	1445365.000000	0.000000e+00
1.179072e+01	7.884711e+00	6.555539e-03	1446621.000000	0.000000e+00
1.181525e+01	7.874858e+00	6.522994e-03	1457443.000000	0.000000e+00
1.183979e+01	7.858693e+00	6.501548e-03	1461057.000000	0.000000e+00
1.186435e+01	7.847944e+00	6.472767e-03	1470049.000000	0.000000e+00
1.188889e+01	7.842100e+00	6.460564e-03	1473411.000000	0.000000e+00
1.191343e+01	7.829406e+00	6.435922e-03	1479913.000000	0.000000e+00
1.193797e+01	7.829580e+00	6.421165e-03	1486789.000000	0.000000e+00
1.196251e+01	7.806122e+00	6.391407e-03	1491687.000000	0.000000e+00
1.198703e+01	7.793691e+00	6.369612e-03	1497133.000000	0.000000e+00
1.201156e+01	7.780879e+00	6.342371e-03	1505061.000000	0.000000e+00
1.203612e+01	7.783126e+00	6.330706e-03	1511485.000000	0.000000e+00
1.206065e+01	7.761204e+00	6.304617e-03	1515447.000000	0.000000e+00
1.208515e+01	7.762009e+00	6.296183e-03	1519825.000000	0.000000e+00
1.210971e+01	7.746233e+00	6.250823e-03	1535701.000000	0.000000e+00
1.213428e+01	7.744814e+00	6.257110e-03	1532055.000000	0.000000e+00
1.215881e+01	7.730966e+00	6.219579e-03	1545061.000000	0.000000e+00
1.218336e+01	7.719079e+00	6.208915e-03	1545609.000000	0.000000e+00
1.220787e+01	7.724979e+00	6.199972e-03	1552441.000000	0.000000e+00
1.223242e+01	7.720012e+00	6.173326e-03	1563859.000000	0.000000e+00
1.225696e+01	7.714295e+00	6.169318e-03	1563573.000000	0.000000e+00
1.228148e+01	7.714188e+00	6.149505e-03	1573621.000000	0.000000e+00
1.230602e+01	7.711175e+00	6.137232e-03	1578687.000000	0.000000e+00
1.233056e+01	7.706990e+00	6.120474e-03	1585621.000000	0.000000e+00
1.235512e+01	7.705271e+00	6.100654e-03	1595229.000000	0.000000e+00
1.237965e+01	7.697447e+00	6.098077e-03	1593337.000000	0.000000e+00
1.240419e+01	7.693102e+00	6.063490e-03	1609747.000000	0.000000e+00
1.242874e+01	7.696013e+00	6.070715e-03	1607133.000000	0.000000e+00
1.245325e+01	7.699386e+00	6.056142e-03	1616293.000000	0.000000e+00
1.247780e+01	7.692186e+00	6.029405e-03	1627611.000000	0.000000e+00
1.250235e+01	7.704379e+00	6.041127e-03	1626445.000000	0.000000e+00
1.252688e+01	7.704806e+00	6.018158e-03	1639065.000000	0.000000e+00
1.255143e+01	7.710490e+00	6.017890e-03	1641631.000000	0.000000e+00
1.257596e+01	7.711699e+00	6.012467e-03	1645109.500000	0.000000e+00
1.260049e+01	7.680906e+00	5.993662e-03	1642254.000000	0.000000e+00
1.262503e+01	7.658384e+00	5.981777e-03	1639132.000000	0.000000e+00
1.264958e+01	7.636289e+00	5.968558e-03	1636914.000000	0.000000e+00
1.267411e+01	7.610820e+00	5.960004e-03	1630684.000000	0.000000e+00
1.269864e+01	7.580876e+00	5.940130e-03	1628722.000000	0.000000e+00
1.272316e+01	7.555031e+00	5.927709e-03	1624422.000000	0.000000e+00
1.274773e+01	7.543045e+00	5.913123e-03	1627270.000000	0.000000e+00
1.277225e+01	7.517868e+00	5.920976e-03	1612140.000000	0.000000e+00
1.279677e+01	7.493061e+00	5.887872e-03	1619578.000000	0.000000e+00
1.282133e+01	7.479135e+00	5.894366e-03	1610010.000000	0.000000e+00
1.284587e+01	7.454328e+00	5.873550e-03	1610704.000000	0.000000e+00
1.287043e+01	7.428709e+00	5.863277e-03	1605262.000000	0.000000e+00
1.289495e+01	7.410438e+00	5.859637e-03	1599360.000000	0.000000e+00
1.291951e+01	7.399416e+00	5.846223e-03	1601932.000000	0.000000e+00
1.294403e+01	7.372022e+00	5.848999e-03	1588584.000000	0.000000e+00
1.296853e+01	7.359179e+00	5.833176e-03	1591654.000000	0.000000e+00
1.299309e+01	7.325747e+00	5.811472e-03	1589028.000000	0.000000e+00
1.301763e+01	7.305490e+00	5.809583e-03	1581280.000000	0.000000e+00
1.304217e+01	7.282704e+00	5.791891e-03	1581046.000000	0.000000e+00
1.306670e+01	7.278547e+00	5.799774e-03	1574952.000000	0.000000e+00
1.309123e+01	7.267824e+00	5.797663e-03	1571458.000000	0.000000e+00
1.311579e+01	7.242722e+00	5.778110e-03	1571202.000000	0.000000e+00
1.314034e+01	7.228869e+00	5.779413e-03	1564492.000000	0.000000e+00
1.316488e+01	7.206005e+00	5.768279e-03	1560618.000000	0.000000e+00
1.318940e+01	7.176188e+00	5.753047e-03	1555936.000000	0.000000e+00
1.321393e+01	7.174668e+00	5.758595e-03	1552282.000000	0.000000e+00
1.323848e+01	7.139781e+00	5.731454e-03	1551816.000000	0.000000e+00
1.326302e+01	7.127164e+00	5.737981e-03	1542820.000000	0.000000e+00
1.328757e+01	7.110474e+00	5.721526e-03	1544448.000000	0.000000e+00
1.331210e+01	7.094129e+00	5.726516e-03	1534678.000000	0.000000e+00
1.333662e+01	7.057444e+00	5.699500e-03	1533280.000000	0.000000e+00
1.336117e+01	7.053314e+00	5.700255e-03	1531080.000000	0.000000e+00
1.338570e+01	7.029902e+00	5.696179e-03	1523110.000000	0.000000e+00
1.341022e+01	7.014853e+00	5.687477e-03	1521240.000000	0.000000e+00
1.343476e+01	6.996571e+00	5.680809e-03	1516876.000000	0.000000e+00
1.345932e+01	6.978969e+00	5.668891e-03	1515606.000000	0.000000e+00
1.348389e+01	6.966923e+00	5.667564e-03	1511086.000000	0.000000e+00
1.350843e+01	6.935359e+00	5.657690e-03	1502656.000000	0.000000e+00
1.353293e+01	6.929223e+00	5.660076e-03	1498734.000000	0.000000e+00
1.355748e+01	6.911646e+00	5.646118e-03	1498522.000000	0.000000e+00
1.358203e+01	6.894316e+00	5.644809e-03	1491708.000000	0.000000e+00
1.360658e+01	6.878486e+00	5.635866e-03	1489582.000000	0.000000e+00
1.363111e+01	6.865316e+00	5.641867e-03	1480728.000000	0.000000e+00
1.365563e+01	6.852523e+00	5.631644e-03	1480576.000000	0.000000e+00
1.368019e+01	6.834273e+00	5.625600e-03	1475866.000000	0.000000e+00
1.370473e+01	6.820991e+00	5.626731e-03	1469544.000000	0.000000e+00
1.372924e+01	6.799496e+00	5.619902e-03	1463848.000000	0.000000e+00
1.375380e+01	6.787674e+00	5.603860e-03	1467126.000000	0.000000e+00
1.377836e+01	6.781081e+00	5.622536e-03	1454566.000000	0.000000e+00
1.380287e+01	6.755610e+00	5.607117e-03	1451610.000000	0.000000e+00
1.382737e+01	6.735138e+00	5.601311e-03	1445818.000000	0.000000e+00
1.385191e+01	6.731507e+00	5.597908e-03	1446016.000000	0.000000e+00
1.387648e+01	6.717802e+00	5.597527e-03	1440330.000000	0.000000e+00
1.390103e+01	6.696819e+00	5.587979e-03	1436242.000000	0.000000e+00
1.392557e+01	6.684275e+00	5.593632e-03	1427976.000000	0.000000e+00
1.395012e+01	6.672617e+00	5.582051e-03	1428910.000000	0.000000e+00
1.397464e+01	6.667202e+00	5.604044e-03	1415416.000000	0.000000e+00
1.399917e+01	6.634112e+00	5.565996e-03	1420626.000000	0.000000e+00
1.402372e+01	6.641114e+00	5.595832e-03	1408486.000000	0.000000e+00
1.404824e+01	6.619783e+00	5.580732e-03	1407036.000000	0.000000e+00
1.407278e+01	6.608161e+00	5.580083e-03	1402426.000000	0.000000e+00
1.409731e+01	6.592574e+00	5.580974e-03	1395372.000000	0.000000e+00
1.412183e+01	6.578786e+00	5.574966e-03	1392538.000000	0.000000e+00
1.414639e+01	6.562961e+00	5.565970e-03	1390330.000000	0.000000e+00
1.417094e+01	6.556739e+00	5.580436e-03	1380510.000000	0.000000e+00
1.419546e+01	6.539827e+00	5.568697e-03	1379194.000000	0.000000e+00
1.422001e+01	6.528558e+00	5.572849e-03	1372398.000000	0.000000e+00
1.424455e+01	6.518055e+00	5.570467e-03	1369156.000000	0.000000e+00
1.426908e+01	6.510852e+00	5.581270e-03	1360848.000000	0.000000e+00
1.429362e+01	6.496141e+00	5.568504e-03	1360924.000000	0.000000e+00
1.431818e+01	6.485774e+00	5.576953e-03	1352476.000000	0.000000e+00
1.434273e+01	6.480107e+00	5.577882e-03	1349664.000000	0.000000e+00
1.436724e+01	6.472756e+00	5.594136e-03	1338790.000000	0.000000e+00
1.439177e+01	6.465581e+00	5.580994e-03	1342122.000000	0.000000e+00
1.441633e+01	6.445765e+00	5.586655e-03	1331206.000000	0.000000e+00
1.444087e+01	6.431909e+00	5.579219e-03	1329024.000000	0.000000e+00
1.446541e+01	6.432854e+00	5.595093e-03	1321882.000000	0.000000e+00
1.448996e+01	6.416225e+00	5.586008e-03	1319338.000000	0.000000e+00
1.451448e+01	6.404152e+00	5.597684e-03	1308900.000000	0.000000e+00
1.453902e+01	6.401072e+00	5.592382e-03	1310122.000000	0.000000e+00
1.456356e+01	6.378637e+00	5.594688e-03	1299882.000000	0.000000e+00
1.458809e+01	6.382703e+00	5.605937e-03	1296322.000000	0.000000e+00
1.461262e+01	6.368642e+00	5.602631e-03	1292140.000000	0.000000e+00
1.463716e+01	6.356189e+00	5.608482e-03	1284408.000000	0.000000e+00
1.466171e+01	6.350029e+00	5.605762e-03	1283164.000000	0.000000e+00
1.468625e+01	6.343842e+00	5.621403e-03	1273548.000000	0.000000e+00
1.471078e+01	6.341209e+00	5.627219e-03	1269862.000000	0.000000e+00
1.473534e+01	6.320647e+00	5.615192e-03	1267050.000000	0.000000e+00
1.475987e+01	6.318048e+00	5.638849e-03	1255408.000000	0.000000e+00
1.478439e+01	6.311625e+00	5.632996e-03	1255462.000000	0.000000e+00
1.480894e+01	6.304779e+00	5.646398e-03	1246800.000000	0.000000e+00
1.483348e+01	6.283425e+00	5.632920e-03	1244302.000000	0.000000e+00
1.485802e+01	6.283923e+00	5.654257e-03	1235124.000000	0.000000e+00
1.488256e+01	6.275817e+00	5.651761e-03	1233028.000000	0.000000e+00
1.490708e+01	6.262802e+00	5.663788e-03	1222710.000000	0.000000e+00
1.493162e+01	6.261649e+00	5.664376e-03	1222006.000000	0.000000e+00
1.495618e+01	6.259253e+00	5.676735e-03	1215760.000000	0.000000e+00
1.498071e+01	6.245477e+00	5.685120e-03	1206846.000000	0.000000e+00
1.500525e+01	6.241802e+00	5.687409e-03	1204456.000000	0.000000e+00
1.502980e+01	6.239554e+00	5.701498e-03	1197648.000000	0.000000e+00
1.505434e+01	6.221148e+00	5.701461e-03	1190608.000000	0.000000e+00
1.507886e+01	6.226321e+00	5.717039e-03	1186098.000000	0.000000e+00
1.510342e+01	6.222811e+00	5.725637e-03	1181206.000000	0.000000e+00
1.512796e+01	6.195746e+00	5.721362e-03	1172704.000000	0.000000e+00
1.515246e+01	6.211059e+00	5.748467e-03	1167420.000000	0.000000e+00
1.517700e+01	6.196858e+00	5.745630e-03	1163236.000000	0.000000e+00
1.520157e+01	6.193379e+00	5.752437e-03	1159182.000000	0.000000e+00
1.522611e+01	6.185392e+00	5.773966e-03	1147588.000000	0.000000e+00
1.525063e+01	6.190108e+00	5.781725e-03	1146256.000000	0.000000e+00
1.527518e+01	6.173249e+00	5.786897e-03	1137984.000000	0.000000e+00
1.529972e+01	6.174211e+00	5.800448e-03	1133026.000000	0.000000e+00
1.532424e+01	6.172761e+00	5.818664e-03	1125414.000000	0.000000e+00
1.534877e+01	6.164798e+00	5.822521e-03	1121026.000000	0.000000e+00
1.537332e+01	6.163191e+00	5.835790e-03	1115352.000000	0.000000e+00
1.539786e+01	6.148943e+00	5.842200e-03	1107766.000000	0.000000e+00
1.542240e+01	6.157716e+00	5.861531e-03	1103614.000000	0.000000e+00
1.544694e+01	6.157806e+00	5.883773e-03	1095318.000000	0.000000e+00
1.547149e+01	6.149820e+00	5.887738e-03	1091008.000000	0.000000e+00
1.549603e+01	6.150418e+00	5.907111e-03	1084074.000000	0.000000e+00
1.552054e+01	6.146781e+00	5.930799e-03	1074160.000000	0.000000e+00
1.554506e+01	6.150380e+00	5.936804e-03	1073244.000000	0.000000e+00
1.556963e+01	6.141023e+00	5.946322e-03	1066558.000000	0.000000e+00
1.559418e+01	6.129526e+00	5.959361e-03	1057924.000000	0.000000e+00
1.561873e+01	6.129275e+00	5.970058e-03	1054050.000000	0.000000e+00
1.564327e+01	6.142596e+00	6.010937e-03	1044286.000000	0.000000e+00
1.566780e+01	6.135825e+00	6.012032e-03	1041606.000000	0.000000e+00
1.569233e+01	6.138210e+00	6.045816e-03	1030798.000000	0.000000e+00
1.571685e+01	6.137714e+00	6.054869e-03	1027552.000000	0.000000e+00
1.574141e+01	6.128101e+00	6.063748e-03	1021338.000000	0.000000e+00
1.576595e+01	6.124695e+00	6.084254e-03	1013338.000000	0.000000e+00
1.579049e+01	6.137149e+00	6.112182e-03	1008186.000000	0.000000e+00
1.581502e+01	6.124482e+00	6.126339e-03	999394.000000	0.000000e+00
1.583955e+01	6.141639e+00	6.157986e-03	994698.000000	0.000000e+00
1.586407e+01	6.132144e+00	6.172196e-03	987064.000000	0.000000e+00
1.588861e+01	6.131906e+00	6.190858e-03	981046.000000	0.000000e+00
1.591315e+01	6.137952e+00	6.214941e-03	975378.000000	0.000000e+00
1.593770e+01	6.131384e+00	6.231763e-03	968044.000000	0.000000e+00
1.596225e+01	6.145496e+00	6.267366e-03	961488.000000	0.000000e+00
1.598677e+01	6.152119e+00	6.301039e-03	953290.000000	0.000000e+00
1.601131e+01	6.160267e+00	6.323403e-03	949068.000000	0.000000e+00
1.603586e+01	6.145445e+00	6.335288e-03	940966.000000	0.000000e+00
1.606040e+01	6.157939e+00	6.371674e-03	934036.000000	0.000000e+00
1.608493e+01	6.156733e+00	6.392364e-03	927636.000000	0.000000e+00
1.610947e+01	6.162636e+00	6.425676e-03	919804.000000	0.000000e+00
1.613400e+01	6.172353e+00	6.456259e-03	913986.000000	0.000000e+00
1.615854e+01	6.170296e+00	6.476903e-03	907564.000000	0.000000e+00
1.618310e+01	6.177235e+00	6.509642e-03	900480.000000	0.000000e+00
1.620765e+01	6.188483e+00	6.547248e-03	893410.000000	0.000000e+00
1.623216e+01	6.184431e+00	6.579987e-03	883384.000000	0.000000e+00
1.625669e+01	6.182806e+00	6.587226e-03	880980.000000	0.000000e+00
1.628123e+01	6.199528e+00	6.641860e-03	871240.000000	0.000000e+00
1.630580e+01	6.192736e+00	6.649177e-03	867420.000000	0.000000e+00
1.633036e+01	6.208360e+00	6.704328e-03	857518.000000	0.000000e+00
1.635486e+01	6.217697e+00	6.749473e-03	848632.000000	0.000000e+00
1.637939e+01	6.224709e+00	6.769148e-03	845610.000000	0.000000e+00
1.640395e+01	6.224810e+00	6.806726e-03	836326.000000	0.000000e+00
1.642848e+01	6.232225e+00	6.843634e-03	829302.000000	0.000000e+00
1.645298e+01	6.247906e+00	6.897639e-03	820480.000000	0.000000e+00
1.647753e+01	6.241564e+00	6.905213e-03	817020.000000	0.000000e+00
1.650209e+01	6.243520e+00	6.944226e-03	808372.000000	0.000000e+00
1.652660e+01	6.252933e+00	6.998519e-03	798280.000000	0.000000e+00
1.655114e+01	6.276729e+00	7.036789e-03	795642.000000	0.000000e+00
1.657571e+01	6.258905e+00	7.058537e-03	786262.000000	0.000000e+00
1.660025e+01	6.276995e+00	7.116993e-03	777876.000000	0.000000e+00
1.662478e+01	6.296237e+00	7.163979e-03	772420.000000	0.000000e+00
1.664931e+01	6.288349e+00	7.201746e-03	762426.000000	0.000000e+00
1.667386e+01	6.318386e+00	7.253099e-03	758866.000000	0.000000e+00
1.669842e+01	6.324587e+00	7.311383e-03	748282.000000	0.000000e+00
1.672293e+01	6.320692e+00	7.343468e-03	740844.000000	0.000000e+00
1.674748e+01	6.336386e+00	7.386189e-03	735940.000000	0.000000e+00
1.677204e+01	6.339835e+00	7.441367e-03	725856.000000	0.000000e+00
1.679655e+01	6.361731e+00	7.504453e-03	718642.000000	0.000000e+00
1.682107e+01	6.363048e+00	7.543150e-03	711582.000000	0.000000e+00
1.684563e+01	6.384944e+00	7.605599e-03	704770.000000	0.000000e+00
1.687018e+01	6.389626e+00	7.654140e-03	696880.000000	0.000000e+00
1.689472e+01	6.396445e+00	7.712193e-03	687894.000000	0.000000e+00
1.691924e+01	6.411075e+00	7.764426e-03	681778.000000	0.000000e+00
1.694378e+01	6.418162e+00	7.826386e-03	672510.000000	0.000000e+00
1.696830e+01	6.430403e+00	7.880407e-03	665854.000000	0.000000e+00
1.699283e+01	6.435061e+00	7.935358e-03	657616.000000	0.000000e+00
1.701740e+01	6.441419e+00	7.978680e-03	651780.000000	0.000000e+00
1.704195e+01	6.455414e+00	8.056476e-03	642034.000000	0.000000e+00
1.706646e+01	6.465451e+00	8.126146e-03	633036.000000	0.000000e+00
1.709097e+01	6.488503e+00	8.189552e-03	627724.000000	0.000000e+00
1.711553e+01	6.495557e+00	8.254453e-03	619236.000000	0.000000e+00
1.714008e+01	6.503464e+00	8.321310e-03	610810.000000	0.000000e+00
1.716463e+01	6.504616e+00	8.364297e-03	604762.000000	0.000000e+00
1.718918e+01	6.509659e+00	8.448021e-03	593754.000000	0.000000e+00
1.721369e+01	6.547384e+00	8.540253e-03	587752.000000	0.000000e+00
1.723823e+01	6.520625e+00	8.570901e-03	578796.000000	0.000000e+00
1.726278e+01	6.554284e+00	8.666701e-03	571930.000000	0.000000e+00
1.728731e+01	6.524660e+00	8.696022e-03	562956.000000	0.000000e+00
1.731188e+01	6.561986e+00	8.799121e-03	556150.000000	0.000000e+00
1.733641e+01	6.559820e+00	8.874887e-03	546334.000000	0.000000e+00
1.736091e+01	6.563529e+00	8.951797e-03	537594.000000	0.000000e+00
1.738543e+01	6.584306e+00	9.024171e-03	532360.000000	0.000000e+00
1.741000e+01	6.581224e+00	9.109120e-03	521988.000000	0.000000e+00
1.743456e+01	6.609553e+00	9.202186e-03	515896.000000	0.000000e+00
1.745909e+01	6.582304e+00	9.259707e-03	505314.000000	0.000000e+00
1.748363e+01	6.587210e+00	9.328248e-03	498658.000000	0.000000e+00
1.750818e+01	6.572944e+00	9.389288e-03	490066.000000	0.000000e+00
1.753269e+01	6.585195e+00	9.505208e-03	479970.000000	0.000000e+00
1.755722e+01	6.590275e+00	9.567859e-03	474436.000000	0.000000e+00
1.758176e+01	6.571502e+00	9.647506e-03	463980.000000	0.000000e+00
1.760629e+01	6.570331e+00	9.721467e-03	456784.000000	0.000000e+00
1.763083e+01	6.599657e+00	9.856098e-03	448366.000000	0.000000e+00
1.765539e+01	6.544786e+00	9.867734e-03	439902.000000	0.000000e+00
1.767993e+01	6.547923e+00	9.972071e-03	431158.000000	0.000000e+00
1.770446e+01	6.557600e+00	1.008530e-02	422778.000000	0.000000e+00
1.772897e+01	6.537040e+00	1.016481e-02	413584.000000	0.000000e+00
1.775351e+01	6.506333e+00	1.020499e-02	406488.000000	0.000000e+00
1.777808e+01	6.467645e+00	1.025507e-02	397754.500000	0.000000e+00
1.780261e+01	6.467922e+00	1.036828e-02	389149.000000	0.000000e+00
1.782713e+01	6.473719e+00	1.047153e-02	382197.000000	0.000000e+00
1.785169e+01	6.446615e+00	1.051847e-02	375628.000000	0.000000e+00
1.787623e+01	6.454192e+00	1.064301e-02	367752.000000	0.000000e+00
1.790076e+01	6.444518e+00	1.071237e-02	361918.000000	0.000000e+00
1.792530e+01	6.423704e+00	1.077927e-02	355134.000000	0.000000e+00
1.794985e+01	6.428598e+00	1.088706e-02	348667.000000	0.000000e+00
1.797440e+01	6.450365e+00	1.101452e-02	342955.000000	0.000000e+00
1.799891e+01	6.423276e+00	1.108576e-02	335724.000000	0.000000e+00
1.802344e+01	6.422657e+00	1.116290e-02	331036.000000	0.000000e+00
1.804802e+01	6.435309e+00	1.128085e-02	325428.000000	0.000000e+00
1.807255e+01	6.433844e+00	1.140471e-02	318253.000000	0.000000e+00
1.809707e+01	6.424112e+00	1.146364e-02	314037.000000	0.000000e+00
1.812164e+01	6.448269e+00	1.161617e-02	308149.000000	0.000000e+00
1.814617e+01	6.408054e+00	1.165569e-02	302257.000000	0.000000e+00
1.817068e+01	6.447823e+00	1.182904e-02	297117.000000	0.000000e+00
1.819523e+01	6.454688e+00	1.193177e-02	292645.000000	0.000000e+00
1.821979e+01	6.453389e+00	1.204515e-02	287046.000000	0.000000e+00
1.824431e+01	6.465244e+00	1.218927e-02	281329.000000	0.000000e+00
1.826883e+01	6.436198e+00	1.222221e-02	277306.000000	0.000000e+00
1.829337e+01	6.460604e+00	1.238305e-02	272202.000000	0.000000e+00
1.831793e+01	6.489231e+00	1.254164e-02	267718.000000	0.000000e+00
1.834250e+01	6.481025e+00	1.263819e-02	262977.000000	0.000000e+00
1.836701e+01	6.481095e+00	1.278268e-02	257071.000000	0.000000e+00
1.839152e+01	6.467702e+00	1.283957e-02	253746.000000	0.000000e+00
1.841609e+01	6.483355e+00	1.298620e-02	249250.000000	0.000000e+00
1.844064e+01	6.510908e+00	1.317625e-02	244174.000000	0.000000e+00
1.846515e+01	6.503703e+00	1.327314e-02	240090.000000	0.000000e+00
1.848971e+01	6.476467e+00	1.333162e-02	235999.000000	0.000000e+00
1.851428e+01	6.513698e+00	1.352957e-02	231786.000000	0.000000e+00
1.853881e+01	6.518191e+00	1.367911e-02	227059.000000	0.000000e+00
1.856328e+01	6.520920e+00	1.382812e-02	222378.000000	0.000000e+00
1.858784e+01	6.543956e+00	1.394558e-02	220195.000000	0.000000e+00
1.861244e+01	6.547522e+00	1.412068e-02	215002.000000	0.000000e+00
1.863693e+01	6.551297e+00	1.427786e-02	210537.000000	0.000000e+00
1.866143e+01	6.559233e+00	1.440734e-02	207271.000000	0.000000e+00
1.868601e+01	6.551396e+00	1.450962e-02	203871.000000	0.000000e+00
1.871055e+01	6.582948e+00	1.474730e-02	199258.000000	0.000000e+00
1.873503e+01	6.621779e+00	1.498267e-02	195331.000000	0.000000e+00
1.875958e+01	6.574550e+00	1.496773e-02	192939.000000	0.000000e+00
1.878417e+01	6.617745e+00	1.524668e-02	188395.000000	0.000000e+00
1.880870e+01	6.638172e+00	1.543415e-02	184983.000000	0.000000e+00
1.883322e+01	6.609499e+00	1.552625e-02	181219.000000	0.000000e+00
1.885775e+01	6.641771e+00	1.574786e-02	177879.000000	0.000000e+00
1.888231e+01	6.644987e+00	1.590133e-02	174631.000000	0.000000e+00
1.890684e+01	6.678433e+00	1.615492e-02	170899.000000	0.000000e+00
1.893134e+01	6.692250e+00	1.635416e-02	167451.000000	0.000000e+00
1.895590e+01	6.681525e+00	1.645501e-02	164875.000000	0.000000e+00
1.898046e+01	6.731490e+00	1.678352e-02	160863.000000	0.000000e+00
1.900495e+01	6.735302e+00	1.696598e-02	157600.000000	0.000000e+00
1.902946e+01	6.713487e+00	1.706047e-02	154851.000000	0.000000e+00
1.905406e+01	6.788538e+00	1.740542e-02	152119.000000	0.000000e+00
1.907863e+01	6.780644e+00	1.760102e-02	148411.000000	0.000000e+00
1.910311e+01	6.801838e+00	1.786608e-02	144942.000000	0.000000e+00
1.912765e+01	6.799180e+00	1.797851e-02	143023.000000	0.000000e+00
1.915226e+01	6.860014e+00	1.835653e-02	139659.000000	0.000000e+00
1.917678e+01	6.886977e+00	1.865848e-02	136240.000000	0.000000e+00
1.920124e+01	6.937277e+00	1.899242e-02	133419.000000	0.000000e+00
1.922581e+01	6.871111e+00	1.895560e-02	131395.000000	0.000000e+00
1.925040e+01	6.939527e+00	1.940233e-02	127924.000000	0.000000e+00
1.927489e+01	6.945356e+00	1.964294e-02	125019.000000	0.000000e+00
1.929941e+01	6.954176e+00	1.984867e-02	122752.000000	0.000000e+00
1.932402e+01	7.017741e+00	2.023093e-02	120327.000000	0.000000e+00
1.934855e+01	7.036799e+00	2.060152e-02	116668.000000	0.000000e+00
1.937298e+01	7.067190e+00	2.091077e-02	114223.000000	0.000000e+00
1.939755e+01	7.040160e+00	2.096261e-02	112791.000000	0.000000e+00
1.942217e+01	7.086617e+00	2.143409e-02	109312.000000	0.000000e+00
1.944667e+01	7.107872e+00	2.173753e-02	106920.000000	0.000000e+00
1.947113e+01	7.143214e+00	2.214963e-02	104005.000000	0.000000e+00
1.949570e+01	7.133114e+00	2.224714e-02	102804.000000	0.000000e+00
1.952032e+01	7.176287e+00	2.273540e-02	99631.000000	0.000000e+00
1.954482e+01	7.229397e+00	2.319928e-02	97108.000000	0.000000e+00
1.956930e+01	7.279346e+00	2.362540e-02	94935.000000	0.000000e+00
1.959391e+01	7.292901e+00	2.389536e-02	93148.000000	0.000000e+00
1.961850e+01	7.301920e+00	2.429281e-02	90348.000000	0.000000e+00
1.964294e+01	7.294935e+00	2.463283e-02	87703.000000	0.000000e+00
1.966740e+01	7.383072e+00	2.516495e-02	86076.000000	0.000000e+00
1.969204e+01	7.391175e+00	2.544147e-02	84400.000000	0.000000e+00
1.971660e+01	7.439842e+00	2.608769e-02	81331.000000	0.000000e+00
1.974103e+01	7.468442e+00	2.649584e-02	79452.000000	0.000000e+00
1.976563e+01	7.559173e+00	2.703847e-02	78160.000000	0.000000e+00
1.979032e+01	7.533953e+00	2.737358e-02	75750.000000	0.000000e+00
1.981482e+01	7.624101e+00	2.818969e-02	73147.000000	0.000000e+00
1.983914e+01	7.619014e+00	2.863158e-02	70812.000000	0.000000e+00
1.986374e+01	7.682786e+00	2.890718e-02	70636.000000	0.000000e+00
1.988844e+01	7.630723e+00	2.935415e-02	67576.000000	0.000000e+00
1.991292e+01	7.695994e+00	3.001877e-02	65727.000000	0.000000e+00
1.993736e+01	7.796113e+00	3.088060e-02	63736.000000	0.000000e+00
1.996197e+01	7.783739e+00	3.108823e-02	62688.000000	0.000000e+00
1.998658e+01	7.825078e+00	3.188099e-02	60244.000000	0.000000e+00
2.001095e+01	7.861894e+00	3.262449e-02	58072.000000	0.000000e+00
2.003547e+01	7.976605e+00	3.328008e-02	57447.000000	0.000000e+00
2.006019e+01	8.038617e+00	3.415589e-02	55390.000000	0.000000e+00
2.008472e+01	8.047870e+00	3.483828e-02	53364.000000	0.000000e+00
2.010903e+01	8.063604e+00	3.561279e-02	51268.000000	0.000000e+00
2.013363e+01	8.140772e+00	3.599716e-02	51144.000000	0.000000e+00
2.015842e+01	8.204258e+00	3.714959e-02	48772.000000	0.000000e+00
2.018288e+01	8.257239e+00	3.815769e-02	46828.000000	0.000000e+00
2.020721e+01	8.296390e+00	3.894890e-02	45372.000000	0.000000e+00
2.023181e+01	8.337235e+00	3.950498e-02	44539.000000	0.000000e+00
2.025650e+01	8.350060e+00	4.039931e-02	42720.000000	0.000000e+00
2.028095e+01	8.481192e+00	4.191835e-02	40936.000000	0.000000e+00
2.030542e+01	8.499845e+00	4.251092e-02	39978.000000	0.000000e+00
2.033011e+01	8.565068e+00	4.359053e-02	38608.000000	0.000000e+00
2.035466e+01	8.560124e+00	4.456706e-02	36892.000000	0.000000e+00
2.037892e+01	8.647338e+00	4.608523e-02	35208.000000	0.000000e+00
2.040348e+01	8.650148e+00	4.622378e-02	35020.000000	0.000000e+00
2.042837e+01	8.741281e+00	4.785022e-02	33372.000000	0.000000e+00
2.045281e+01	8.841163e+00	4.987769e-02	31420.000000	0.000000e+00
2.047697e+01	8.967562e+00	5.147654e-02	30348.000000	0.000000e+00
2.050165e+01	9.025693e+00	5.207516e-02	30040.000000	0.000000e+00
2.052659e+01	8.958433e+00	5.303913e-02	28528.000000	0.000000e+00
2.055100e+01	9.064779e+00	5.555676e-02	26622.000000	0.000000e+00
2.057510e+01	9.143783e+00	5.694878e-02	25780.000000	0.000000e+00
2.059985e+01	9.295174e+00	5.826350e-02	25452.000000	0.000000e+00
2.062477e+01	9.252708e+00	5.975087e-02	23980.000000	0.000000e+00
2.064904e+01	9.448763e+00	6.341023e-02	22204.000000	0.000000e+00
2.067328e+01	9.475298e+00	6.399307e-02	21924.000000	0.000000e+00
2.069813e+01	9.537994e+00	6.573707e-02	21052.000000	0.000000e+00
2.072282e+01	9.691077e+00	6.899705e-02	19728.000000	0.000000e+00
2.074689e+01	9.654721e+00	7.133857e-02	18316.000000	0.000000e+00
2.077148e+01	9.851162e+00	7.238416e-02	18522.000000	0.000000e+00
2.079650e+01	9.898328e+00	7.579198e-02	17056.000000	0.000000e+00
2.082086e+01	9.859445e+00	7.818803e-02	15901.000000	0.000000e+00
2.084494e+01	1.010236e+01	8.212489e-02	15132.000000	0.000000e+00
2.086988e+01	1.018155e+01	8.308772e-02	15016.000000	0.000000e+00
2.089484e+01	1.015926e+01	8.724336e-02	13560.000000	0.000000e+00
2.091874e+01	1.021326e+01	9.158492e-02	12436.000000	0.000000e+00
2.094286e+01	1.043814e+01	9.407166e-02	12312.000000	0.000000e+00
2.096835e+01	1.059606e+01	9.666391e-02	12016.000000	0.000000e+00
2.099333e+01	1.065316e+01	1.043926e-01	10414.000000	0.000000e+00
2.101635e+01	1.080429e+01	1.121801e-01	9276.000000	0.000000e+00
2.104066e+01	1.092950e+01	1.095087e-01	9961.000000	0.000000e+00
2.106684e+01	1.099022e+01	1.144069e-01	9228.000000	0.000000e+00
2.109169e+01	1.107938e+01	1.259997e-01	7732.000000	0.000000e+00
2.111385e+01	1.125619e+01	1.369451e-01	6756.000000	0.000000e+00
2.113864e+01	1.119196e+01	1.270830e-01	7756.000000	0.000000e+00
2.116547e+01	1.150371e+01	1.392982e-01	6820.000000	0.000000e+00
2.118998e+01	1.160045e+01	1.584797e-01	5358.000000	0.000000e+00
2.121167e+01	1.201557e+01	1.700449e-01	4993.000000	0.000000e+00
2.123701e+01	1.181741e+01	1.590570e-01	5520.000000	0.000000e+00
2.126409e+01	1.211710e+01	1.750413e-01	4792.000000	0.000000e+00
2.128812e+01	1.237323e+01	2.110845e-01	3436.000000	0.000000e+00
2.130920e+01	1.233652e+01	2.091236e-01	3480.000000	0.000000e+00
2.133536e+01	1.242480e+01	2.036852e-01	3721.000000	0.000000e+00
2.136298e+01	1.263514e+01	2.257715e-01	3132.000000	0.000000e+00
2.138535e+01	1.279771e+01	3.038474e-01	1774.000000	0.000000e+00
2.140616e+01	1.272689e+01	2.591396e-01	2412.000000	0.000000e+00
2.143360e+01	1.306678e+01	2.778281e-01	2212.000000	0.000000e+00
2.146162e+01	1.349189e+01	3.147880e-01	1837.000000	0.000000e+00
2.148292e+01	1.329871e+01	4.655481e-01	816.000000	0.000000e+00
2.150387e+01	1.359825e+01	3.671182e-01	1372.000000	0.000000e+00
2.153200e+01	1.426569e+01	4.316994e-01	1092.000000	0.000000e+00
2.156014e+01	1.490088e+01	5.129093e-01	844.000000	0.000000e+00
2.158178e+01	1.456155e+01	7.908748e-01	339.000000	0.000000e+00
2.160234e+01	1.419336e+01	6.153601e-01	532.000000	0.000000e+00
2.163046e+01	1.498116e+01	7.852259e-01	364.000000	0.000000e+00
2.165853e+01	1.529145e+01	1.012701e+00	228.000000	0.000000e+00
2.168066e+01	1.700796e+01	1.990632e+00	73.000000	0.000000e+00
2.170037e+01	1.902285e+01	2.075563e+00	84.000000	0.000000e+00
2.172766e+01	1.188901e+01	2.246812e+00	28.000000	0.000000e+00
2.175143e+01	1.803582e+01	1.041298e+01	3.000000	0.000000e+00
