# [<k> (h/Mpc)]	[<P_0(k)> (Mpc/h)^3]	[<P_0(k)> (Mpc/h)^3]
0.0347642200	14995.7500000000	14997.9900000000
0.0589028200	10983.0800000000	10981.2100000000
0.0837808700	6473.9620000000	6474.9160000000
0.1087368000	4976.1200000000	4976.2530000000
0.1341836000	3721.3250000000	3721.2730000000
0.1581206000	2746.5080000000	2746.6090000000
0.1826843000	2127.0480000000	2127.0710000000
0.2073525000	1961.7230000000	1961.7710000000
0.2322407000	1713.0320000000	1713.1640000000
0.2568838000	1444.1550000000	1444.1790000000
0.2811185000	1310.2080000000	1310.2180000000
0.3057758000	1160.5150000000	1160.3500000000
0.3308750000	1120.1140000000	1120.2350000000
0.3553459000	1038.5040000000	1038.5490000000
0.3797184000	889.0596000000	889.0913000000
0.4042043000	866.3303000000	866.4062000000
0.4287408000	782.3067000000	782.2436000000
0.4533372000	765.9140000000	765.9137000000
0.4779960000	719.1251000000	719.1684000000
0.5026630000	682.5501000000	682.5636000000
0.5271488000	617.3688000000	617.4104000000
0.5515428000	601.2603000000	601.2324000000
0.5762241000	566.2284000000	566.2499000000
0.6007286000	570.1290000000	570.1053000000
0.6252569000	541.6216000000	541.5785000000
0.6499966000	526.2176000000	526.2638000000
0.6746858000	493.1031000000	493.0865000000
0.6991271000	486.1328000000	486.1214000000
0.7235757000	468.0769000000	468.1190000000
0.7479714000	451.5457000000	451.5919000000
0.7726133000	440.6447000000	440.6307000000
0.7972413000	422.2403000000	422.2760000000
0.8218513000	414.6695000000	414.6326000000
0.8464491000	397.6532000000	397.6909000000
0.8709767000	390.7023000000	390.7075000000
0.8955547000	376.0324000000	376.0103000000
0.9199772000	367.7558000000	367.7565000000
0.9444963000	366.2257000000	366.2443000000
0.9690846000	357.1703000000	357.1677000000
0.9935517000	349.2085000000	349.2536000000
1.0180990000	341.2835000000	341.2788000000
1.0426790000	332.3856000000	332.4171000000
1.0673530000	323.3726000000	323.4061000000
1.0920040000	314.6700000000	314.6604000000
1.1165490000	308.2670000000	308.2872000000
1.1409670000	304.4494000000	304.4556000000
1.1654100000	294.1981000000	294.2145000000
1.1899420000	284.4119000000	284.4324000000
1.2143400000	283.7052000000	283.7440000000
1.2388240000	277.4131000000	277.4257000000
1.2636160000	268.5029000000	268.5384000000
1.2882780000	264.4026000000	264.4549000000
1.3126980000	257.9218000000	257.9201000000
1.3371290000	252.1622000000	252.2108000000
1.3618460000	249.8744000000	249.8911000000
1.3864590000	243.7739000000	243.8034000000
1.4107600000	237.9835000000	237.9838000000
1.4352940000	237.8489000000	237.8618000000
1.4599660000	230.4570000000	230.4908000000
1.4845530000	226.7696000000	226.7949000000
1.5090590000	224.1877000000	224.2006000000
1.5335650000	217.6664000000	217.6783000000
1.5582840000	217.1905000000	217.2335000000
1.5828180000	212.5927000000	212.6319000000
1.6072590000	208.3810000000	208.3790000000
1.6318090000	204.0970000000	204.1309000000
1.6563660000	200.0469000000	200.0663000000
1.6809250000	197.9559000000	197.9692000000
1.7052570000	193.0434000000	193.0713000000
1.7298060000	190.4818000000	190.4769000000
1.7544620000	186.9954000000	187.0309000000
1.7789920000	182.0170000000	182.0270000000
1.8034110000	179.2719000000	179.2850000000
1.8279630000	178.2108000000	178.2375000000
1.8526470000	173.1626000000	173.2013000000
1.8772490000	171.5430000000	171.5648000000
1.9017330000	167.4773000000	167.5224000000
1.9262410000	164.3727000000	164.4105000000
1.9508300000	162.3228000000	162.3263000000
1.9753080000	160.9245000000	160.9497000000
1.9997290000	158.3577000000	158.3495000000
2.0244190000	154.2102000000	154.2465000000
2.0491260000	151.6870000000	151.7082000000
2.0735080000	150.5986000000	150.6203000000
2.0978460000	148.2302000000	148.2555000000
2.1224730000	145.0695000000	145.0886000000
2.1471060000	142.9880000000	143.0345000000
2.1716010000	140.9596000000	140.9820000000
2.1961580000	138.2571000000	138.2973000000
2.2207350000	136.5075000000	136.5609000000
2.2452510000	134.7936000000	134.8199000000
2.2697290000	132.9324000000	132.9647000000
2.2942710000	131.0655000000	131.0921000000
2.3189280000	128.3471000000	128.3865000000
2.3435380000	126.4883000000	126.5118000000
2.3680260000	124.8813000000	124.9234000000
2.3924230000	121.5233000000	121.5383000000
2.4168630000	119.8348000000	119.8772000000
2.4415090000	119.1177000000	119.1380000000
2.4660800000	116.9114000000	116.9487000000
2.4905750000	115.1353000000	115.1881000000
2.5151860000	113.7515000000	113.7746000000
2.5397770000	112.5798000000	112.6245000000
2.5642150000	111.0678000000	111.0942000000
2.5887070000	109.4220000000	109.4546000000
2.6133370000	107.4040000000	107.4476000000
2.6379250000	106.8807000000	106.9137000000
2.6624200000	104.1901000000	104.2180000000
2.6869630000	102.6902000000	102.7329000000
2.7115150000	102.1925000000	102.2166000000
2.7359820000	100.1996000000	100.2406000000
2.7605730000	98.8851100000	98.9211800000
2.7852370000	97.1490400000	97.1642200000
2.8096710000	96.5585500000	96.5926200000
2.8341510000	94.7002300000	94.7479500000
2.8587220000	93.4553900000	93.4768400000
2.8832500000	92.7868400000	92.8233700000
2.9078190000	90.9757700000	91.0109100000
2.9323350000	90.0239500000	90.0534200000
2.9569140000	88.5317500000	88.5669500000
2.9814490000	87.2458800000	87.2776100000
3.0058760000	86.4436500000	86.4756100000
3.0304030000	85.3595900000	85.3939500000
3.0550410000	84.0111100000	84.0541800000
3.0796920000	82.9994300000	83.0381100000
3.1042410000	81.9463500000	81.9717900000
3.1287100000	81.2344200000	81.2639200000
3.1531230000	80.1924200000	80.2210100000
3.1776190000	79.0230400000	79.0600100000
3.2021850000	78.4213400000	78.4533400000
3.2267080000	77.0335100000	77.0730200000
3.2513210000	76.0630400000	76.0941900000
3.2758820000	75.0072300000	75.0414100000
3.3003930000	74.3503700000	74.3873200000
3.3249550000	73.3075600000	73.3401000000
3.3495280000	72.6853900000	72.7218100000
3.3740870000	71.8311800000	71.8616800000
3.3985410000	70.7930200000	70.8272700000
3.4230110000	70.0226200000	70.0617600000
3.4475460000	68.9187600000	68.9506300000
3.4721760000	68.3200500000	68.3537500000
3.4967720000	67.5268200000	67.5575900000
3.5213020000	66.8187000000	66.8491600000
3.5458450000	65.7040000000	65.7392200000
3.5703510000	65.4061000000	65.4407400000
3.5948170000	64.2996300000	64.3384500000
3.6193400000	64.0201300000	64.0644600000
3.6439210000	63.0807600000	63.1211100000
3.6685010000	62.2183500000	62.2525800000
3.6930830000	61.4593400000	61.5005300000
3.7176360000	60.4737600000	60.5075200000
3.7421230000	60.1628800000	60.1979600000
3.7666230000	59.5398200000	59.5719500000
3.7912110000	58.9079200000	58.9496700000
3.8157400000	58.0711000000	58.1118500000
3.8402500000	57.4462400000	57.4802200000
3.8648160000	57.1795000000	57.2089200000
3.8894160000	56.5948500000	56.6262400000
3.9139840000	55.7834200000	55.8234400000
3.9384390000	54.9105400000	54.9426100000
3.9628560000	54.5088400000	54.5445400000
3.9874080000	53.7945300000	53.8342300000
4.0119510000	53.3383900000	53.3740600000
4.0365020000	52.8090400000	52.8514700000
4.0611010000	52.3891200000	52.4220200000
4.0856320000	51.8061000000	51.8481200000
4.1102260000	51.3913300000	51.4289300000
4.1347600000	50.7485200000	50.7738900000
4.1592470000	50.2844300000	50.3230400000
4.1838070000	49.5773300000	49.6125400000
4.2083210000	49.0849700000	49.1126200000
4.2328390000	48.6375400000	48.6740800000
4.2573760000	48.3329900000	48.3700800000
4.2819440000	47.5335100000	47.5604500000
4.3065050000	47.1795200000	47.2185200000
4.3310330000	46.5460500000	46.5815100000
4.3556170000	46.1100800000	46.1410200000
4.3801610000	45.7770200000	45.8144800000
4.4046760000	45.5130600000	45.5515600000
4.4292490000	44.8907200000	44.9251800000
4.4537720000	44.6435500000	44.6826900000
4.4782820000	43.9941800000	44.0300400000
4.5027770000	43.7274400000	43.7576300000
4.5272890000	43.3628200000	43.4043100000
4.5518890000	42.6594200000	42.6903800000
4.5764260000	42.4073400000	42.4480300000
4.6008930000	41.9234200000	41.9622100000
4.6254670000	41.4726600000	41.5071000000
4.6500350000	41.3802400000	41.4150400000
4.6745410000	40.8284600000	40.8700300000
4.6991040000	40.2308500000	40.2622800000
4.7236700000	40.0250800000	40.0559600000
4.7481820000	39.7001300000	39.7420200000
4.7726820000	39.3383100000	39.3709000000
4.7972030000	38.9820900000	39.0198400000
4.8217550000	38.6109500000	38.6483400000
4.8463610000	38.3491300000	38.3868200000
4.8709150000	37.8677500000	37.9005200000
4.8954260000	37.6176100000	37.6542900000
4.9199520000	37.4209400000	37.4578800000
4.9444960000	36.9414000000	36.9788800000
4.9690130000	36.5581100000	36.5912900000
4.9935620000	36.3183700000	36.3580100000
5.0181380000	35.9723500000	36.0031400000
5.0426420000	35.6448400000	35.6772900000
5.0672150000	35.2074700000	35.2408300000
5.0917750000	35.1102300000	35.1434200000
5.1163090000	34.8250600000	34.8618800000
5.1408380000	34.4608200000	34.4960300000
5.1653330000	34.2320100000	34.2668200000
5.1898180000	33.9760100000	34.0136400000
5.2143510000	33.6107800000	33.6399900000
5.2389470000	33.4273000000	33.4647200000
5.2634790000	33.0491700000	33.0834800000
5.2880020000	32.7865300000	32.8233300000
5.3125460000	32.4169800000	32.4508700000
5.3371210000	32.2898100000	32.3256800000
5.3616720000	32.0261400000	32.0623600000
5.3861960000	31.7483000000	31.7821000000
5.4107150000	31.5141500000	31.5496500000
5.4352440000	31.2072900000	31.2433800000
5.4598230000	30.8980800000	30.9339800000
5.4843890000	30.7222400000	30.7609400000
5.5088890000	30.4845800000	30.5202600000
5.5334640000	30.2351700000	30.2708100000
5.5580360000	29.9902200000	30.0277500000
5.5824840000	29.6908700000	29.7278800000
5.6069560000	29.4077900000	29.4470400000
5.6315600000	29.2573300000	29.2920700000
5.6561680000	28.9732500000	29.0073800000
5.6806980000	28.7501900000	28.7839600000
5.7052040000	28.5466000000	28.5872000000
5.7297040000	28.4384900000	28.4766700000
5.7542320000	28.0501400000	28.0874100000
5.7787720000	27.8173600000	27.8512800000
5.8033420000	27.5936800000	27.6331200000
5.8279020000	27.3625700000	27.3976400000
5.8524090000	27.2358200000	27.2739700000
5.8769570000	27.0432900000	27.0836000000
5.9015340000	26.8602000000	26.8921400000
5.9260300000	26.6264300000	26.6668100000
5.9505480000	26.5416900000	26.5764700000
5.9751370000	26.1967000000	26.2358300000
5.9996570000	25.9732100000	26.0087300000
6.0241610000	25.8979700000	25.9335000000
6.0487140000	25.6696200000	25.7089800000
6.0732670000	25.5125700000	25.5507100000
6.0978680000	25.2844900000	25.3225000000
6.1223690000	25.0949800000	25.1317900000
6.1468670000	24.8832000000	24.9207700000
6.1714520000	24.7791500000	24.8198700000
6.1959740000	24.5494900000	24.5841700000
6.2204440000	24.3607300000	24.3960700000
6.2449860000	24.2556800000	24.2959900000
6.2695880000	23.9445800000	23.9831400000
6.2941240000	23.7940200000	23.8323000000
6.3186330000	23.6532800000	23.6919400000
6.3432020000	23.4768700000	23.5147000000
6.3677700000	23.3208400000	23.3567100000
6.3922880000	23.1815700000	23.2185700000
6.4168370000	23.0109000000	23.0477300000
6.4413830000	22.8385800000	22.8764900000
6.4659130000	22.6753000000	22.7161800000
6.4904330000	22.5850600000	22.6243900000
6.5149460000	22.3243000000	22.3627900000
6.5395180000	22.2214400000	22.2589600000
6.5640590000	22.0161900000	22.0569400000
6.5885870000	21.9275800000	21.9639800000
6.6131100000	21.7165100000	21.7559200000
6.6376220000	21.5918700000	21.6290000000
6.6621720000	21.3973000000	21.4381600000
6.6866930000	21.2738400000	21.3095900000
6.7112270000	21.1140500000	21.1521500000
6.7357770000	20.9471800000	20.9873400000
6.7603230000	20.8590100000	20.8983200000
6.7848550000	20.6786700000	20.7187700000
6.8094270000	20.5932100000	20.6304900000
6.8339790000	20.4828900000	20.5244700000
6.8585030000	20.3369200000	20.3769100000
6.8830550000	20.2012900000	20.2375500000
6.9075840000	20.0467000000	20.0840800000
6.9321340000	19.9479300000	19.9877200000
6.9566690000	19.7404200000	19.7774900000
6.9812210000	19.6180600000	19.6567900000
7.0057530000	19.4918300000	19.5299800000
7.0302330000	19.3318500000	19.3721600000
7.0547820000	19.2868300000	19.3262100000
7.0793430000	19.1526600000	19.1902800000
7.1038830000	18.9821500000	19.0200200000
7.1284240000	18.8817900000	18.9217800000
7.1529650000	18.7749200000	18.8134100000
7.1775010000	18.6071700000	18.6446700000
7.2020130000	18.4990700000	18.5354900000
7.2265770000	18.3853400000	18.4241600000
7.2511250000	18.2981600000	18.3359400000
7.2756510000	18.2096500000	18.2487100000
7.3002260000	18.0447700000	18.0836300000
7.3247590000	17.9638900000	18.0024300000
7.3492990000	17.7942800000	17.8347800000
7.3738250000	17.7050200000	17.7470000000
7.3983120000	17.5750900000	17.6156600000
7.4228920000	17.5330300000	17.5751600000
7.4474420000	17.3259800000	17.3627500000
7.4719560000	17.2696100000	17.3102100000
7.4964990000	17.1391500000	17.1786600000
7.5210140000	17.0845300000	17.1240900000
7.5455570000	16.9533200000	16.9931900000
7.5700860000	16.8254400000	16.8643700000
7.5946130000	16.7423500000	16.7824500000
7.6191720000	16.5903600000	16.6282100000
7.6437560000	16.5399000000	16.5791500000
7.6682630000	16.4444500000	16.4850100000
7.6927770000	16.3614500000	16.3993900000
7.7173710000	16.2486700000	16.2899000000
7.7419290000	16.1502500000	16.1899900000
7.7664570000	16.0435000000	16.0831500000
7.7909530000	15.9554600000	15.9953800000
7.8154890000	15.8538300000	15.8915900000
7.8400500000	15.7540700000	15.7939900000
7.8645880000	15.6608500000	15.7011000000
7.8891260000	15.5606600000	15.5991300000
7.9136430000	15.4746100000	15.5146700000
7.9381810000	15.3748400000	15.4139800000
7.9627600000	15.3364400000	15.3757400000
7.9873110000	15.2060200000	15.2456600000
8.0118110000	15.0662400000	15.1045200000
8.0363250000	15.0401900000	15.0807400000
8.0608680000	14.9160600000	14.9536700000
8.0854460000	14.8598300000	14.9012800000
8.1099890000	14.7677300000	14.8090700000
8.1344710000	14.6975000000	14.7361400000
8.1590380000	14.5806600000	14.6206600000
8.1835980000	14.5209700000	14.5594300000
8.2080730000	14.4599400000	14.4988300000
8.2325900000	14.3866300000	14.4282200000
8.2571440000	14.2819000000	14.3205100000
8.2817100000	14.1799100000	14.2206900000
8.3062710000	14.1020000000	14.1427000000
8.3308260000	14.0577700000	14.0974100000
8.3553740000	13.9585200000	13.9985700000
8.3799010000	13.8800300000	13.9223100000
8.4044180000	13.8061900000	13.8469300000
8.4289280000	13.7073100000	13.7491800000
8.4535040000	13.6088400000	13.6462200000
8.4780510000	13.5588700000	13.6006000000
8.5025800000	13.4973500000	13.5366400000
8.5271380000	13.4409200000	13.4812100000
8.5516340000	13.3441700000	13.3869500000
8.5761560000	13.2757600000	13.3168800000
8.6006970000	13.1982800000	13.2399800000
8.6252590000	13.1246200000	13.1668200000
8.6498360000	13.0486900000	13.0896500000
8.6743760000	12.9776900000	13.0189100000
8.6989270000	12.9177000000	12.9594900000
8.7234500000	12.8535800000	12.8936700000
8.7479570000	12.7600600000	12.8012400000
8.7725210000	12.7048700000	12.7459700000
8.7970470000	12.6117300000	12.6535000000
8.8215410000	12.5676600000	12.6088000000
8.8460760000	12.5117400000	12.5526200000
8.8706410000	12.4646200000	12.5045900000
8.8951700000	12.4070000000	12.4504900000
8.9197130000	12.2964300000	12.3382700000
8.9442630000	12.2594600000	12.3033900000
8.9687720000	12.1896800000	12.2318200000
8.9933340000	12.1252700000	12.1655800000
9.0178950000	12.0649400000	12.1090100000
9.0424300000	12.0089400000	12.0505400000
9.0669700000	11.9308000000	11.9728600000
9.0915380000	11.9002800000	11.9418700000
9.1160630000	11.8212200000	11.8646900000
9.1405730000	11.7404600000	11.7814500000
9.1651400000	11.7213800000	11.7653900000
9.1896530000	11.6339800000	11.6757800000
9.2141760000	11.5668600000	11.6086500000
9.2387220000	11.5142900000	11.5578200000
9.2632520000	11.4735700000	11.5178000000
9.2878100000	11.4046700000	11.4483000000
9.3123630000	11.3471800000	11.3895800000
9.3368980000	11.3014700000	11.3445100000
9.3614280000	11.2555700000	11.2985200000
9.3859690000	11.1924100000	11.2340800000
9.4104960000	11.1231500000	11.1671800000
9.4350270000	11.0809500000	11.1216000000
9.4595770000	11.0266500000	11.0693800000
9.4840800000	10.9775600000	11.0228400000
9.5085990000	10.9211400000	10.9648100000
9.5331770000	10.8975900000	10.9406800000
9.5577400000	10.8330000000	10.8741200000
9.5822830000	10.7855400000	10.8300600000
9.6068250000	10.7169000000	10.7607500000
9.6313560000	10.6847600000	10.7288600000
9.6558810000	10.6264600000	10.6700400000
9.6804260000	10.5731900000	10.6162600000
9.7049420000	10.5310200000	10.5752500000
9.7294970000	10.4695300000	10.5123300000
9.7540460000	10.4320200000	10.4749400000
9.7785350000	10.3621600000	10.4061400000
9.8031030000	10.3246700000	10.3681300000
9.8276490000	10.2866700000	10.3306700000
9.8521800000	10.2364400000	10.2814000000
9.8767310000	10.1919400000	10.2364200000
9.9012840000	10.1356100000	10.1797900000
9.9258350000	10.0886900000	10.1333100000
9.9503500000	10.0386300000	10.0834900000
9.9749020000	10.0018900000	10.0467300000
9.9994290000	9.9609020000	10.0054700000
10.0239200000	9.9116550000	9.9542300000
10.0484900000	9.8926730000	9.9381390000
10.0730300000	9.8412740000	9.8859170000
10.0975600000	9.7946190000	9.8375730000
10.1220900000	9.7491670000	9.7934940000
10.1466400000	9.7143080000	9.7585040000
10.1712000000	9.6724050000	9.7151350000
10.1957200000	9.6260720000	9.6692630000
10.2202500000	9.5967290000	9.6414230000
10.2447900000	9.5559450000	9.6026710000
10.2693300000	9.5085290000	9.5520270000
10.2938600000	9.4692140000	9.5118060000
10.3184200000	9.4321280000	9.4749850000
10.3429600000	9.4005590000	9.4466850000
10.3674900000	9.3721010000	9.4176510000
10.3920300000	9.3295880000	9.3748210000
10.4165500000	9.3025270000	9.3445960000
10.4411100000	9.2510890000	9.2958130000
10.4657000000	9.2119540000	9.2574110000
10.4902100000	9.1650000000	9.2104230000
10.5147300000	9.1359230000	9.1794270000
10.5392500000	9.1047220000	9.1522510000
10.5638000000	9.0710830000	9.1152030000
10.5883500000	9.0399420000	9.0875690000
10.6128300000	8.9950010000	9.0384560000
10.6373900000	8.9654720000	9.0132440000
10.6619700000	8.9311790000	8.9785150000
10.6865000000	8.9132160000	8.9603490000
10.7110300000	8.8661770000	8.9109610000
10.7355500000	8.8387550000	8.8840080000
10.7601100000	8.8122100000	8.8591130000
10.7846600000	8.7885860000	8.8324000000
10.8091800000	8.7504180000	8.7966230000
10.8337000000	8.7151280000	8.7606770000
10.8582300000	8.6873450000	8.7332740000
10.8828200000	8.6487520000	8.6929650000
10.9073700000	8.6345590000	8.6807370000
10.9318900000	8.5906310000	8.6345110000
10.9564200000	8.5659720000	8.6123860000
10.9809600000	8.5455740000	8.5919350000
11.0055200000	8.5179030000	8.5626330000
11.0300500000	8.4774690000	8.5228190000
11.0545800000	8.4565610000	8.5022470000
11.0791100000	8.4260760000	8.4742590000
11.1036600000	8.4053750000	8.4522050000
11.1282100000	8.3787180000	8.4254540000
11.1527300000	8.3423630000	8.3902120000
11.1772600000	8.3297850000	8.3768220000
11.2018100000	8.3007480000	8.3481590000
11.2263400000	8.2746090000	8.3216290000
11.2508500000	8.2746060000	8.3223450000
11.2754100000	8.2257790000	8.2734560000
11.2999900000	8.2128730000	8.2603950000
11.3245100000	8.1976420000	8.2452270000
11.3490300000	8.1696980000	8.2174580000
11.3735700000	8.1535610000	8.2026810000
11.3981100000	8.1352200000	8.1851780000
11.4226500000	8.1050930000	8.1551770000
11.4471800000	8.0960970000	8.1461390000
11.4717400000	8.0729890000	8.1209030000
11.4962800000	8.0473830000	8.0969660000
11.5207900000	8.0390210000	8.0875990000
11.5453300000	8.0076620000	8.0560110000
11.5698800000	7.9874130000	8.0379250000
11.5944100000	7.9794790000	8.0300450000
11.6189500000	7.9474030000	7.9975880000
11.6434900000	7.9344410000	7.9850420000
11.6680400000	7.9174240000	7.9691180000
11.6925900000	7.9034380000	7.9553610000
11.7171200000	7.8961920000	7.9481230000
11.7416400000	7.8537930000	7.9043170000
11.7661900000	7.8634970000	7.9157770000
11.7907200000	7.8322360000	7.8847110000
11.8152500000	7.8241520000	7.8748580000
11.8397900000	7.8075630000	7.8586930000
11.8643500000	7.7940230000	7.8479440000
11.8888900000	7.7893250000	7.8421000000
11.9134300000	7.7775940000	7.8294060000
11.9379700000	7.7750480000	7.8295800000
11.9625100000	7.7535800000	7.8061220000
11.9870300000	7.7383750000	7.7936910000
12.0115600000	7.7246340000	7.7808790000
12.0361200000	7.7294470000	7.7831260000
12.0606500000	7.7065920000	7.7612040000
12.0851500000	7.7084810000	7.7620090000
12.1097100000	7.6924310000	7.7462330000
12.1342800000	7.6904060000	7.7448140000
12.1588100000	7.6755200000	7.7309660000
12.1833600000	7.6650370000	7.7190790000
12.2078700000	7.6692810000	7.7249790000
12.2324200000	7.6650850000	7.7200120000
12.2569600000	7.6587630000	7.7142950000
12.2814800000	7.6568070000	7.7141880000
12.3060200000	7.6551790000	7.7111750000
12.3305600000	7.6518430000	7.7069900000
12.3551200000	7.6485050000	7.7052710000
12.3796500000	7.6417210000	7.6974470000
12.4041900000	7.6358030000	7.6931020000
12.4287400000	7.6405760000	7.6960130000
12.4532500000	7.6436930000	7.6993860000
12.4778000000	7.6350410000	7.6921860000
12.5023500000	7.6480650000	7.7043790000
12.5268800000	7.6473220000	7.7048060000
12.5514300000	7.6513410000	7.7104900000
12.5759600000	7.6543790000	7.7116990000
12.6004900000	7.6231250000	7.6809060000
12.6250300000	7.5998640000	7.6583840000
12.6495800000	7.5792370000	7.6362890000
12.6741100000	7.5533570000	7.6108200000
12.6986400000	7.5224780000	7.5808760000
12.7231600000	7.4974840000	7.5550310000
12.7477300000	7.4860200000	7.5430450000
12.7722500000	7.4607410000	7.5178680000
12.7967700000	7.4351080000	7.4930610000
12.8213300000	7.4211960000	7.4791350000
12.8458700000	7.3962130000	7.4543280000
12.8704300000	7.3715010000	7.4287090000
12.8949500000	7.3539350000	7.4104380000
12.9195100000	7.3418520000	7.3994160000
12.9440300000	7.3134590000	7.3720220000
12.9685300000	7.2994350000	7.3591790000
12.9930900000	7.2698510000	7.3257470000
13.0176300000	7.2499040000	7.3054900000
13.0421700000	7.2269180000	7.2827040000
13.0667000000	7.2221620000	7.2785470000
13.0912300000	7.2103230000	7.2678240000
13.1157900000	7.1858480000	7.2427220000
13.1403400000	7.1697150000	7.2288690000
13.1648800000	7.1490090000	7.2060050000
13.1894000000	7.1182110000	7.1761880000
13.2139300000	7.1164760000	7.1746680000
13.2384800000	7.0823090000	7.1397810000
13.2630200000	7.0695770000	7.1271640000
13.2875700000	7.0519780000	7.1104740000
13.3121000000	7.0364850000	7.0941290000
13.3366200000	6.9976770000	7.0574440000
13.3611700000	6.9956180000	7.0533140000
13.3857000000	6.9708790000	7.0299020000
13.4102200000	6.9565750000	7.0148530000
13.4347600000	6.9378610000	6.9965710000
13.4593200000	6.9198080000	6.9789690000
13.4838900000	6.9081560000	6.9669230000
13.5084300000	6.8772070000	6.9353590000
13.5329300000	6.8698830000	6.9292230000
13.5574800000	6.8547180000	6.9116460000
13.5820300000	6.8363180000	6.8943160000
13.6065800000	6.8191130000	6.8784860000
13.6311100000	6.8061870000	6.8653160000
13.6556300000	6.7927650000	6.8525230000
13.6801900000	6.7782340000	6.8342730000
13.7047300000	6.7604910000	6.8209910000
13.7292400000	6.7423230000	6.7994960000
13.7538000000	6.7282980000	6.7876740000
13.7783600000	6.7219200000	6.7810810000
13.8028700000	6.6985910000	6.7556100000
13.8273700000	6.6763010000	6.7351380000
13.8519100000	6.6763300000	6.7315070000
13.8764800000	6.6591940000	6.7178020000
13.9010300000	6.6398590000	6.6968190000
13.9255700000	6.6271740000	6.6842750000
13.9501200000	6.6119220000	6.6726170000
13.9746400000	6.6074280000	6.6672020000
13.9991700000	6.5765510000	6.6341120000
14.0237200000	6.5811520000	6.6411140000
14.0482400000	6.5577350000	6.6197830000
14.0727800000	6.5499240000	6.6081610000
14.0973100000	6.5331930000	6.5925740000
14.1218300000	6.5176590000	6.5787860000
14.1463900000	6.5017380000	6.5629610000
14.1709400000	6.4978990000	6.5567390000
14.1954600000	6.4785350000	6.5398270000
14.2200100000	6.4688130000	6.5285580000
14.2445500000	6.4599580000	6.5180550000
14.2690800000	6.4480890000	6.5108520000
14.2936200000	6.4340750000	6.4961410000
14.3181800000	6.4238160000	6.4857740000
14.3427300000	6.4193000000	6.4801070000
14.3672400000	6.4102170000	6.4727560000
14.3917700000	6.4049430000	6.4655810000
14.4163300000	6.3842360000	6.4457650000
14.4408700000	6.3724070000	6.4319090000
14.4654100000	6.3708550000	6.4328540000
14.4899600000	6.3543520000	6.4162250000
14.5144800000	6.3387450000	6.4041520000
14.5390200000	6.3382860000	6.4010720000
14.5635600000	6.3152670000	6.3786370000
14.5880900000	6.3190340000	6.3827030000
14.6126200000	6.3067780000	6.3686420000
14.6371600000	6.2935470000	6.3561890000
14.6617100000	6.2859270000	6.3500290000
14.6862500000	6.2812300000	6.3438420000
14.7107800000	6.2770780000	6.3412090000
14.7353400000	6.2556310000	6.3206470000
14.7598700000	6.2557360000	6.3180480000
14.7843900000	6.2476570000	6.3116250000
14.8089400000	6.2377990000	6.3047790000
14.8334800000	6.2184750000	6.2834250000
14.8580200000	6.2199650000	6.2839230000
14.8825600000	6.2126280000	6.2758170000
14.9070800000	6.1982910000	6.2628020000
14.9316200000	6.1969030000	6.2616490000
14.9561800000	6.1954430000	6.2592530000
14.9807100000	6.1791310000	6.2454770000
15.0052500000	6.1766400000	6.2418020000
15.0298000000	6.1742510000	6.2395540000
15.0543400000	6.1573220000	6.2211480000
15.0788600000	6.1618030000	6.2263210000
15.1034200000	6.1581580000	6.2228110000
15.1279600000	6.1300030000	6.1957460000
15.1524600000	6.1474950000	6.2110590000
15.1770000000	6.1332140000	6.1968580000
15.2015700000	6.1287090000	6.1933790000
15.2261100000	6.1205070000	6.1853920000
15.2506300000	6.1250000000	6.1901080000
15.2751800000	6.1089240000	6.1732490000
15.2997200000	6.1075100000	6.1742110000
15.3242400000	6.1059910000	6.1727610000
15.3487700000	6.1005930000	6.1647980000
15.3733200000	6.0960450000	6.1631910000
15.3978600000	6.0814990000	6.1489430000
15.4224000000	6.0896680000	6.1577160000
15.4469400000	6.0886900000	6.1578060000
15.4714900000	6.0822060000	6.1498200000
15.4960300000	6.0814950000	6.1504180000
15.5205400000	6.0806690000	6.1467810000
15.5450600000	6.0827860000	6.1503800000
15.5696300000	6.0727720000	6.1410230000
15.5941800000	6.0620230000	6.1295260000
15.6187300000	6.0589190000	6.1292750000
15.6432700000	6.0717540000	6.1425960000
15.6678000000	6.0674800000	6.1358250000
15.6923300000	6.0685000000	6.1382100000
15.7168500000	6.0686820000	6.1377140000
15.7414100000	6.0602840000	6.1281010000
15.7659500000	6.0562780000	6.1246950000
15.7904900000	6.0661440000	6.1371490000
15.8150200000	6.0553920000	6.1244820000
15.8395500000	6.0705240000	6.1416390000
15.8640700000	6.0606740000	6.1321440000
15.8886100000	6.0621250000	6.1319060000
15.9131500000	6.0677920000	6.1379520000
15.9377000000	6.0624750000	6.1313840000
15.9622500000	6.0731750000	6.1454960000
15.9867700000	6.0807110000	6.1521190000
16.0113100000	6.0889950000	6.1602670000
16.0358600000	6.0764330000	6.1454450000
16.0604000000	6.0871830000	6.1579390000
16.0849300000	6.0838730000	6.1567330000
16.1094700000	6.0914120000	6.1626360000
16.1340000000	6.0961200000	6.1723530000
16.1585400000	6.0966270000	6.1702960000
16.1831000000	6.1056610000	6.1772350000
16.2076500000	6.1149540000	6.1884830000
16.2321600000	6.1138010000	6.1844310000
16.2566900000	6.1129140000	6.1828060000
16.2812300000	6.1268640000	6.1995280000
16.3058000000	6.1221380000	6.1927360000
16.3303600000	6.1362650000	6.2083600000
16.3548600000	6.1444930000	6.2176970000
16.3793900000	6.1537270000	6.2247090000
16.4039500000	6.1471950000	6.2248100000
16.4284800000	6.1574370000	6.2322250000
16.4529800000	6.1764820000	6.2479060000
16.4775300000	6.1658930000	6.2415640000
16.5020900000	6.1733370000	6.2435200000
16.5266000000	6.1766740000	6.2529330000
16.5511400000	6.2032890000	6.2767290000
16.5757100000	6.1833540000	6.2589050000
16.6002500000	6.1991740000	6.2769950000
16.6247800000	6.2239690000	6.2962370000
16.6493100000	6.2132620000	6.2883490000
16.6738600000	6.2441770000	6.3183860000
16.6984200000	6.2464030000	6.3245870000
16.7229300000	6.2446460000	6.3206920000
16.7474800000	6.2609490000	6.3363860000
16.7720400000	6.2627330000	6.3398350000
16.7965500000	6.2888430000	6.3617310000
16.8210700000	6.2885370000	6.3630480000
16.8456300000	6.3086620000	6.3849440000
16.8701800000	6.3130960000	6.3896260000
16.8947200000	6.3221020000	6.3964450000
16.9192400000	6.3330150000	6.4110750000
16.9437800000	6.3410380000	6.4181620000
16.9683000000	6.3498980000	6.4304030000
16.9928300000	6.3563580000	6.4350610000
17.0174000000	6.3612320000	6.4414190000
17.0419500000	6.3832240000	6.4554140000
17.0664600000	6.3867830000	6.4654510000
17.0909700000	6.4048610000	6.4885030000
17.1155300000	6.4151680000	6.4955570000
17.1400800000	6.4213910000	6.5034640000
17.1646300000	6.4229140000	6.5046160000
17.1891800000	6.4249880000	6.5096590000
17.2136900000	6.4657890000	6.5473840000
17.2382300000	6.4384860000	6.5206250000
17.2627800000	6.4744950000	6.5542840000
17.2873100000	6.4453140000	6.5246600000
17.3118800000	6.4748570000	6.5619860000
17.3364100000	6.4751100000	6.5598200000
17.3609100000	6.4819770000	6.5635290000
17.3854300000	6.4970730000	6.5843060000
17.4100000000	6.4971730000	6.5812240000
17.4345600000	6.5254640000	6.6095530000
17.4590900000	6.4963340000	6.5823040000
17.4836300000	6.4977790000	6.5872100000
17.5081800000	6.4910810000	6.5729440000
17.5326900000	6.5005780000	6.5851950000
17.5572200000	6.5044500000	6.5902750000
17.5817600000	6.4830320000	6.5715020000
17.6062900000	6.4853660000	6.5703310000
17.6308300000	6.5125770000	6.5996570000
17.6553900000	6.4581970000	6.5447860000
17.6799300000	6.4614460000	6.5479230000
17.7044600000	6.4677040000	6.5576000000
17.7289700000	6.4485300000	6.5370400000
17.7535100000	6.4174440000	6.5063330000
17.7780800000	6.3797060000	6.4676450000
17.8026100000	6.3868680000	6.4679220000
17.8271300000	6.3878940000	6.4737190000
17.8516900000	6.3620490000	6.4466150000
17.8762300000	6.3663970000	6.4541920000
17.9007600000	6.3571880000	6.4445180000
17.9253000000	6.3388810000	6.4237040000
17.9498500000	6.3415350000	6.4285980000
17.9744000000	6.3703130000	6.4503650000
17.9989100000	6.3329760000	6.4232760000
18.0234400000	6.3354000000	6.4226570000
18.0480200000	6.3443990000	6.4353090000
18.0725500000	6.3506520000	6.4338440000
18.0970700000	6.3364360000	6.4241120000
18.1216400000	6.3591400000	6.4482690000
18.1461700000	6.3146430000	6.4080540000
18.1706800000	6.3580190000	6.4478230000
18.1952300000	6.3638740000	6.4546880000
18.2197900000	6.3595810000	6.4533890000
18.2443100000	6.3736630000	6.4652440000
18.2688300000	6.3442850000	6.4361980000
18.2933700000	6.3638580000	6.4606040000
18.3179300000	6.3917530000	6.4892310000
18.3425000000	6.3811600000	6.4810250000
18.3670100000	6.3900710000	6.4810950000
18.3915200000	6.3832420000	6.4677020000
18.4160900000	6.3965970000	6.4833550000
18.4406400000	6.4209660000	6.5109080000
18.4651500000	6.4267200000	6.5037030000
18.4897100000	6.3904180000	6.4764670000
18.5142800000	6.4254880000	6.5136980000
18.5388100000	6.4414000000	6.5181910000
18.5632800000	6.4368170000	6.5209200000
18.5878400000	6.4591070000	6.5439560000
18.6124400000	6.4520900000	6.5475220000
18.6369300000	6.4572520000	6.5512970000
18.6614300000	6.4709120000	6.5592330000
18.6860100000	6.4672170000	6.5513960000
18.7105500000	6.4933730000	6.5829480000
18.7350300000	6.5330560000	6.6217790000
18.7595800000	6.4915960000	6.5745500000
18.7841700000	6.5282120000	6.6177450000
18.8087000000	6.5471810000	6.6381720000
18.8332200000	6.5260190000	6.6094990000
18.8577500000	6.5486000000	6.6417710000
18.8823100000	6.5529110000	6.6449870000
18.9068400000	6.5933590000	6.6784330000
18.9313400000	6.6063380000	6.6922500000
18.9559000000	6.5926630000	6.6815250000
18.9804600000	6.6414940000	6.7314900000
19.0049500000	6.6369470000	6.7353020000
19.0294600000	6.6230250000	6.7134870000
19.0540600000	6.6927820000	6.7885380000
19.0786300000	6.6900320000	6.7806440000
19.1031100000	6.7040420000	6.8018380000
19.1276500000	6.7057070000	6.7991800000
19.1522600000	6.7702030000	6.8600140000
19.1767800000	6.7943920000	6.8869770000
19.2012400000	6.8461690000	6.9372770000
19.2258100000	6.7786120000	6.8711110000
19.2504000000	6.8396440000	6.9395270000
19.2748900000	6.8630900000	6.9453560000
19.2994100000	6.8598300000	6.9541760000
19.3240200000	6.9119210000	7.0177410000
19.3485500000	6.9400200000	7.0367990000
19.3729800000	6.9688350000	7.0671900000
19.3975500000	6.9437400000	7.0401600000
19.4221700000	6.9871710000	7.0866170000
19.4466700000	7.0131430000	7.1078720000
19.4711300000	7.0400470000	7.1432140000
19.4957000000	7.0425860000	7.1331140000
19.5203200000	7.0931090000	7.1762870000
19.5448200000	7.1334070000	7.2293970000
19.5693000000	7.1784830000	7.2793460000
19.5939100000	7.1941170000	7.2929010000
19.6185000000	7.2053150000	7.3019200000
19.6429400000	7.1930230000	7.2949350000
19.6674000000	7.2853220000	7.3830720000
19.6920400000	7.2908940000	7.3911750000
19.7166000000	7.3407100000	7.4398420000
19.7410300000	7.3835890000	7.4684420000
19.7656300000	7.4575080000	7.5591730000
19.7903200000	7.4273360000	7.5339530000
19.8148200000	7.5042810000	7.6241010000
19.8391400000	7.5128600000	7.6190140000
19.8637400000	7.5834880000	7.6827860000
19.8884400000	7.5201660000	7.6307230000
19.9129200000	7.6164910000	7.6959940000
19.9373600000	7.6713960000	7.7961130000
19.9619700000	7.6880330000	7.7837390000
19.9865800000	7.7252770000	7.8250780000
20.0109500000	7.7563890000	7.8618940000
20.0354700000	7.8637130000	7.9766050000
20.0601900000	7.9221860000	8.0386170000
20.0847200000	7.9347050000	8.0478700000
20.1090300000	7.9430840000	8.0636040000
20.1336300000	8.0321490000	8.1407720000
20.1584200000	8.0764540000	8.2042580000
20.1828800000	8.1254300000	8.2572390000
20.2072100000	8.1708090000	8.2963900000
20.2318100000	8.2317050000	8.3372350000
20.2565000000	8.2195160000	8.3500600000
20.2809500000	8.3615780000	8.4811920000
20.3054200000	8.3837690000	8.4998450000
20.3301100000	8.4305270000	8.5650680000
20.3546600000	8.4219680000	8.5601240000
20.3789200000	8.5077090000	8.6473380000
20.4034800000	8.5058070000	8.6501480000
20.4283700000	8.6365460000	8.7412810000
20.4528100000	8.7351540000	8.8411630000
20.4769700000	8.8404670000	8.9675620000
20.5016500000	8.9124040000	9.0256930000
20.5265900000	8.8664220000	8.9584330000
20.5510000000	8.9541840000	9.0647790000
20.5751000000	9.0571130000	9.1437830000
20.5998500000	9.1560560000	9.2951740000
20.6247700000	9.1403100000	9.2527080000
20.6490400000	9.3770890000	9.4487630000
20.6732800000	9.3717680000	9.4752980000
20.6981300000	9.4122200000	9.5379940000
20.7228200000	9.5543640000	9.6910770000
20.7468900000	9.5368540000	9.6547210000
20.7714800000	9.6880050000	9.8511620000
20.7965000000	9.7583770000	9.8983280000
20.8208600000	9.7372410000	9.8594450000
20.8449400000	9.9824880000	10.1023600000
20.8698800000	10.0155800000	10.1815500000
20.8948400000	9.9346130000	10.1592600000
20.9187400000	10.0826500000	10.2132600000
20.9428600000	10.2472000000	10.4381400000
20.9683500000	10.4781800000	10.5960600000
20.9933300000	10.4244000000	10.6531600000
21.0163500000	10.6167400000	10.8042900000
21.0406600000	10.7614300000	10.9295000000
21.0668400000	10.8214900000	10.9902200000
21.0916900000	10.9629800000	11.0793800000
21.1138500000	11.0778000000	11.2561900000
21.1386400000	11.0290600000	11.1919600000
21.1654700000	11.2294700000	11.5037100000
21.1899800000	11.2464700000	11.6004500000
21.2116700000	11.9059400000	12.0155700000
21.2370100000	11.6307800000	11.8174100000
21.2640900000	11.9306300000	12.1171000000
21.2881200000	12.1317700000	12.3732300000
21.3092000000	12.0928100000	12.3365200000
21.3353600000	12.0746000000	12.4248000000
21.3629800000	12.3016300000	12.6351400000
21.3853500000	12.5946300000	12.7977100000
21.4061600000	12.2717000000	12.7268900000
21.4336000000	12.6389700000	13.0667800000
21.4616200000	13.3148700000	13.4918900000
21.4829200000	12.8183600000	13.2987100000
21.5038700000	13.3060500000	13.5982500000
21.5320000000	13.7769100000	14.2656900000
21.5601400000	14.0718500000	14.9008800000
21.5817800000	14.3009700000	14.5615500000
21.6023400000	13.7681800000	14.1933600000
21.6304600000	14.0463500000	14.9811600000
21.6585300000	14.9423700000	15.2914500000
21.6806600000	16.3935600000	17.0079600000
21.7003700000	18.6066000000	19.0228500000
21.7276600000	13.3984600000	11.8890100000
21.7514300000	11.2774000000	18.0358200000