# [<k> (h/Mpc)]	[<P_0(k)> (Mpc/h)^3]	[ErrorBar (Mpc/h)^3]	nModes	[<P_2(k)> (Mpc/h)^3]
3.476422e-02	1.499942e+04	4.160090e+03	13.000000	0.000000e+00
5.890282e-02	1.098062e+04	1.911480e+03	33.000000	0.000000e+00
8.378087e-02	6.475408e+03	7.285403e+02	79.000000	0.000000e+00
1.087368e-01	4.976324e+03	4.600613e+02	117.000000	0.000000e+00
1.341836e-01	3.721230e+03	2.599020e+02	205.000000	0.000000e+00
1.581206e-01	2.746688e+03	1.791741e+02	235.000000	0.000000e+00
1.826843e-01	2.127094e+03	1.107321e+02	369.000000	0.000000e+00
2.073525e-01	1.961873e+03	9.428159e+01	433.000000	0.000000e+00
2.322407e-01	1.713228e+03	7.083325e+01	585.000000	0.000000e+00
2.568838e-01	1.444242e+03	5.542491e+01	679.000000	0.000000e+00
2.811185e-01	1.310190e+03	4.595038e+01	813.000000	0.000000e+00
3.057758e-01	1.160243e+03	3.696842e+01	985.000000	0.000000e+00
3.308750e-01	1.120262e+03	3.257072e+01	1183.000000	0.000000e+00
3.553459e-01	1.038563e+03	2.915425e+01	1269.000000	0.000000e+00
3.797184e-01	8.890863e+02	2.267812e+01	1537.000000	0.000000e+00
4.042043e-01	8.664227e+02	2.131049e+01	1653.000000	0.000000e+00
4.287408e-01	7.821873e+02	1.765430e+01	1963.000000	0.000000e+00
4.533372e-01	7.659985e+02	1.663250e+01	2121.000000	0.000000e+00
4.779960e-01	7.191864e+02	1.464073e+01	2413.000000	0.000000e+00
5.026630e-01	6.825835e+02	1.329736e+01	2635.000000	0.000000e+00
5.271488e-01	6.174569e+02	1.151163e+01	2877.000000	0.000000e+00
5.515428e-01	6.012424e+02	1.068042e+01	3169.000000	0.000000e+00
5.762241e-01	5.662642e+02	9.562055e+00	3507.000000	0.000000e+00
6.007286e-01	5.700993e+02	9.391431e+00	3685.000000	0.000000e+00
6.252569e-01	5.415707e+02	8.391655e+00	4165.000000	0.000000e+00
6.499966e-01	5.262985e+02	7.955067e+00	4377.000000	0.000000e+00
6.746858e-01	4.930825e+02	7.076605e+00	4855.000000	0.000000e+00
6.991271e-01	4.861323e+02	6.924287e+00	4929.000000	0.000000e+00
7.235757e-01	4.681599e+02	6.266689e+00	5581.000000	0.000000e+00
7.479714e-01	4.516096e+02	5.992764e+00	5679.000000	0.000000e+00
7.726133e-01	4.406401e+02	5.514468e+00	6385.000000	0.000000e+00
7.972413e-01	4.223029e+02	5.216797e+00	6553.000000	0.000000e+00
8.218513e-01	4.145977e+02	4.911730e+00	7125.000000	0.000000e+00
8.464491e-01	3.977509e+02	4.609146e+00	7447.000000	0.000000e+00
8.709767e-01	3.907196e+02	4.387892e+00	7929.000000	0.000000e+00
8.955547e-01	3.759932e+02	4.113947e+00	8353.000000	0.000000e+00
9.199772e-01	3.677561e+02	3.925874e+00	8775.000000	0.000000e+00
9.444963e-01	3.662603e+02	3.795291e+00	9313.000000	0.000000e+00
9.690846e-01	3.571678e+02	3.600416e+00	9841.000000	0.000000e+00
9.935517e-01	3.492961e+02	3.460074e+00	10191.000000	0.000000e+00
1.018099e+00	3.412851e+02	3.269369e+00	10897.000000	0.000000e+00
1.042679e+00	3.324220e+02	3.127025e+00	11301.000000	0.000000e+00
1.067353e+00	3.234716e+02	2.949807e+00	12025.000000	0.000000e+00
1.092004e+00	3.146880e+02	2.823364e+00	12423.000000	0.000000e+00
1.116549e+00	3.083047e+02	2.701830e+00	13021.000000	0.000000e+00
1.140967e+00	3.044341e+02	2.629420e+00	13405.000000	0.000000e+00
1.165410e+00	2.942237e+02	2.464994e+00	14247.000000	0.000000e+00
1.189942e+00	2.844515e+02	2.349876e+00	14653.000000	0.000000e+00
1.214340e+00	2.837918e+02	2.291850e+00	15333.000000	0.000000e+00
1.238824e+00	2.774660e+02	2.197066e+00	15949.000000	0.000000e+00
1.263616e+00	2.685760e+02	2.056319e+00	17059.000000	0.000000e+00
1.288278e+00	2.645006e+02	2.022864e+00	17097.000000	0.000000e+00
1.312698e+00	2.579509e+02	1.924524e+00	17965.000000	0.000000e+00
1.337129e+00	2.522465e+02	1.853001e+00	18531.000000	0.000000e+00
1.361846e+00	2.499197e+02	1.782007e+00	19669.000000	0.000000e+00
1.386459e+00	2.438571e+02	1.728961e+00	19893.000000	0.000000e+00
1.410760e+00	2.380005e+02	1.662876e+00	20485.000000	0.000000e+00
1.435294e+00	2.378863e+02	1.612983e+00	21751.000000	0.000000e+00
1.459966e+00	2.305375e+02	1.546953e+00	22209.000000	0.000000e+00
1.484553e+00	2.268411e+02	1.494414e+00	23041.000000	0.000000e+00
1.509059e+00	2.242526e+02	1.456954e+00	23691.000000	0.000000e+00
1.533565e+00	2.177273e+02	1.392231e+00	24457.000000	0.000000e+00
1.558284e+00	2.173093e+02	1.352987e+00	25797.000000	0.000000e+00
1.582818e+00	2.126928e+02	1.328629e+00	25627.000000	0.000000e+00
1.607259e+00	2.084059e+02	1.263252e+00	27217.000000	0.000000e+00
1.631809e+00	2.041837e+02	1.230178e+00	27549.000000	0.000000e+00
1.656366e+00	2.001232e+02	1.178971e+00	28813.000000	0.000000e+00
1.680925e+00	1.980076e+02	1.155688e+00	29355.000000	0.000000e+00
1.705257e+00	1.931421e+02	1.116652e+00	29917.000000	0.000000e+00
1.729806e+00	1.905032e+02	1.070767e+00	31653.000000	0.000000e+00
1.754462e+00	1.870806e+02	1.046614e+00	31951.000000	0.000000e+00
1.778992e+00	1.820756e+02	1.001368e+00	33061.000000	0.000000e+00
1.803411e+00	1.793275e+02	9.783553e-01	33597.000000	0.000000e+00
1.827963e+00	1.782929e+02	9.503446e-01	35197.000000	0.000000e+00
1.852647e+00	1.732538e+02	9.153808e-01	35823.000000	0.000000e+00
1.877249e+00	1.716207e+02	8.928293e-01	36949.000000	0.000000e+00
1.901733e+00	1.676060e+02	8.677264e-01	37309.000000	0.000000e+00
1.926241e+00	1.644734e+02	8.320438e-01	39075.000000	0.000000e+00
1.950830e+00	1.623718e+02	8.182978e-01	39373.000000	0.000000e+00
1.975308e+00	1.609845e+02	7.966701e-01	40833.000000	0.000000e+00
1.999729e+00	1.583903e+02	7.803045e-01	41203.000000	0.000000e+00
2.024419e+00	1.543179e+02	7.382956e-01	43689.000000	0.000000e+00
2.049126e+00	1.517579e+02	7.275148e-01	43513.000000	0.000000e+00
2.073508e+00	1.506620e+02	7.147126e-01	44437.000000	0.000000e+00
2.097846e+00	1.483095e+02	6.941347e-01	45651.000000	0.000000e+00
2.122473e+00	1.451516e+02	6.661063e-01	47485.000000	0.000000e+00
2.147106e+00	1.431046e+02	6.534458e-01	47961.000000	0.000000e+00
2.171601e+00	1.410463e+02	6.362288e-01	49147.000000	0.000000e+00
2.196158e+00	1.383764e+02	6.168364e-01	50325.000000	0.000000e+00
2.220735e+00	1.366459e+02	6.012648e-01	51649.000000	0.000000e+00
2.245251e+00	1.348955e+02	5.906874e-01	52153.000000	0.000000e+00
2.269729e+00	1.330461e+02	5.728419e-01	53943.000000	0.000000e+00
2.294271e+00	1.311645e+02	5.608344e-01	54697.000000	0.000000e+00
2.318928e+00	1.284564e+02	5.392521e-01	56745.000000	0.000000e+00
2.343538e+00	1.265808e+02	5.301560e-01	57007.000000	0.000000e+00
2.368026e+00	1.249921e+02	5.169511e-01	58461.000000	0.000000e+00
2.392423e+00	1.216001e+02	5.004458e-01	59041.000000	0.000000e+00
2.416863e+00	1.199358e+02	4.855460e-01	61015.000000	0.000000e+00
2.441509e+00	1.192072e+02	4.763072e-01	62637.000000	0.000000e+00
2.466080e+00	1.170243e+02	4.656120e-01	63169.000000	0.000000e+00
2.490575e+00	1.152678e+02	4.534975e-01	64605.000000	0.000000e+00
2.515186e+00	1.138251e+02	4.414381e-01	66487.000000	0.000000e+00
2.539777e+00	1.127002e+02	4.352916e-01	67033.000000	0.000000e+00
2.564215e+00	1.111569e+02	4.255140e-01	68241.000000	0.000000e+00
2.588707e+00	1.095335e+02	4.140245e-01	69991.000000	0.000000e+00
2.613337e+00	1.075259e+02	4.021099e-01	71505.000000	0.000000e+00
2.637925e+00	1.069829e+02	3.967530e-01	72709.000000	0.000000e+00
2.662420e+00	1.042912e+02	3.847545e-01	73473.000000	0.000000e+00
2.686963e+00	1.028036e+02	3.734907e-01	75763.000000	0.000000e+00
2.711515e+00	1.022848e+02	3.703905e-01	76261.000000	0.000000e+00
2.735982e+00	1.003133e+02	3.592139e-01	77985.000000	0.000000e+00
2.760573e+00	9.900241e+01	3.500023e-01	80011.000000	0.000000e+00
2.785237e+00	9.722747e+01	3.416035e-01	81009.000000	0.000000e+00
2.809671e+00	9.667008e+01	3.384109e-01	81601.000000	0.000000e+00
2.834151e+00	9.482450e+01	3.270180e-01	84081.000000	0.000000e+00
2.858722e+00	9.352657e+01	3.204939e-01	85159.000000	0.000000e+00
2.883250e+00	9.288729e+01	3.155255e-01	86665.000000	0.000000e+00
2.907819e+00	9.107430e+01	3.064183e-01	88341.000000	0.000000e+00
2.932335e+00	9.011579e+01	3.012592e-01	89479.000000	0.000000e+00
2.956914e+00	8.864031e+01	2.930022e-01	91521.000000	0.000000e+00
2.981449e+00	8.734406e+01	2.873020e-01	92425.000000	0.000000e+00
3.005876e+00	8.653487e+01	2.828798e-01	93579.000000	0.000000e+00
3.030403e+00	8.546333e+01	2.754003e-01	96301.000000	0.000000e+00
3.055041e+00	8.413563e+01	2.692330e-01	97657.000000	0.000000e+00
3.079692e+00	8.311116e+01	2.636219e-01	99393.000000	0.000000e+00
3.104241e+00	8.202925e+01	2.591467e-01	100195.000000	0.000000e+00
3.128710e+00	8.133011e+01	2.550185e-01	101709.000000	0.000000e+00
3.153123e+00	8.029550e+01	2.501660e-01	103021.000000	0.000000e+00
3.177619e+00	7.912685e+01	2.434880e-01	105607.000000	0.000000e+00
3.202185e+00	7.852164e+01	2.402622e-01	106809.000000	0.000000e+00
3.226708e+00	7.714136e+01	2.340703e-01	108613.000000	0.000000e+00
3.251321e+00	7.615999e+01	2.288201e-01	110781.000000	0.000000e+00
3.275882e+00	7.511351e+01	2.248031e-01	111643.000000	0.000000e+00
3.300393e+00	7.446273e+01	2.208682e-01	113661.000000	0.000000e+00
3.324955e+00	7.341014e+01	2.162294e-01	115261.000000	0.000000e+00
3.349528e+00	7.278916e+01	2.123704e-01	117475.000000	0.000000e+00
3.374087e+00	7.193413e+01	2.090640e-01	118389.000000	0.000000e+00
3.398541e+00	7.089531e+01	2.046461e-01	120013.000000	0.000000e+00
3.423011e+00	7.013532e+01	2.008800e-01	121899.000000	0.000000e+00
3.447546e+00	6.902662e+01	1.959300e-01	124117.000000	0.000000e+00
3.472176e+00	6.842748e+01	1.922628e-01	126669.000000	0.000000e+00
3.496772e+00	6.762076e+01	1.897776e-01	126961.000000	0.000000e+00
3.521302e+00	6.692134e+01	1.856814e-01	129895.000000	0.000000e+00
3.545845e+00	6.581087e+01	1.822037e-01	130461.000000	0.000000e+00
3.570351e+00	6.551696e+01	1.794339e-01	133321.000000	0.000000e+00
3.594817e+00	6.440903e+01	1.762001e-01	133623.000000	0.000000e+00
3.619340e+00	6.415076e+01	1.730565e-01	137413.000000	0.000000e+00
3.643921e+00	6.319801e+01	1.699750e-01	138241.000000	0.000000e+00
3.668501e+00	6.232715e+01	1.660075e-01	140961.000000	0.000000e+00
3.693083e+00	6.158120e+01	1.632730e-01	142255.000000	0.000000e+00
3.717636e+00	6.058498e+01	1.595641e-01	144165.000000	0.000000e+00
3.742123e+00	6.026286e+01	1.580570e-01	145369.000000	0.000000e+00
3.766623e+00	5.964056e+01	1.549283e-01	148191.000000	0.000000e+00
3.791211e+00	5.902080e+01	1.522931e-01	150193.000000	0.000000e+00
3.815740e+00	5.818944e+01	1.495102e-01	151477.000000	0.000000e+00
3.840250e+00	5.754628e+01	1.467564e-01	153759.000000	0.000000e+00
3.864816e+00	5.727170e+01	1.449471e-01	156121.000000	0.000000e+00
3.889416e+00	5.669938e+01	1.425395e-01	158229.000000	0.000000e+00
3.913984e+00	5.590340e+01	1.399278e-01	159613.000000	0.000000e+00
3.938439e+00	5.502166e+01	1.371898e-01	160851.000000	0.000000e+00
3.962856e+00	5.461799e+01	1.353038e-01	162949.000000	0.000000e+00
3.987408e+00	5.390922e+01	1.319732e-01	166861.000000	0.000000e+00
4.011951e+00	5.345768e+01	1.308340e-01	166947.000000	0.000000e+00
4.036502e+00	5.293498e+01	1.280818e-01	170809.000000	0.000000e+00
4.061101e+00	5.249572e+01	1.265633e-01	172041.000000	0.000000e+00
4.085632e+00	5.192936e+01	1.245595e-01	173809.000000	0.000000e+00
4.110226e+00	5.150332e+01	1.222894e-01	177375.000000	0.000000e+00
4.134760e+00	5.084198e+01	1.208548e-01	176977.000000	0.000000e+00
4.159247e+00	5.040112e+01	1.185240e-01	180829.000000	0.000000e+00
4.183807e+00	4.969119e+01	1.162918e-01	182583.000000	0.000000e+00
4.208321e+00	4.917530e+01	1.146078e-01	184105.000000	0.000000e+00
4.232839e+00	4.874374e+01	1.126310e-01	187293.000000	0.000000e+00
4.257376e+00	4.844590e+01	1.116345e-01	188329.000000	0.000000e+00
4.281944e+00	4.763162e+01	1.085764e-01	192451.000000	0.000000e+00
4.306505e+00	4.729881e+01	1.077802e-01	192585.000000	0.000000e+00
4.331033e+00	4.665863e+01	1.053597e-01	196117.000000	0.000000e+00
4.355617e+00	4.621720e+01	1.038112e-01	198207.000000	0.000000e+00
4.380161e+00	4.589066e+01	1.027182e-01	199597.000000	0.000000e+00
4.404676e+00	4.562909e+01	1.013837e-01	202557.000000	0.000000e+00
4.429249e+00	4.500184e+01	9.942955e-02	204847.000000	0.000000e+00
4.453772e+00	4.475775e+01	9.853158e-02	206341.000000	0.000000e+00
4.478282e+00	4.410039e+01	9.641485e-02	209217.000000	0.000000e+00
4.502777e+00	4.383220e+01	9.553490e-02	210505.000000	0.000000e+00
4.527289e+00	4.348387e+01	9.393297e-02	214299.000000	0.000000e+00
4.551889e+00	4.277095e+01	9.190831e-02	216565.000000	0.000000e+00
4.576426e+00	4.252889e+01	9.112429e-02	217821.000000	0.000000e+00
4.600893e+00	4.203801e+01	8.959785e-02	220135.000000	0.000000e+00
4.625467e+00	4.158238e+01	8.779905e-02	224305.000000	0.000000e+00
4.650035e+00	4.149029e+01	8.748613e-02	224913.000000	0.000000e+00
4.674541e+00	4.095492e+01	8.582015e-02	227737.000000	0.000000e+00
4.699104e+00	4.034030e+01	8.396307e-02	230835.000000	0.000000e+00
4.723670e+00	4.012910e+01	8.317434e-02	232777.000000	0.000000e+00
4.748182e+00	3.982568e+01	8.226253e-02	234381.000000	0.000000e+00
4.772682e+00	3.944429e+01	8.091158e-02	237655.000000	0.000000e+00
4.797203e+00	3.909671e+01	7.991963e-02	239317.000000	0.000000e+00
4.821755e+00	3.872517e+01	7.847130e-02	243537.000000	0.000000e+00
4.846361e+00	3.846162e+01	7.766823e-02	245227.000000	0.000000e+00
4.870915e+00	3.797542e+01	7.636911e-02	247269.000000	0.000000e+00
4.895426e+00	3.772877e+01	7.551420e-02	249625.000000	0.000000e+00
4.919952e+00	3.753771e+01	7.472695e-02	252337.000000	0.000000e+00
4.944496e+00	3.705701e+01	7.333508e-02	255339.000000	0.000000e+00
4.969013e+00	3.666985e+01	7.240943e-02	256465.000000	0.000000e+00
4.993562e+00	3.643891e+01	7.128827e-02	261273.000000	0.000000e+00
5.018138e+00	3.608110e+01	7.045436e-02	262267.000000	0.000000e+00
5.042642e+00	3.575215e+01	6.949295e-02	264681.000000	0.000000e+00
5.067215e+00	3.532127e+01	6.809078e-02	269089.000000	0.000000e+00
5.091775e+00	3.521799e+01	6.785842e-02	269353.000000	0.000000e+00
5.116309e+00	3.493918e+01	6.674360e-02	274035.000000	0.000000e+00
5.140838e+00	3.457206e+01	6.601364e-02	274273.000000	0.000000e+00
5.165333e+00	3.434365e+01	6.507597e-02	278517.000000	0.000000e+00
5.189818e+00	3.408788e+01	6.448467e-02	279439.000000	0.000000e+00
5.214351e+00	3.371496e+01	6.318085e-02	284757.000000	0.000000e+00
5.238947e+00	3.354185e+01	6.267534e-02	286405.000000	0.000000e+00
5.263479e+00	3.315914e+01	6.173239e-02	288523.000000	0.000000e+00
5.288002e+00	3.290339e+01	6.092625e-02	291657.000000	0.000000e+00
5.312546e+00	3.252318e+01	5.994376e-02	294373.000000	0.000000e+00
5.337121e+00	3.240385e+01	5.937671e-02	297825.000000	0.000000e+00
5.361672e+00	3.214174e+01	5.874414e-02	299371.000000	0.000000e+00
5.386196e+00	3.185923e+01	5.791506e-02	302613.000000	0.000000e+00
5.410715e+00	3.162620e+01	5.730052e-02	304633.000000	0.000000e+00
5.435244e+00	3.132422e+01	5.639411e-02	308527.000000	0.000000e+00
5.459823e+00	3.101319e+01	5.557946e-02	311361.000000	0.000000e+00
5.484389e+00	3.083653e+01	5.502130e-02	314101.000000	0.000000e+00
5.508889e+00	3.059925e+01	5.454101e-02	314757.000000	0.000000e+00
5.533464e+00	3.035057e+01	5.347465e-02	322135.000000	0.000000e+00
5.558036e+00	3.010833e+01	5.321412e-02	320125.000000	0.000000e+00
5.582484e+00	2.980550e+01	5.230992e-02	324657.000000	0.000000e+00
5.606956e+00	2.952407e+01	5.167500e-02	326431.000000	0.000000e+00
5.631560e+00	2.937230e+01	5.085329e-02	333609.000000	0.000000e+00
5.656168e+00	2.908658e+01	5.040457e-02	333001.000000	0.000000e+00
5.680698e+00	2.885996e+01	4.973601e-02	336705.000000	0.000000e+00
5.705204e+00	2.866910e+01	4.928006e-02	338443.000000	0.000000e+00
5.729704e+00	2.855754e+01	4.881944e-02	342181.000000	0.000000e+00
5.754232e+00	2.816588e+01	4.794215e-02	345153.000000	0.000000e+00
5.778772e+00	2.792494e+01	4.729517e-02	348619.000000	0.000000e+00
5.803342e+00	2.771286e+01	4.674795e-02	351429.000000	0.000000e+00
5.827902e+00	2.747659e+01	4.613460e-02	354709.000000	0.000000e+00
5.852409e+00	2.735485e+01	4.585875e-02	355815.000000	0.000000e+00
5.876957e+00	2.716182e+01	4.516213e-02	361717.000000	0.000000e+00
5.901534e+00	2.696961e+01	4.477279e-02	362845.000000	0.000000e+00
5.926030e+00	2.674701e+01	4.426099e-02	365181.000000	0.000000e+00
5.950548e+00	2.665476e+01	4.382922e-02	369847.000000	0.000000e+00
5.975137e+00	2.631844e+01	4.308360e-02	373161.000000	0.000000e+00
5.999657e+00	2.609033e+01	4.266881e-02	373885.000000	0.000000e+00
6.024161e+00	2.601243e+01	4.225409e-02	378987.000000	0.000000e+00
6.048714e+00	2.578983e+01	4.176651e-02	381277.000000	0.000000e+00
6.073267e+00	2.563111e+01	4.128271e-02	385477.000000	0.000000e+00
6.097868e+00	2.540281e+01	4.073741e-02	388845.000000	0.000000e+00
6.122369e+00	2.521047e+01	4.044093e-02	388615.000000	0.000000e+00
6.146867e+00	2.499853e+01	3.977125e-02	395085.000000	0.000000e+00
6.171452e+00	2.490563e+01	3.950882e-02	397381.000000	0.000000e+00
6.195974e+00	2.466513e+01	3.900529e-02	399871.000000	0.000000e+00
6.220444e+00	2.447908e+01	3.863279e-02	401493.000000	0.000000e+00
6.244986e+00	2.438071e+01	3.812573e-02	408937.000000	0.000000e+00
6.269588e+00	2.406649e+01	3.759512e-02	409791.000000	0.000000e+00
6.294124e+00	2.391344e+01	3.720987e-02	413017.000000	0.000000e+00
6.318633e+00	2.377535e+01	3.687270e-02	415761.000000	0.000000e+00
6.343202e+00	2.359517e+01	3.637070e-02	420865.000000	0.000000e+00
6.367770e+00	2.344195e+01	3.605315e-02	422767.000000	0.000000e+00
6.392288e+00	2.329902e+01	3.572138e-02	425421.000000	0.000000e+00
6.416837e+00	2.312675e+01	3.524646e-02	430525.000000	0.000000e+00
6.441383e+00	2.295766e+01	3.493953e-02	431739.000000	0.000000e+00
6.465913e+00	2.280080e+01	3.451004e-02	436525.000000	0.000000e+00
6.490433e+00	2.270738e+01	3.429676e-02	438357.000000	0.000000e+00
6.514946e+00	2.244531e+01	3.374640e-02	442381.000000	0.000000e+00
6.539518e+00	2.234087e+01	3.339449e-02	447559.000000	0.000000e+00
6.564059e+00	2.214000e+01	3.308751e-02	447741.000000	0.000000e+00
6.588587e+00	2.204697e+01	3.272587e-02	453853.000000	0.000000e+00
6.613110e+00	2.183956e+01	3.239738e-02	454431.000000	0.000000e+00
6.637622e+00	2.171004e+01	3.201107e-02	459961.000000	0.000000e+00
6.662172e+00	2.151988e+01	3.163427e-02	462769.000000	0.000000e+00
6.686693e+00	2.139257e+01	3.134601e-02	465759.000000	0.000000e+00
6.711227e+00	2.123722e+01	3.097909e-02	469957.000000	0.000000e+00
6.735777e+00	2.107324e+01	3.062527e-02	473481.000000	0.000000e+00
6.760323e+00	2.098008e+01	3.040128e-02	476245.000000	0.000000e+00
6.784855e+00	2.079899e+01	3.001129e-02	480303.000000	0.000000e+00
6.809427e+00	2.070978e+01	2.975061e-02	484573.000000	0.000000e+00
6.833979e+00	2.060933e+01	2.954783e-02	486493.000000	0.000000e+00
6.858503e+00	2.045849e+01	2.920822e-02	490611.000000	0.000000e+00
6.883055e+00	2.032229e+01	2.890620e-02	494269.000000	0.000000e+00
6.907584e+00	2.016388e+01	2.859400e-02	497277.000000	0.000000e+00
6.932134e+00	2.007334e+01	2.834028e-02	501685.000000	0.000000e+00
6.956669e+00	1.985970e+01	2.797043e-02	504135.000000	0.000000e+00
6.981221e+00	1.974239e+01	2.766798e-02	509149.000000	0.000000e+00
7.005753e+00	1.961668e+01	2.745203e-02	510625.000000	0.000000e+00
7.030233e+00	1.945981e+01	2.713126e-02	514443.000000	0.000000e+00
7.054782e+00	1.941194e+01	2.691866e-02	520033.000000	0.000000e+00
7.079343e+00	1.927478e+01	2.665792e-02	522789.000000	0.000000e+00
7.103883e+00	1.910657e+01	2.634427e-02	526009.000000	0.000000e+00
7.128424e+00	1.901171e+01	2.610290e-02	530475.000000	0.000000e+00
7.152965e+00	1.889862e+01	2.588626e-02	532993.000000	0.000000e+00
7.177501e+00	1.873184e+01	2.554932e-02	537529.000000	0.000000e+00
7.202013e+00	1.862579e+01	2.535375e-02	539691.000000	0.000000e+00
7.226577e+00	1.850970e+01	2.503513e-02	546637.000000	0.000000e+00
7.251125e+00	1.842444e+01	2.491252e-02	546957.000000	0.000000e+00
7.275651e+00	1.833496e+01	2.466340e-02	552655.000000	0.000000e+00
7.300226e+00	1.816689e+01	2.434878e-02	556681.000000	0.000000e+00
7.324759e+00	1.808697e+01	2.420214e-02	558501.000000	0.000000e+00
7.349299e+00	1.792181e+01	2.385987e-02	564193.000000	0.000000e+00
7.373825e+00	1.783283e+01	2.371289e-02	565551.000000	0.000000e+00
7.398312e+00	1.770144e+01	2.344957e-02	569833.000000	0.000000e+00
7.422892e+00	1.766398e+01	2.324632e-02	577389.000000	0.000000e+00
7.447442e+00	1.744570e+01	2.298013e-02	576331.000000	0.000000e+00
7.471956e+00	1.739766e+01	2.278827e-02	582853.000000	0.000000e+00
7.496499e+00	1.726407e+01	2.255446e-02	585897.000000	0.000000e+00
7.521014e+00	1.720925e+01	2.243046e-02	588637.000000	0.000000e+00
7.545557e+00	1.707786e+01	2.213520e-02	595251.000000	0.000000e+00
7.570086e+00	1.695186e+01	2.196085e-02	595849.000000	0.000000e+00
7.594613e+00	1.686834e+01	2.173616e-02	602253.000000	0.000000e+00
7.619172e+00	1.671165e+01	2.147000e-02	605863.000000	0.000000e+00
7.643756e+00	1.666856e+01	2.132665e-02	610873.000000	0.000000e+00
7.668263e+00	1.657126e+01	2.121119e-02	610353.000000	0.000000e+00
7.692777e+00	1.648638e+01	2.096129e-02	618607.000000	0.000000e+00
7.717371e+00	1.637539e+01	2.076021e-02	622185.000000	0.000000e+00
7.741929e+00	1.627935e+01	2.058803e-02	625237.000000	0.000000e+00
7.766457e+00	1.617415e+01	2.040946e-02	628029.000000	0.000000e+00
7.790953e+00	1.608221e+01	2.023000e-02	631975.000000	0.000000e+00
7.815489e+00	1.597894e+01	2.001240e-02	637525.000000	0.000000e+00
7.840050e+00	1.588341e+01	1.982632e-02	641805.000000	0.000000e+00
7.864588e+00	1.578954e+01	1.967060e-02	644323.000000	0.000000e+00
7.889126e+00	1.568769e+01	1.946734e-02	649389.000000	0.000000e+00
7.913643e+00	1.560571e+01	1.933110e-02	651709.000000	0.000000e+00
7.938181e+00	1.550303e+01	1.910740e-02	658309.000000	0.000000e+00
7.962760e+00	1.546564e+01	1.899940e-02	662607.000000	0.000000e+00
7.987311e+00	1.533560e+01	1.881652e-02	664237.000000	0.000000e+00
8.011811e+00	1.518977e+01	1.858267e-02	668169.000000	0.000000e+00
8.036325e+00	1.517000e+01	1.848331e-02	673615.000000	0.000000e+00
8.060868e+00	1.504367e+01	1.827475e-02	677649.000000	0.000000e+00
8.085446e+00	1.499314e+01	1.813003e-02	683893.000000	0.000000e+00
8.109989e+00	1.489920e+01	1.801628e-02	683905.000000	0.000000e+00
8.134471e+00	1.482577e+01	1.786300e-02	688851.000000	0.000000e+00
8.159038e+00	1.471045e+01	1.761777e-02	697189.000000	0.000000e+00
8.183598e+00	1.464863e+01	1.755556e-02	696249.000000	0.000000e+00
8.208073e+00	1.459045e+01	1.742157e-02	701395.000000	0.000000e+00
8.232590e+00	1.451890e+01	1.727343e-02	706497.000000	0.000000e+00
8.257144e+00	1.441156e+01	1.707592e-02	712285.000000	0.000000e+00
8.281710e+00	1.431277e+01	1.691879e-02	715663.000000	0.000000e+00
8.306271e+00	1.423271e+01	1.677275e-02	720057.000000	0.000000e+00
8.330826e+00	1.418820e+01	1.666796e-02	724585.000000	0.000000e+00
8.355374e+00	1.408942e+01	1.652148e-02	727257.000000	0.000000e+00
8.379901e+00	1.401579e+01	1.637396e-02	732703.000000	0.000000e+00
8.404418e+00	1.393938e+01	1.626111e-02	734829.000000	0.000000e+00
8.428928e+00	1.384152e+01	1.608295e-02	740689.000000	0.000000e+00
8.453504e+00	1.373446e+01	1.588060e-02	747979.000000	0.000000e+00
8.478051e+00	1.369278e+01	1.584306e-02	746973.000000	0.000000e+00
8.502580e+00	1.362768e+01	1.566971e-02	756349.000000	0.000000e+00
8.527138e+00	1.357456e+01	1.560569e-02	756633.000000	0.000000e+00
8.551634e+00	1.348033e+01	1.544676e-02	761599.000000	0.000000e+00
8.576156e+00	1.340863e+01	1.530868e-02	767173.000000	0.000000e+00
8.600697e+00	1.333198e+01	1.518077e-02	771261.000000	0.000000e+00
8.625259e+00	1.326014e+01	1.503793e-02	777535.000000	0.000000e+00
8.649836e+00	1.318215e+01	1.491979e-02	780633.000000	0.000000e+00
8.674376e+00	1.311125e+01	1.480077e-02	784729.000000	0.000000e+00
8.698927e+00	1.305175e+01	1.468672e-02	789747.000000	0.000000e+00
8.723450e+00	1.298487e+01	1.459165e-02	791893.000000	0.000000e+00
8.747957e+00	1.289244e+01	1.443516e-02	797677.000000	0.000000e+00
8.772521e+00	1.283777e+01	1.431350e-02	804429.000000	0.000000e+00
8.797047e+00	1.274665e+01	1.421096e-02	804535.000000	0.000000e+00
8.821541e+00	1.270289e+01	1.410682e-02	810861.000000	0.000000e+00
8.846076e+00	1.264512e+01	1.399559e-02	816325.000000	0.000000e+00
8.870641e+00	1.259548e+01	1.388908e-02	822399.000000	0.000000e+00
8.895170e+00	1.254522e+01	1.383276e-02	822505.000000	0.000000e+00
8.919713e+00	1.242974e+01	1.362163e-02	832657.000000	0.000000e+00
8.944263e+00	1.239980e+01	1.359531e-02	831861.000000	0.000000e+00
8.968772e+00	1.232344e+01	1.345130e-02	839335.000000	0.000000e+00
8.993334e+00	1.225703e+01	1.333625e-02	844701.000000	0.000000e+00
9.017895e+00	1.220206e+01	1.325102e-02	847945.000000	0.000000e+00
9.042430e+00	1.214475e+01	1.315030e-02	852915.000000	0.000000e+00
9.066970e+00	1.206483e+01	1.303420e-02	856789.000000	0.000000e+00
9.091538e+00	1.203339e+01	1.293912e-02	864901.000000	0.000000e+00
9.116063e+00	1.195794e+01	1.287621e-02	862455.000000	0.000000e+00
9.140573e+00	1.187339e+01	1.270422e-02	873481.000000	0.000000e+00
9.165140e+00	1.185854e+01	1.267122e-02	875841.000000	0.000000e+00
9.189653e+00	1.176782e+01	1.255346e-02	878749.000000	0.000000e+00
9.214176e+00	1.170287e+01	1.242943e-02	886507.000000	0.000000e+00
9.238722e+00	1.164954e+01	1.235448e-02	889137.000000	0.000000e+00
9.263252e+00	1.161104e+01	1.227179e-02	895213.000000	0.000000e+00
9.287810e+00	1.154296e+01	1.216287e-02	900663.000000	0.000000e+00
9.312363e+00	1.148279e+01	1.207537e-02	904261.000000	0.000000e+00
9.336898e+00	1.144035e+01	1.199857e-02	909117.000000	0.000000e+00
9.361428e+00	1.139424e+01	1.192518e-02	912937.000000	0.000000e+00
9.385969e+00	1.132700e+01	1.180914e-02	920011.000000	0.000000e+00
9.410496e+00	1.126330e+01	1.173484e-02	921249.000000	0.000000e+00
9.435027e+00	1.121582e+01	1.163011e-02	930025.000000	0.000000e+00
9.459577e+00	1.116362e+01	1.156180e-02	932307.000000	0.000000e+00
9.484080e+00	1.111958e+01	1.149404e-02	935905.000000	0.000000e+00
9.508599e+00	1.106126e+01	1.138541e-02	943869.000000	0.000000e+00
9.533177e+00	1.103698e+01	1.132689e-02	949465.000000	0.000000e+00
9.557740e+00	1.096764e+01	1.123583e-02	952831.000000	0.000000e+00
9.582283e+00	1.092467e+01	1.116350e-02	957669.000000	0.000000e+00
9.606825e+00	1.085882e+01	1.106876e-02	962425.000000	0.000000e+00
9.631356e+00	1.082311e+01	1.100617e-02	967011.000000	0.000000e+00
9.655881e+00	1.076659e+01	1.092434e-02	971329.000000	0.000000e+00
9.680426e+00	1.071206e+01	1.082769e-02	978757.000000	0.000000e+00
9.704942e+00	1.067238e+01	1.078670e-02	978915.000000	0.000000e+00
9.729497e+00	1.060714e+01	1.065211e-02	991573.000000	0.000000e+00
9.754046e+00	1.057158e+01	1.063007e-02	989025.000000	0.000000e+00
9.778535e+00	1.050212e+01	1.052483e-02	995689.000000	0.000000e+00
9.803103e+00	1.046465e+01	1.043129e-02	1006407.000000	0.000000e+00
9.827649e+00	1.042776e+01	1.041061e-02	1003297.000000	0.000000e+00
9.852180e+00	1.037686e+01	1.029699e-02	1015573.000000	0.000000e+00
9.876731e+00	1.033400e+01	1.025657e-02	1015155.000000	0.000000e+00
9.901284e+00	1.027643e+01	1.014972e-02	1025125.000000	0.000000e+00
9.925835e+00	1.023077e+01	1.009921e-02	1026225.000000	0.000000e+00
9.950350e+00	1.018256e+01	1.002642e-02	1031389.000000	0.000000e+00
9.974902e+00	1.014412e+01	9.946869e-03	1040055.000000	0.000000e+00
9.999429e+00	1.010456e+01	9.913172e-03	1038985.000000	0.000000e+00
1.002392e+01	1.005081e+01	9.819469e-03	1047673.000000	0.000000e+00
1.004849e+01	1.003804e+01	9.770742e-03	1055463.000000	0.000000e+00
1.007303e+01	9.988511e+00	9.719279e-03	1056169.000000	0.000000e+00
1.009756e+01	9.933515e+00	9.627899e-03	1064493.000000	0.000000e+00
1.012209e+01	9.893653e+00	9.579774e-03	1066603.000000	0.000000e+00
1.014664e+01	9.857513e+00	9.501841e-03	1076265.000000	0.000000e+00
1.017120e+01	9.811822e+00	9.448515e-03	1078381.000000	0.000000e+00
1.019572e+01	9.765375e+00	9.386204e-03	1082425.000000	0.000000e+00
1.022025e+01	9.740407e+00	9.327671e-03	1090455.000000	0.000000e+00
1.024479e+01	9.703392e+00	9.279477e-03	1093453.000000	0.000000e+00
1.026933e+01	9.651240e+00	9.200687e-03	1100337.000000	0.000000e+00
1.029386e+01	9.612111e+00	9.147147e-03	1104247.000000	0.000000e+00
1.031842e+01	9.574118e+00	9.078567e-03	1112149.000000	0.000000e+00
1.034296e+01	9.548758e+00	9.043516e-03	1114857.000000	0.000000e+00
1.036749e+01	9.519064e+00	8.994538e-03	1120033.000000	0.000000e+00
1.039203e+01	9.474939e+00	8.922584e-03	1127643.000000	0.000000e+00
1.041655e+01	9.445229e+00	8.891869e-03	1128337.000000	0.000000e+00
1.044111e+01	9.398066e+00	8.795813e-03	1141629.000000	0.000000e+00
1.046570e+01	9.358373e+00	8.756693e-03	1142143.000000	0.000000e+00
1.049021e+01	9.313183e+00	8.704012e-03	1144873.000000	0.000000e+00
1.051473e+01	9.281531e+00	8.639427e-03	1154169.000000	0.000000e+00
1.053925e+01	9.256590e+00	8.613040e-03	1155019.000000	0.000000e+00
1.056380e+01	9.219284e+00	8.529981e-03	1168149.000000	0.000000e+00
1.058835e+01	9.190936e+00	8.509247e-03	1166641.000000	0.000000e+00
1.061283e+01	9.142118e+00	8.449043e-03	1170789.000000	0.000000e+00
1.063739e+01	9.116626e+00	8.372242e-03	1185727.000000	0.000000e+00
1.066197e+01	9.082434e+00	8.346694e-03	1184065.000000	0.000000e+00
1.068650e+01	9.064513e+00	8.304315e-03	1191465.000000	0.000000e+00
1.071103e+01	9.015483e+00	8.248902e-03	1194499.000000	0.000000e+00
1.073555e+01	8.988910e+00	8.199127e-03	1201929.000000	0.000000e+00
1.076011e+01	8.965029e+00	8.151653e-03	1209517.000000	0.000000e+00
1.078466e+01	8.936154e+00	8.115635e-03	1212429.000000	0.000000e+00
1.080918e+01	8.900899e+00	8.068783e-03	1216891.000000	0.000000e+00
1.083370e+01	8.862957e+00	8.015264e-03	1222705.000000	0.000000e+00
1.085823e+01	8.839304e+00	7.967966e-03	1230669.000000	0.000000e+00
1.088282e+01	8.798267e+00	7.903668e-03	1239187.000000	0.000000e+00
1.090737e+01	8.785753e+00	7.897125e-03	1237713.000000	0.000000e+00
1.093189e+01	8.738345e+00	7.825984e-03	1246753.000000	0.000000e+00
1.095642e+01	8.717879e+00	7.796744e-03	1250245.000000	0.000000e+00
1.098096e+01	8.697912e+00	7.748375e-03	1260111.000000	0.000000e+00
1.100552e+01	8.669097e+00	7.717091e-03	1261945.000000	0.000000e+00
1.103005e+01	8.630261e+00	7.662159e-03	1268661.000000	0.000000e+00
1.105458e+01	8.608350e+00	7.626426e-03	1274083.000000	0.000000e+00
1.107911e+01	8.582070e+00	7.587290e-03	1279413.000000	0.000000e+00
1.110366e+01	8.558268e+00	7.542643e-03	1287433.000000	0.000000e+00
1.112821e+01	8.532303e+00	7.508971e-03	1291135.000000	0.000000e+00
1.115273e+01	8.498394e+00	7.466401e-03	1295541.000000	0.000000e+00
1.117726e+01	8.484298e+00	7.432830e-03	1302937.000000	0.000000e+00
1.120181e+01	8.454397e+00	7.387653e-03	1309641.000000	0.000000e+00
1.122634e+01	8.430466e+00	7.358997e-03	1312399.000000	0.000000e+00
1.125085e+01	8.431102e+00	7.341645e-03	1318809.000000	0.000000e+00
1.127541e+01	8.381323e+00	7.268652e-03	1329589.000000	0.000000e+00
1.129999e+01	8.370072e+00	7.253087e-03	1331719.000000	0.000000e+00
1.132451e+01	8.355319e+00	7.230791e-03	1335225.000000	0.000000e+00
1.134903e+01	8.328424e+00	7.184780e-03	1343689.000000	0.000000e+00
1.137357e+01	8.313039e+00	7.159571e-03	1348173.000000	0.000000e+00
1.139811e+01	8.296593e+00	7.124106e-03	1356247.000000	0.000000e+00
1.142265e+01	8.265682e+00	7.090661e-03	1358889.000000	0.000000e+00
1.144718e+01	8.258056e+00	7.062500e-03	1367221.000000	0.000000e+00
1.147174e+01	8.230528e+00	7.021462e-03	1374043.000000	0.000000e+00
1.149628e+01	8.208281e+00	6.994267e-03	1377273.000000	0.000000e+00
1.152079e+01	8.198630e+00	6.975587e-03	1381405.000000	0.000000e+00
1.154533e+01	8.168175e+00	6.920635e-03	1393023.000000	0.000000e+00
1.156988e+01	8.151440e+00	6.904290e-03	1393897.000000	0.000000e+00
1.159441e+01	8.144313e+00	6.876031e-03	1402921.000000	0.000000e+00
1.161895e+01	8.111055e+00	6.836306e-03	1407705.000000	0.000000e+00
1.164349e+01	8.100088e+00	6.811409e-03	1414183.000000	0.000000e+00
1.166804e+01	8.084738e+00	6.785066e-03	1419789.000000	0.000000e+00
1.169259e+01	8.069872e+00	6.754649e-03	1427341.000000	0.000000e+00
1.171712e+01	8.064751e+00	6.746728e-03	1428879.000000	0.000000e+00
1.174164e+01	8.018773e+00	6.686377e-03	1438249.000000	0.000000e+00
1.176619e+01	8.033211e+00	6.681907e-03	1445365.000000	0.000000e+00
1.179072e+01	8.001782e+00	6.652875e-03	1446621.000000	0.000000e+00
1.181525e+01	7.990753e+00	6.618993e-03	1457443.000000	0.000000e+00
1.183979e+01	7.975170e+00	6.597910e-03	1461057.000000	0.000000e+00
1.186435e+01	7.965889e+00	6.570045e-03	1470049.000000	0.000000e+00
1.188889e+01	7.960665e+00	6.558241e-03	1473411.000000	0.000000e+00
1.191343e+01	7.948286e+00	6.533643e-03	1479913.000000	0.000000e+00
1.193797e+01	7.949234e+00	6.519294e-03	1486789.000000	0.000000e+00
1.196251e+01	7.924600e+00	6.488413e-03	1491687.000000	0.000000e+00
1.198703e+01	7.913734e+00	6.467721e-03	1497133.000000	0.000000e+00
1.201156e+01	7.901685e+00	6.440843e-03	1505061.000000	0.000000e+00
1.203612e+01	7.902684e+00	6.427953e-03	1511485.000000	0.000000e+00
1.206065e+01	7.881920e+00	6.402678e-03	1515447.000000	0.000000e+00
1.208515e+01	7.882257e+00	6.393722e-03	1519825.000000	0.000000e+00
1.210971e+01	7.867777e+00	6.348904e-03	1535701.000000	0.000000e+00
1.213428e+01	7.865733e+00	6.354802e-03	1532055.000000	0.000000e+00
1.215881e+01	7.852065e+00	6.317003e-03	1545061.000000	0.000000e+00
1.218336e+01	7.840967e+00	6.306956e-03	1545609.000000	0.000000e+00
1.220787e+01	7.848440e+00	6.299061e-03	1552441.000000	0.000000e+00
1.223242e+01	7.844384e+00	6.272780e-03	1563859.000000	0.000000e+00
1.225696e+01	7.839982e+00	6.269833e-03	1563573.000000	0.000000e+00
1.228148e+01	7.838553e+00	6.248645e-03	1573621.000000	0.000000e+00
1.230602e+01	7.838098e+00	6.238248e-03	1578687.000000	0.000000e+00
1.233056e+01	7.831199e+00	6.219115e-03	1585621.000000	0.000000e+00
1.235512e+01	7.830722e+00	6.199980e-03	1595229.000000	0.000000e+00
1.237965e+01	7.820498e+00	6.195560e-03	1593337.000000	0.000000e+00
1.240419e+01	7.821023e+00	6.164314e-03	1609747.000000	0.000000e+00
1.242874e+01	7.821799e+00	6.169937e-03	1607133.000000	0.000000e+00
1.245325e+01	7.826279e+00	6.155953e-03	1616293.000000	0.000000e+00
1.247780e+01	7.818991e+00	6.128799e-03	1627611.000000	0.000000e+00
1.250235e+01	7.832039e+00	6.141227e-03	1626445.000000	0.000000e+00
1.252688e+01	7.833357e+00	6.118569e-03	1639065.000000	0.000000e+00
1.255143e+01	7.839363e+00	6.118472e-03	1641631.000000	0.000000e+00
1.257596e+01	7.839849e+00	6.112379e-03	1645109.500000	0.000000e+00
1.260049e+01	7.809867e+00	6.094295e-03	1642254.000000	0.000000e+00
1.262503e+01	7.786337e+00	6.081717e-03	1639132.000000	0.000000e+00
1.264958e+01	7.764832e+00	6.069028e-03	1636914.000000	0.000000e+00
1.267411e+01	7.740896e+00	6.061866e-03	1630684.000000	0.000000e+00
1.269864e+01	7.707714e+00	6.039515e-03	1628722.000000	0.000000e+00
1.272316e+01	7.681510e+00	6.026944e-03	1624422.000000	0.000000e+00
1.274773e+01	7.670416e+00	6.012971e-03	1627270.000000	0.000000e+00
1.277225e+01	7.646398e+00	6.022205e-03	1612140.000000	0.000000e+00
1.279677e+01	7.623091e+00	5.990046e-03	1619578.000000	0.000000e+00
1.282133e+01	7.608665e+00	5.996450e-03	1610010.000000	0.000000e+00
1.284587e+01	7.582341e+00	5.974416e-03	1610704.000000	0.000000e+00
1.287043e+01	7.557711e+00	5.965095e-03	1605262.000000	0.000000e+00
1.289495e+01	7.537389e+00	5.960022e-03	1599360.000000	0.000000e+00
1.291951e+01	7.528026e+00	5.947837e-03	1601932.000000	0.000000e+00
1.294403e+01	7.501255e+00	5.951533e-03	1588584.000000	0.000000e+00
1.296853e+01	7.487905e+00	5.935209e-03	1591654.000000	0.000000e+00
1.299309e+01	7.453787e+00	5.913045e-03	1589028.000000	0.000000e+00
1.301763e+01	7.432374e+00	5.910486e-03	1581280.000000	0.000000e+00
1.304217e+01	7.411927e+00	5.894662e-03	1581046.000000	0.000000e+00
1.306670e+01	7.405383e+00	5.900840e-03	1574952.000000	0.000000e+00
1.309123e+01	7.396557e+00	5.900356e-03	1571458.000000	0.000000e+00
1.311579e+01	7.371316e+00	5.880700e-03	1571202.000000	0.000000e+00
1.314034e+01	7.360699e+00	5.884809e-03	1564492.000000	0.000000e+00
1.316488e+01	7.335754e+00	5.872141e-03	1560618.000000	0.000000e+00
1.318940e+01	7.305392e+00	5.856628e-03	1555936.000000	0.000000e+00
1.321393e+01	7.303574e+00	5.862058e-03	1552282.000000	0.000000e+00
1.323848e+01	7.270423e+00	5.836327e-03	1551816.000000	0.000000e+00
1.326302e+01	7.258012e+00	5.843325e-03	1542820.000000	0.000000e+00
1.328757e+01	7.241197e+00	5.826714e-03	1544448.000000	0.000000e+00
1.331210e+01	7.225445e+00	5.832516e-03	1534678.000000	0.000000e+00
1.333662e+01	7.189592e+00	5.806220e-03	1533280.000000	0.000000e+00
1.336117e+01	7.182908e+00	5.804988e-03	1531080.000000	0.000000e+00
1.338570e+01	7.162599e+00	5.803701e-03	1523110.000000	0.000000e+00
1.341022e+01	7.146051e+00	5.793850e-03	1521240.000000	0.000000e+00
1.343476e+01	7.128716e+00	5.788103e-03	1516876.000000	0.000000e+00
1.345932e+01	7.110836e+00	5.776004e-03	1515606.000000	0.000000e+00
1.348389e+01	7.100173e+00	5.775962e-03	1511086.000000	0.000000e+00
1.350843e+01	7.068490e+00	5.766295e-03	1502656.000000	0.000000e+00
1.353293e+01	7.062152e+00	5.768658e-03	1498734.000000	0.000000e+00
1.355748e+01	7.044319e+00	5.754498e-03	1498522.000000	0.000000e+00
1.358203e+01	7.027554e+00	5.753900e-03	1491708.000000	0.000000e+00
1.360658e+01	7.013029e+00	5.746103e-03	1489582.000000	0.000000e+00
1.363111e+01	7.000360e+00	5.752846e-03	1480728.000000	0.000000e+00
1.365563e+01	6.988790e+00	5.743633e-03	1480576.000000	0.000000e+00
1.368019e+01	6.969035e+00	5.736529e-03	1475866.000000	0.000000e+00
1.370473e+01	6.955744e+00	5.737891e-03	1469544.000000	0.000000e+00
1.372924e+01	6.932404e+00	5.729753e-03	1463848.000000	0.000000e+00
1.375380e+01	6.922156e+00	5.714887e-03	1467126.000000	0.000000e+00
1.377836e+01	6.915432e+00	5.733933e-03	1454566.000000	0.000000e+00
1.380287e+01	6.890366e+00	5.718963e-03	1451610.000000	0.000000e+00
1.382737e+01	6.870384e+00	5.713789e-03	1445818.000000	0.000000e+00
1.385191e+01	6.864682e+00	5.708656e-03	1446016.000000	0.000000e+00
1.387648e+01	6.853179e+00	5.710328e-03	1440330.000000	0.000000e+00
1.390103e+01	6.831244e+00	5.700146e-03	1436242.000000	0.000000e+00
1.392557e+01	6.818479e+00	5.705938e-03	1427976.000000	0.000000e+00
1.395012e+01	6.810138e+00	5.697095e-03	1428910.000000	0.000000e+00
1.397464e+01	6.804563e+00	5.719502e-03	1415416.000000	0.000000e+00
1.399917e+01	6.770320e+00	5.680274e-03	1420626.000000	0.000000e+00
1.402372e+01	6.777108e+00	5.710421e-03	1408486.000000	0.000000e+00
1.404824e+01	6.758800e+00	5.697928e-03	1407036.000000	0.000000e+00
1.407278e+01	6.744384e+00	5.695113e-03	1402426.000000	0.000000e+00
1.409731e+01	6.729462e+00	5.696857e-03	1395372.000000	0.000000e+00
1.412183e+01	6.717544e+00	5.692552e-03	1392538.000000	0.000000e+00
1.414639e+01	6.704252e+00	5.685797e-03	1390330.000000	0.000000e+00
1.417094e+01	6.697001e+00	5.699812e-03	1380510.000000	0.000000e+00
1.419546e+01	6.678348e+00	5.686648e-03	1379194.000000	0.000000e+00
1.422001e+01	6.667144e+00	5.691147e-03	1372398.000000	0.000000e+00
1.424455e+01	6.656313e+00	5.688624e-03	1369156.000000	0.000000e+00
1.426908e+01	6.652487e+00	5.702683e-03	1360848.000000	0.000000e+00
1.429362e+01	6.637022e+00	5.689267e-03	1360924.000000	0.000000e+00
1.431818e+01	6.625924e+00	5.697465e-03	1352476.000000	0.000000e+00
1.434273e+01	6.621096e+00	5.699241e-03	1349664.000000	0.000000e+00
1.436724e+01	6.614951e+00	5.717029e-03	1338790.000000	0.000000e+00
1.439177e+01	6.605661e+00	5.701909e-03	1342122.000000	0.000000e+00
1.441633e+01	6.588199e+00	5.710105e-03	1331206.000000	0.000000e+00
1.444087e+01	6.574121e+00	5.702579e-03	1329024.000000	0.000000e+00
1.446541e+01	6.574317e+00	5.718133e-03	1321882.000000	0.000000e+00
1.448996e+01	6.557803e+00	5.709266e-03	1319338.000000	0.000000e+00
1.451448e+01	6.548175e+00	5.723570e-03	1308900.000000	0.000000e+00
1.453902e+01	6.543758e+00	5.717042e-03	1310122.000000	0.000000e+00
1.456356e+01	6.523652e+00	5.721881e-03	1299882.000000	0.000000e+00
1.458809e+01	6.525660e+00	5.731496e-03	1296322.000000	0.000000e+00
1.461262e+01	6.512012e+00	5.728757e-03	1292140.000000	0.000000e+00
1.463716e+01	6.500550e+00	5.735860e-03	1284408.000000	0.000000e+00
1.466171e+01	6.497031e+00	5.735534e-03	1283164.000000	0.000000e+00
1.468625e+01	6.488344e+00	5.749449e-03	1273548.000000	0.000000e+00
1.471078e+01	6.485768e+00	5.755501e-03	1269862.000000	0.000000e+00
1.473534e+01	6.468614e+00	5.746645e-03	1267050.000000	0.000000e+00
1.475987e+01	6.461781e+00	5.767130e-03	1255408.000000	0.000000e+00
1.478439e+01	6.457483e+00	5.763171e-03	1255462.000000	0.000000e+00
1.480894e+01	6.452464e+00	5.778660e-03	1246800.000000	0.000000e+00
1.483348e+01	6.430890e+00	5.765118e-03	1244302.000000	0.000000e+00
1.485802e+01	6.429192e+00	5.784970e-03	1235124.000000	0.000000e+00
1.488256e+01	6.424029e+00	5.785236e-03	1233028.000000	0.000000e+00
1.490708e+01	6.409339e+00	5.796309e-03	1222710.000000	0.000000e+00
1.493162e+01	6.411480e+00	5.799915e-03	1222006.000000	0.000000e+00
1.495618e+01	6.407320e+00	5.811021e-03	1215760.000000	0.000000e+00
1.498071e+01	6.395383e+00	5.821577e-03	1206846.000000	0.000000e+00
1.500525e+01	6.391016e+00	5.823371e-03	1204456.000000	0.000000e+00
1.502980e+01	6.388842e+00	5.837912e-03	1197648.000000	0.000000e+00
1.505434e+01	6.370581e+00	5.838411e-03	1190608.000000	0.000000e+00
1.507886e+01	6.378187e+00	5.856484e-03	1186098.000000	0.000000e+00
1.510342e+01	6.372801e+00	5.863643e-03	1181206.000000	0.000000e+00
1.512796e+01	6.348976e+00	5.862860e-03	1172704.000000	0.000000e+00
1.515246e+01	6.361089e+00	5.887323e-03	1167420.000000	0.000000e+00
1.517700e+01	6.347684e+00	5.885473e-03	1163236.000000	0.000000e+00
1.520157e+01	6.346917e+00	5.895043e-03	1159182.000000	0.000000e+00
1.522611e+01	6.337387e+00	5.915851e-03	1147588.000000	0.000000e+00
1.525063e+01	6.343524e+00	5.925020e-03	1146256.000000	0.000000e+00
1.527518e+01	6.327159e+00	5.931174e-03	1137984.000000	0.000000e+00
1.529972e+01	6.329513e+00	5.946349e-03	1133026.000000	0.000000e+00
1.532424e+01	6.328124e+00	5.965115e-03	1125414.000000	0.000000e+00
1.534877e+01	6.319940e+00	5.969048e-03	1121026.000000	0.000000e+00
1.537332e+01	6.321235e+00	5.985438e-03	1115352.000000	0.000000e+00
1.539786e+01	6.306030e+00	5.991451e-03	1107766.000000	0.000000e+00
1.542240e+01	6.316619e+00	6.012790e-03	1103614.000000	0.000000e+00
1.544694e+01	6.316905e+00	6.035792e-03	1095318.000000	0.000000e+00
1.547149e+01	6.309228e+00	6.040352e-03	1091008.000000	0.000000e+00
1.549603e+01	6.310772e+00	6.061122e-03	1084074.000000	0.000000e+00
1.552054e+01	6.306068e+00	6.084489e-03	1074160.000000	0.000000e+00
1.554506e+01	6.310153e+00	6.091029e-03	1073244.000000	0.000000e+00
1.556963e+01	6.300810e+00	6.101044e-03	1066558.000000	0.000000e+00
1.559418e+01	6.291849e+00	6.117177e-03	1057924.000000	0.000000e+00
1.561873e+01	6.292236e+00	6.128785e-03	1054050.000000	0.000000e+00
1.564327e+01	6.303825e+00	6.168711e-03	1044286.000000	0.000000e+00
1.566780e+01	6.299814e+00	6.172712e-03	1041606.000000	0.000000e+00
1.569233e+01	6.300538e+00	6.205701e-03	1030798.000000	0.000000e+00
1.571685e+01	6.302287e+00	6.217220e-03	1027552.000000	0.000000e+00
1.574141e+01	6.292525e+00	6.226446e-03	1021338.000000	0.000000e+00
1.576595e+01	6.286321e+00	6.244812e-03	1013338.000000	0.000000e+00
1.579049e+01	6.304614e+00	6.278967e-03	1008186.000000	0.000000e+00
1.581502e+01	6.288874e+00	6.290781e-03	999394.000000	0.000000e+00
1.583955e+01	6.308740e+00	6.325531e-03	994698.000000	0.000000e+00
1.586407e+01	6.301802e+00	6.342962e-03	987064.000000	0.000000e+00
1.588861e+01	6.298458e+00	6.359011e-03	981046.000000	0.000000e+00
1.591315e+01	6.304721e+00	6.383801e-03	975378.000000	0.000000e+00
1.593770e+01	6.296662e+00	6.399747e-03	968044.000000	0.000000e+00
1.596225e+01	6.313747e+00	6.438953e-03	961488.000000	0.000000e+00
1.598677e+01	6.322180e+00	6.475217e-03	953290.000000	0.000000e+00
1.601131e+01	6.328656e+00	6.496251e-03	949068.000000	0.000000e+00
1.603586e+01	6.312381e+00	6.507381e-03	940966.000000	0.000000e+00
1.606040e+01	6.327774e+00	6.547404e-03	934036.000000	0.000000e+00
1.608493e+01	6.327920e+00	6.570103e-03	927636.000000	0.000000e+00
1.610947e+01	6.334555e+00	6.604933e-03	919804.000000	0.000000e+00
1.613400e+01	6.344651e+00	6.636483e-03	913986.000000	0.000000e+00
1.615854e+01	6.341359e+00	6.656466e-03	907564.000000	0.000000e+00
1.618310e+01	6.349666e+00	6.691352e-03	900480.000000	0.000000e+00
1.620765e+01	6.360542e+00	6.729281e-03	893410.000000	0.000000e+00
1.623216e+01	6.359616e+00	6.766376e-03	883384.000000	0.000000e+00
1.625669e+01	6.359134e+00	6.775088e-03	880980.000000	0.000000e+00
1.628123e+01	6.376677e+00	6.831648e-03	871240.000000	0.000000e+00
1.630580e+01	6.371839e+00	6.841480e-03	867420.000000	0.000000e+00
1.633036e+01	6.385667e+00	6.895800e-03	857518.000000	0.000000e+00
1.635486e+01	6.396822e+00	6.943917e-03	848632.000000	0.000000e+00
1.637939e+01	6.400450e+00	6.960259e-03	845610.000000	0.000000e+00
1.640395e+01	6.406427e+00	7.005322e-03	836326.000000	0.000000e+00
1.642848e+01	6.411337e+00	7.040317e-03	829302.000000	0.000000e+00
1.645298e+01	6.427233e+00	7.095615e-03	820480.000000	0.000000e+00
1.647753e+01	6.423707e+00	7.106722e-03	817020.000000	0.000000e+00
1.650209e+01	6.425715e+00	7.146869e-03	808372.000000	0.000000e+00
1.652660e+01	6.438560e+00	7.206280e-03	798280.000000	0.000000e+00
1.655114e+01	6.458592e+00	7.240674e-03	795642.000000	0.000000e+00
1.657571e+01	6.443065e+00	7.266226e-03	786262.000000	0.000000e+00
1.660025e+01	6.461893e+00	7.326635e-03	777876.000000	0.000000e+00
1.662478e+01	6.480174e+00	7.373266e-03	772420.000000	0.000000e+00
1.664931e+01	6.474112e+00	7.414491e-03	762426.000000	0.000000e+00
1.667386e+01	6.506045e+00	7.468519e-03	758866.000000	0.000000e+00
1.669842e+01	6.514314e+00	7.530712e-03	748282.000000	0.000000e+00
1.672293e+01	6.509875e+00	7.563264e-03	740844.000000	0.000000e+00
1.674748e+01	6.522896e+00	7.603599e-03	735940.000000	0.000000e+00
1.677204e+01	6.528075e+00	7.662313e-03	725856.000000	0.000000e+00
1.679655e+01	6.550540e+00	7.727177e-03	718642.000000	0.000000e+00
1.682107e+01	6.554453e+00	7.770053e-03	711582.000000	0.000000e+00
1.684563e+01	6.574108e+00	7.830926e-03	704770.000000	0.000000e+00
1.687018e+01	6.579428e+00	7.881505e-03	696880.000000	0.000000e+00
1.689472e+01	6.587909e+00	7.943041e-03	687894.000000	0.000000e+00
1.691924e+01	6.604859e+00	7.999117e-03	681778.000000	0.000000e+00
1.694378e+01	6.614398e+00	8.065679e-03	672510.000000	0.000000e+00
1.696830e+01	6.625738e+00	8.119789e-03	665854.000000	0.000000e+00
1.699283e+01	6.629683e+00	8.175354e-03	657616.000000	0.000000e+00
1.701740e+01	6.637936e+00	8.222096e-03	651780.000000	0.000000e+00
1.704195e+01	6.649603e+00	8.298827e-03	642034.000000	0.000000e+00
1.706646e+01	6.659307e+00	8.369795e-03	633036.000000	0.000000e+00
1.709097e+01	6.690032e+00	8.443914e-03	627724.000000	0.000000e+00
1.711553e+01	6.696648e+00	8.509997e-03	619236.000000	0.000000e+00
1.714008e+01	6.706038e+00	8.580507e-03	610810.000000	0.000000e+00
1.716463e+01	6.708454e+00	8.626412e-03	604762.000000	0.000000e+00
1.718918e+01	6.717476e+00	8.717718e-03	593754.000000	0.000000e+00
1.721369e+01	6.752271e+00	8.807503e-03	587752.000000	0.000000e+00
1.723823e+01	6.724579e+00	8.838983e-03	578796.000000	0.000000e+00
1.726278e+01	6.762070e+00	8.941456e-03	571930.000000	0.000000e+00
1.728731e+01	6.733028e+00	8.973734e-03	562956.000000	0.000000e+00
1.731188e+01	6.773377e+00	9.082581e-03	556150.000000	0.000000e+00
1.733641e+01	6.768928e+00	9.157793e-03	546334.000000	0.000000e+00
1.736091e+01	6.774168e+00	9.239080e-03	537594.000000	0.000000e+00
1.738543e+01	6.794546e+00	9.312317e-03	532360.000000	0.000000e+00
1.741000e+01	6.790278e+00	9.398472e-03	521988.000000	0.000000e+00
1.743456e+01	6.822112e+00	9.498122e-03	515896.000000	0.000000e+00
1.745909e+01	6.792860e+00	9.555909e-03	505314.000000	0.000000e+00
1.748363e+01	6.800526e+00	9.630328e-03	498658.000000	0.000000e+00
1.750818e+01	6.783449e+00	9.689988e-03	490066.000000	0.000000e+00
1.753269e+01	6.800034e+00	9.815310e-03	479970.000000	0.000000e+00
1.755722e+01	6.804851e+00	9.879382e-03	474436.000000	0.000000e+00
1.758176e+01	6.786826e+00	9.963618e-03	463980.000000	0.000000e+00
1.760629e+01	6.784748e+00	1.003872e-02	456784.000000	0.000000e+00
1.763083e+01	6.812844e+00	1.017448e-02	448366.000000	0.000000e+00
1.765539e+01	6.764423e+00	1.019889e-02	439902.000000	0.000000e+00
1.767993e+01	6.764110e+00	1.030131e-02	431158.000000	0.000000e+00
1.770446e+01	6.772419e+00	1.041568e-02	422778.000000	0.000000e+00
1.772897e+01	6.753009e+00	1.050063e-02	413584.000000	0.000000e+00
1.775351e+01	6.718155e+00	1.053722e-02	406488.000000	0.000000e+00
1.777808e+01	6.682508e+00	1.059576e-02	397754.500000	0.000000e+00
1.780261e+01	6.683895e+00	1.071449e-02	389149.000000	0.000000e+00
1.782713e+01	6.690194e+00	1.082169e-02	382197.000000	0.000000e+00
1.785169e+01	6.660861e+00	1.086804e-02	375628.000000	0.000000e+00
1.787623e+01	6.669338e+00	1.099778e-02	367752.000000	0.000000e+00
1.790076e+01	6.663584e+00	1.107651e-02	361918.000000	0.000000e+00
1.792530e+01	6.643678e+00	1.114840e-02	355134.000000	0.000000e+00
1.794985e+01	6.649332e+00	1.126089e-02	348667.000000	0.000000e+00
1.797440e+01	6.665562e+00	1.138199e-02	342955.000000	0.000000e+00
1.799891e+01	6.642942e+00	1.146487e-02	335724.000000	0.000000e+00
1.802344e+01	6.643183e+00	1.154619e-02	331036.000000	0.000000e+00
1.804802e+01	6.656975e+00	1.166942e-02	325428.000000	0.000000e+00
1.807255e+01	6.648154e+00	1.178460e-02	318253.000000	0.000000e+00
1.809707e+01	6.647779e+00	1.186277e-02	314037.000000	0.000000e+00
1.812164e+01	6.673874e+00	1.202258e-02	308149.000000	0.000000e+00
1.814617e+01	6.635714e+00	1.206978e-02	302257.000000	0.000000e+00
1.817068e+01	6.669904e+00	1.223646e-02	297117.000000	0.000000e+00
1.819523e+01	6.684386e+00	1.235637e-02	292645.000000	0.000000e+00
1.821979e+01	6.685619e+00	1.247860e-02	287046.000000	0.000000e+00
1.824431e+01	6.694472e+00	1.262144e-02	281329.000000	0.000000e+00
1.826883e+01	6.667738e+00	1.266190e-02	277306.000000	0.000000e+00
1.829337e+01	6.693559e+00	1.282955e-02	272202.000000	0.000000e+00
1.831793e+01	6.716925e+00	1.298170e-02	267718.000000	0.000000e+00
1.834250e+01	6.715802e+00	1.309601e-02	262977.000000	0.000000e+00
1.836701e+01	6.714661e+00	1.324334e-02	257071.000000	0.000000e+00
1.839152e+01	6.699292e+00	1.329932e-02	253746.000000	0.000000e+00
1.841609e+01	6.711234e+00	1.344265e-02	249250.000000	0.000000e+00
1.844064e+01	6.745577e+00	1.365115e-02	244174.000000	0.000000e+00
1.846515e+01	6.727644e+00	1.373017e-02	240090.000000	0.000000e+00
1.848971e+01	6.706723e+00	1.380560e-02	235999.000000	0.000000e+00
1.851428e+01	6.747973e+00	1.401618e-02	231786.000000	0.000000e+00
1.853881e+01	6.750318e+00	1.416625e-02	227059.000000	0.000000e+00
1.856328e+01	6.762348e+00	1.434008e-02	222378.000000	0.000000e+00
1.858784e+01	6.777418e+00	1.444310e-02	220195.000000	0.000000e+00
1.861244e+01	6.797112e+00	1.465896e-02	215002.000000	0.000000e+00
1.863693e+01	6.801769e+00	1.482374e-02	210537.000000	0.000000e+00
1.866143e+01	6.802645e+00	1.494199e-02	207271.000000	0.000000e+00
1.868601e+01	6.790228e+00	1.503857e-02	203871.000000	0.000000e+00
1.871055e+01	6.824625e+00	1.528871e-02	199258.000000	0.000000e+00
1.873503e+01	6.873189e+00	1.555152e-02	195331.000000	0.000000e+00
1.875958e+01	6.822821e+00	1.553295e-02	192939.000000	0.000000e+00
1.878417e+01	6.873656e+00	1.583628e-02	188395.000000	0.000000e+00
1.880870e+01	6.882317e+00	1.600180e-02	184983.000000	0.000000e+00
1.883322e+01	6.857365e+00	1.610851e-02	181219.000000	0.000000e+00
1.885775e+01	6.899400e+00	1.635871e-02	177879.000000	0.000000e+00
1.888231e+01	6.903113e+00	1.651902e-02	174631.000000	0.000000e+00
1.890684e+01	6.924187e+00	1.674939e-02	170899.000000	0.000000e+00
1.893134e+01	6.940375e+00	1.696052e-02	167451.000000	0.000000e+00
1.895590e+01	6.935045e+00	1.707937e-02	164875.000000	0.000000e+00
1.898046e+01	6.993551e+00	1.743692e-02	160863.000000	0.000000e+00
1.900495e+01	7.003718e+00	1.764211e-02	157600.000000	0.000000e+00
1.902946e+01	6.965814e+00	1.770170e-02	154851.000000	0.000000e+00
1.905406e+01	7.058409e+00	1.809736e-02	152119.000000	0.000000e+00
1.907863e+01	7.049987e+00	1.830018e-02	148411.000000	0.000000e+00
1.910311e+01	7.068620e+00	1.856682e-02	144942.000000	0.000000e+00
1.912765e+01	7.063814e+00	1.867826e-02	143023.000000	0.000000e+00
1.915226e+01	7.121992e+00	1.905755e-02	139659.000000	0.000000e+00
1.917678e+01	7.148276e+00	1.936640e-02	136240.000000	0.000000e+00
1.920124e+01	7.197901e+00	1.970593e-02	133419.000000	0.000000e+00
1.922581e+01	7.141626e+00	1.970188e-02	131395.000000	0.000000e+00
1.925040e+01	7.212848e+00	2.016651e-02	127924.000000	0.000000e+00
1.927489e+01	7.209905e+00	2.039114e-02	125019.000000	0.000000e+00
1.929941e+01	7.227511e+00	2.062883e-02	122752.000000	0.000000e+00
1.932402e+01	7.291177e+00	2.101920e-02	120327.000000	0.000000e+00
1.934855e+01	7.309951e+00	2.140122e-02	116668.000000	0.000000e+00
1.937298e+01	7.340229e+00	2.171865e-02	114223.000000	0.000000e+00
1.939755e+01	7.329916e+00	2.182538e-02	112791.000000	0.000000e+00
1.942217e+01	7.367722e+00	2.228432e-02	109312.000000	0.000000e+00
1.944667e+01	7.384709e+00	2.258416e-02	106920.000000	0.000000e+00
1.947113e+01	7.441646e+00	2.307501e-02	104005.000000	0.000000e+00
1.949570e+01	7.413119e+00	2.312043e-02	102804.000000	0.000000e+00
1.952032e+01	7.447987e+00	2.359618e-02	99631.000000	0.000000e+00
1.954482e+01	7.499350e+00	2.406557e-02	97108.000000	0.000000e+00
1.956930e+01	7.567303e+00	2.455998e-02	94935.000000	0.000000e+00
1.959391e+01	7.579675e+00	2.483498e-02	93148.000000	0.000000e+00
1.961850e+01	7.600674e+00	2.528674e-02	90348.000000	0.000000e+00
1.964294e+01	7.597902e+00	2.565585e-02	87703.000000	0.000000e+00
1.966740e+01	7.682006e+00	2.618386e-02	86076.000000	0.000000e+00
1.969204e+01	7.687274e+00	2.646069e-02	84400.000000	0.000000e+00
1.971660e+01	7.736956e+00	2.712952e-02	81331.000000	0.000000e+00
1.974103e+01	7.762853e+00	2.754032e-02	79452.000000	0.000000e+00
1.976563e+01	7.847841e+00	2.807100e-02	78160.000000	0.000000e+00
1.979032e+01	7.845487e+00	2.850550e-02	75750.000000	0.000000e+00
1.981482e+01	7.923436e+00	2.929647e-02	73147.000000	0.000000e+00
1.983914e+01	7.918938e+00	2.975867e-02	70812.000000	0.000000e+00
1.986374e+01	7.969982e+00	2.998778e-02	70636.000000	0.000000e+00
1.988844e+01	7.927605e+00	3.049620e-02	67576.000000	0.000000e+00
1.991292e+01	7.975461e+00	3.110885e-02	65727.000000	0.000000e+00
1.993736e+01	8.101909e+00	3.209187e-02	63736.000000	0.000000e+00
1.996197e+01	8.093214e+00	3.232428e-02	62688.000000	0.000000e+00
1.998658e+01	8.129245e+00	3.312023e-02	60244.000000	0.000000e+00
2.001095e+01	8.162494e+00	3.387189e-02	58072.000000	0.000000e+00
2.003547e+01	8.277116e+00	3.453388e-02	57447.000000	0.000000e+00
2.006019e+01	8.343137e+00	3.544979e-02	55390.000000	0.000000e+00
2.008472e+01	8.366460e+00	3.621742e-02	53364.000000	0.000000e+00
2.010903e+01	8.387749e+00	3.704437e-02	51268.000000	0.000000e+00
2.013363e+01	8.445177e+00	3.734319e-02	51144.000000	0.000000e+00
2.015842e+01	8.533816e+00	3.864186e-02	48772.000000	0.000000e+00
2.018288e+01	8.593638e+00	3.971223e-02	46828.000000	0.000000e+00
2.020721e+01	8.613685e+00	4.043850e-02	45372.000000	0.000000e+00
2.023181e+01	8.648529e+00	4.098001e-02	44539.000000	0.000000e+00
2.025650e+01	8.677053e+00	4.198137e-02	42720.000000	0.000000e+00
2.028095e+01	8.807028e+00	4.352880e-02	40936.000000	0.000000e+00
2.030542e+01	8.831475e+00	4.416952e-02	39978.000000	0.000000e+00
2.033011e+01	8.934692e+00	4.547167e-02	38608.000000	0.000000e+00
2.035466e+01	8.903119e+00	4.635281e-02	36892.000000	0.000000e+00
2.037892e+01	8.983661e+00	4.787763e-02	35208.000000	0.000000e+00
2.040348e+01	9.006888e+00	4.813009e-02	35020.000000	0.000000e+00
2.042837e+01	9.064949e+00	4.962200e-02	33372.000000	0.000000e+00
2.045281e+01	9.168632e+00	5.172511e-02	31420.000000	0.000000e+00
2.047697e+01	9.335392e+00	5.358799e-02	30348.000000	0.000000e+00
2.050165e+01	9.374158e+00	5.408568e-02	30040.000000	0.000000e+00
2.052659e+01	9.292876e+00	5.501923e-02	28528.000000	0.000000e+00
2.055100e+01	9.417879e+00	5.772086e-02	26622.000000	0.000000e+00
2.057510e+01	9.481949e+00	5.905493e-02	25780.000000	0.000000e+00
2.059985e+01	9.713407e+00	6.088504e-02	25452.000000	0.000000e+00
2.062477e+01	9.616566e+00	6.210055e-02	23980.000000	0.000000e+00
2.064904e+01	9.832254e+00	6.598383e-02	22204.000000	0.000000e+00
2.067328e+01	9.831510e+00	6.639882e-02	21924.000000	0.000000e+00
2.069813e+01	9.942912e+00	6.852782e-02	21052.000000	0.000000e+00
2.072282e+01	1.011383e+01	7.200691e-02	19728.000000	0.000000e+00
2.074689e+01	1.007916e+01	7.447476e-02	18316.000000	0.000000e+00
2.077148e+01	1.031139e+01	7.576583e-02	18522.000000	0.000000e+00
2.079650e+01	1.035965e+01	7.932433e-02	17056.000000	0.000000e+00
2.082086e+01	1.025630e+01	8.133516e-02	15901.000000	0.000000e+00
2.084494e+01	1.050195e+01	8.537328e-02	15132.000000	0.000000e+00
2.086988e+01	1.066869e+01	8.706311e-02	15016.000000	0.000000e+00
2.089484e+01	1.064944e+01	9.145282e-02	13560.000000	0.000000e+00
2.091874e+01	1.066174e+01	9.560657e-02	12436.000000	0.000000e+00
2.094286e+01	1.094981e+01	9.868295e-02	12312.000000	0.000000e+00
2.096835e+01	1.098716e+01	1.002318e-01	12016.000000	0.000000e+00
2.099333e+01	1.119991e+01	1.097504e-01	10414.000000	0.000000e+00
2.101635e+01	1.128591e+01	1.171808e-01	9276.000000	0.000000e+00
2.104066e+01	1.146070e+01	1.148311e-01	9961.000000	0.000000e+00
2.106684e+01	1.150695e+01	1.197861e-01	9228.000000	0.000000e+00
2.109169e+01	1.161369e+01	1.320761e-01	7732.000000	0.000000e+00
2.111385e+01	1.181736e+01	1.437725e-01	6756.000000	0.000000e+00
2.113864e+01	1.179462e+01	1.339261e-01	7756.000000	0.000000e+00
2.116547e+01	1.212509e+01	1.468226e-01	6820.000000	0.000000e+00
2.118998e+01	1.232933e+01	1.684372e-01	5358.000000	0.000000e+00
2.121167e+01	1.246447e+01	1.763978e-01	4993.000000	0.000000e+00
2.123701e+01	1.238602e+01	1.667102e-01	5520.000000	0.000000e+00
2.126409e+01	1.265768e+01	1.828503e-01	4792.000000	0.000000e+00
2.128812e+01	1.303265e+01	2.223341e-01	3436.000000	0.000000e+00
2.130920e+01	1.295325e+01	2.195782e-01	3480.000000	0.000000e+00
2.133536e+01	1.308187e+01	2.144569e-01	3721.000000	0.000000e+00
2.136298e+01	1.323650e+01	2.365169e-01	3132.000000	0.000000e+00
2.138535e+01	1.343751e+01	3.190376e-01	1774.000000	0.000000e+00
2.140616e+01	1.343325e+01	2.735221e-01	2412.000000	0.000000e+00
2.143360e+01	1.393164e+01	2.962168e-01	2212.000000	0.000000e+00
2.146162e+01	1.415063e+01	3.301574e-01	1837.000000	0.000000e+00
2.148292e+01	1.403317e+01	4.912593e-01	816.000000	0.000000e+00
2.150387e+01	1.453750e+01	3.924756e-01	1372.000000	0.000000e+00
2.153200e+01	1.497385e+01	4.531293e-01	1092.000000	0.000000e+00
2.156014e+01	1.588083e+01	5.466405e-01	844.000000	0.000000e+00
2.158178e+01	1.521958e+01	8.266141e-01	339.000000	0.000000e+00
2.160234e+01	1.537258e+01	6.664858e-01	532.000000	0.000000e+00
2.163046e+01	1.606105e+01	8.418277e-01	364.000000	0.000000e+00
2.165853e+01	1.626671e+01	1.077289e+00	228.000000	0.000000e+00
2.168066e+01	1.826327e+01	2.137554e+00	73.000000	0.000000e+00
2.170037e+01	1.887210e+01	2.059114e+00	84.000000	0.000000e+00
2.172766e+01	1.155382e+01	2.183466e+00	28.000000	0.000000e+00
2.175143e+01	2.360353e+01	1.362750e+01	3.000000	0.000000e+00
