# [<k> (h/Mpc)]	[<P_0(k)> (Mpc/h)^3]	[ErrorBar (Mpc/h)^3]	nModes	[<P_2(k)> (Mpc/h)^3]
3.476422e-02	1.500237e+04	4.160910e+03	13.000000	0.000000e+00
5.890282e-02	1.097923e+04	1.911238e+03	33.000000	0.000000e+00
8.378087e-02	6.476453e+03	7.286579e+02	79.000000	0.000000e+00
1.087368e-01	4.976508e+03	4.600783e+02	117.000000	0.000000e+00
1.341836e-01	3.721199e+03	2.598998e+02	205.000000	0.000000e+00
1.581206e-01	2.746827e+03	1.791832e+02	235.000000	0.000000e+00
1.826843e-01	2.127160e+03	1.107356e+02	369.000000	0.000000e+00
2.073525e-01	1.962045e+03	9.428985e+01	433.000000	0.000000e+00
2.322407e-01	1.713379e+03	7.083951e+01	585.000000	0.000000e+00
2.568838e-01	1.444333e+03	5.542840e+01	679.000000	0.000000e+00
2.811185e-01	1.310151e+03	4.594902e+01	813.000000	0.000000e+00
3.057758e-01	1.160044e+03	3.696208e+01	985.000000	0.000000e+00
3.308750e-01	1.120366e+03	3.257373e+01	1183.000000	0.000000e+00
3.553459e-01	1.038606e+03	2.915547e+01	1269.000000	0.000000e+00
3.797184e-01	8.890811e+02	2.267798e+01	1537.000000	0.000000e+00
4.042043e-01	8.664792e+02	2.131188e+01	1653.000000	0.000000e+00
4.287408e-01	7.821027e+02	1.765239e+01	1963.000000	0.000000e+00
4.533372e-01	7.661430e+02	1.663564e+01	2121.000000	0.000000e+00
4.779960e-01	7.192471e+02	1.464197e+01	2413.000000	0.000000e+00
5.026630e-01	6.826316e+02	1.329830e+01	2635.000000	0.000000e+00
5.271488e-01	6.175576e+02	1.151351e+01	2877.000000	0.000000e+00
5.515428e-01	6.012657e+02	1.068084e+01	3169.000000	0.000000e+00
5.762241e-01	5.662890e+02	9.562474e+00	3507.000000	0.000000e+00
6.007286e-01	5.701068e+02	9.391554e+00	3685.000000	0.000000e+00
6.252569e-01	5.415643e+02	8.391557e+00	4165.000000	0.000000e+00
6.499966e-01	5.263706e+02	7.956157e+00	4377.000000	0.000000e+00
6.746858e-01	4.930878e+02	7.076681e+00	4855.000000	0.000000e+00
6.991271e-01	4.861651e+02	6.924754e+00	4929.000000	0.000000e+00
7.235757e-01	4.682497e+02	6.267892e+00	5581.000000	0.000000e+00
7.479714e-01	4.516530e+02	5.993341e+00	5679.000000	0.000000e+00
7.726133e-01	4.406730e+02	5.514880e+00	6385.000000	0.000000e+00
7.972413e-01	4.223706e+02	5.217634e+00	6553.000000	0.000000e+00
8.218513e-01	4.145419e+02	4.911069e+00	7125.000000	0.000000e+00
8.464491e-01	3.978674e+02	4.610496e+00	7447.000000	0.000000e+00
8.709767e-01	3.907575e+02	4.388319e+00	7929.000000	0.000000e+00
8.955547e-01	3.759844e+02	4.113851e+00	8353.000000	0.000000e+00
9.199772e-01	3.677858e+02	3.926191e+00	8775.000000	0.000000e+00
9.444963e-01	3.663042e+02	3.795746e+00	9313.000000	0.000000e+00
9.690846e-01	3.571935e+02	3.600675e+00	9841.000000	0.000000e+00
9.935517e-01	3.493973e+02	3.461076e+00	10191.000000	0.000000e+00
1.018099e+00	3.413116e+02	3.269622e+00	10897.000000	0.000000e+00
1.042679e+00	3.324597e+02	3.127379e+00	11301.000000	0.000000e+00
1.067353e+00	3.236038e+02	2.951013e+00	12025.000000	0.000000e+00
1.092004e+00	3.147570e+02	2.823984e+00	12423.000000	0.000000e+00
1.116549e+00	3.083748e+02	2.702444e+00	13021.000000	0.000000e+00
1.140967e+00	3.044370e+02	2.629445e+00	13405.000000	0.000000e+00
1.165410e+00	2.942757e+02	2.465430e+00	14247.000000	0.000000e+00
1.189942e+00	2.845051e+02	2.350319e+00	14653.000000	0.000000e+00
1.214340e+00	2.839002e+02	2.292726e+00	15333.000000	0.000000e+00
1.238824e+00	2.775471e+02	2.197708e+00	15949.000000	0.000000e+00
1.263616e+00	2.686735e+02	2.057065e+00	17059.000000	0.000000e+00
1.288278e+00	2.646112e+02	2.023710e+00	17097.000000	0.000000e+00
1.312698e+00	2.580253e+02	1.925079e+00	17965.000000	0.000000e+00
1.337129e+00	2.523440e+02	1.853718e+00	18531.000000	0.000000e+00
1.361846e+00	2.500045e+02	1.782611e+00	19669.000000	0.000000e+00
1.386459e+00	2.439833e+02	1.729856e+00	19893.000000	0.000000e+00
1.410760e+00	2.380615e+02	1.663302e+00	20485.000000	0.000000e+00
1.435294e+00	2.379629e+02	1.613503e+00	21751.000000	0.000000e+00
1.459966e+00	2.306469e+02	1.547687e+00	22209.000000	0.000000e+00
1.484553e+00	2.269605e+02	1.495201e+00	23041.000000	0.000000e+00
1.509059e+00	2.243683e+02	1.457705e+00	23691.000000	0.000000e+00
1.533565e+00	2.178313e+02	1.392896e+00	24457.000000	0.000000e+00
1.558284e+00	2.174689e+02	1.353981e+00	25797.000000	0.000000e+00
1.582818e+00	2.128354e+02	1.329520e+00	25627.000000	0.000000e+00
1.607259e+00	2.084758e+02	1.263676e+00	27217.000000	0.000000e+00
1.631809e+00	2.043221e+02	1.231012e+00	27549.000000	0.000000e+00
1.656366e+00	2.002602e+02	1.179778e+00	28813.000000	0.000000e+00
1.680925e+00	1.981173e+02	1.156329e+00	29355.000000	0.000000e+00
1.705257e+00	1.933014e+02	1.117573e+00	29917.000000	0.000000e+00
1.729806e+00	1.905804e+02	1.071200e+00	31653.000000	0.000000e+00
1.754462e+00	1.872156e+02	1.047369e+00	31951.000000	0.000000e+00
1.778992e+00	1.822073e+02	1.002093e+00	33061.000000	0.000000e+00
1.803411e+00	1.794513e+02	9.790309e-01	33597.000000	0.000000e+00
1.827963e+00	1.784372e+02	9.511140e-01	35197.000000	0.000000e+00
1.852647e+00	1.733975e+02	9.161399e-01	35823.000000	0.000000e+00
1.877249e+00	1.717669e+02	8.935896e-01	36949.000000	0.000000e+00
1.901733e+00	1.678055e+02	8.687593e-01	37309.000000	0.000000e+00
1.926241e+00	1.646284e+02	8.328281e-01	39075.000000	0.000000e+00
1.950830e+00	1.624950e+02	8.189188e-01	39373.000000	0.000000e+00
1.975308e+00	1.611063e+02	7.972725e-01	40833.000000	0.000000e+00
1.999729e+00	1.585111e+02	7.808998e-01	41203.000000	0.000000e+00
2.024419e+00	1.545008e+02	7.391706e-01	43689.000000	0.000000e+00
2.049126e+00	1.518940e+02	7.281673e-01	43513.000000	0.000000e+00
2.073508e+00	1.508017e+02	7.153751e-01	44437.000000	0.000000e+00
2.097846e+00	1.484517e+02	6.948005e-01	45651.000000	0.000000e+00
2.122473e+00	1.453080e+02	6.668243e-01	47485.000000	0.000000e+00
2.147106e+00	1.432895e+02	6.542900e-01	47961.000000	0.000000e+00
2.171601e+00	1.412033e+02	6.369369e-01	49147.000000	0.000000e+00
2.196158e+00	1.385679e+02	6.176902e-01	50325.000000	0.000000e+00
2.220735e+00	1.368643e+02	6.022256e-01	51649.000000	0.000000e+00
2.245251e+00	1.350823e+02	5.915056e-01	52153.000000	0.000000e+00
2.269729e+00	1.332488e+02	5.737143e-01	53943.000000	0.000000e+00
2.294271e+00	1.313492e+02	5.616240e-01	54697.000000	0.000000e+00
2.318928e+00	1.286409e+02	5.400269e-01	56745.000000	0.000000e+00
2.343538e+00	1.267478e+02	5.308554e-01	57007.000000	0.000000e+00
2.368026e+00	1.251727e+02	5.176980e-01	58461.000000	0.000000e+00
2.392423e+00	1.217681e+02	5.011372e-01	59041.000000	0.000000e+00
2.416863e+00	1.201026e+02	4.862214e-01	61015.000000	0.000000e+00
2.441509e+00	1.193854e+02	4.770190e-01	62637.000000	0.000000e+00
2.466080e+00	1.172141e+02	4.663670e-01	63169.000000	0.000000e+00
2.490575e+00	1.154781e+02	4.543250e-01	64605.000000	0.000000e+00
2.515186e+00	1.139715e+02	4.420057e-01	66487.000000	0.000000e+00
2.539777e+00	1.128912e+02	4.360294e-01	67033.000000	0.000000e+00
2.564215e+00	1.113273e+02	4.261660e-01	68241.000000	0.000000e+00
2.588707e+00	1.097364e+02	4.147913e-01	69991.000000	0.000000e+00
2.613337e+00	1.077203e+02	4.028370e-01	71505.000000	0.000000e+00
2.637925e+00	1.071655e+02	3.974303e-01	72709.000000	0.000000e+00
2.662420e+00	1.044772e+02	3.854406e-01	73473.000000	0.000000e+00
2.686963e+00	1.029975e+02	3.741951e-01	75763.000000	0.000000e+00
2.711515e+00	1.024635e+02	3.710377e-01	76261.000000	0.000000e+00
2.735982e+00	1.005045e+02	3.598986e-01	77985.000000	0.000000e+00
2.760573e+00	9.920532e+01	3.507197e-01	80011.000000	0.000000e+00
2.785237e+00	9.739206e+01	3.421818e-01	81009.000000	0.000000e+00
2.809671e+00	9.687256e+01	3.391197e-01	81601.000000	0.000000e+00
2.834151e+00	9.503475e+01	3.277431e-01	84081.000000	0.000000e+00
2.858722e+00	9.368123e+01	3.210238e-01	85159.000000	0.000000e+00
2.883250e+00	9.306962e+01	3.161448e-01	86665.000000	0.000000e+00
2.907819e+00	9.124999e+01	3.070094e-01	88341.000000	0.000000e+00
2.932335e+00	9.029329e+01	3.018526e-01	89479.000000	0.000000e+00
2.956914e+00	8.883414e+01	2.936429e-01	91521.000000	0.000000e+00
2.981449e+00	8.752898e+01	2.879102e-01	92425.000000	0.000000e+00
3.005876e+00	8.671098e+01	2.834555e-01	93579.000000	0.000000e+00
3.030403e+00	8.565640e+01	2.760225e-01	96301.000000	0.000000e+00
3.055041e+00	8.434348e+01	2.698981e-01	97657.000000	0.000000e+00
3.079692e+00	8.330607e+01	2.642401e-01	99393.000000	0.000000e+00
3.104241e+00	8.220124e+01	2.596901e-01	100195.000000	0.000000e+00
3.128710e+00	8.151815e+01	2.556081e-01	101709.000000	0.000000e+00
3.153123e+00	8.049690e+01	2.507935e-01	103021.000000	0.000000e+00
3.177619e+00	7.931852e+01	2.440778e-01	105607.000000	0.000000e+00
3.202185e+00	7.871645e+01	2.408583e-01	106809.000000	0.000000e+00
3.226708e+00	7.733593e+01	2.346607e-01	108613.000000	0.000000e+00
3.251321e+00	7.634355e+01	2.293716e-01	110781.000000	0.000000e+00
3.275882e+00	7.531506e+01	2.254063e-01	111643.000000	0.000000e+00
3.300393e+00	7.466656e+01	2.214728e-01	113661.000000	0.000000e+00
3.324955e+00	7.361467e+01	2.168319e-01	115261.000000	0.000000e+00
3.349528e+00	7.298221e+01	2.129337e-01	117475.000000	0.000000e+00
3.374087e+00	7.213261e+01	2.096409e-01	118389.000000	0.000000e+00
3.398541e+00	7.108842e+01	2.052035e-01	120013.000000	0.000000e+00
3.423011e+00	7.033924e+01	2.014641e-01	121899.000000	0.000000e+00
3.447546e+00	6.923220e+01	1.965135e-01	124117.000000	0.000000e+00
3.472176e+00	6.863178e+01	1.928369e-01	126669.000000	0.000000e+00
3.496772e+00	6.781377e+01	1.903192e-01	126961.000000	0.000000e+00
3.521302e+00	6.712547e+01	1.862478e-01	129895.000000	0.000000e+00
3.545845e+00	6.601912e+01	1.827803e-01	130461.000000	0.000000e+00
3.570351e+00	6.573319e+01	1.800261e-01	133321.000000	0.000000e+00
3.594817e+00	6.461953e+01	1.767759e-01	133623.000000	0.000000e+00
3.619340e+00	6.438027e+01	1.736756e-01	137413.000000	0.000000e+00
3.643921e+00	6.341355e+01	1.705547e-01	138241.000000	0.000000e+00
3.668501e+00	6.254017e+01	1.665749e-01	140961.000000	0.000000e+00
3.693083e+00	6.180805e+01	1.638745e-01	142255.000000	0.000000e+00
3.717636e+00	6.080459e+01	1.601424e-01	144165.000000	0.000000e+00
3.742123e+00	6.046752e+01	1.585938e-01	145369.000000	0.000000e+00
3.766623e+00	5.984927e+01	1.554705e-01	148191.000000	0.000000e+00
3.791211e+00	5.923937e+01	1.528571e-01	150193.000000	0.000000e+00
3.815740e+00	5.841921e+01	1.501006e-01	151477.000000	0.000000e+00
3.840250e+00	5.775375e+01	1.472855e-01	153759.000000	0.000000e+00
3.864816e+00	5.747384e+01	1.454586e-01	156121.000000	0.000000e+00
3.889416e+00	5.691935e+01	1.430925e-01	158229.000000	0.000000e+00
3.913984e+00	5.613503e+01	1.405076e-01	159613.000000	0.000000e+00
3.938439e+00	5.525368e+01	1.377683e-01	160851.000000	0.000000e+00
3.962856e+00	5.484340e+01	1.358622e-01	162949.000000	0.000000e+00
3.987408e+00	5.413934e+01	1.325365e-01	166861.000000	0.000000e+00
4.011951e+00	5.370315e+01	1.314348e-01	166947.000000	0.000000e+00
4.036502e+00	5.317540e+01	1.286635e-01	170809.000000	0.000000e+00
4.061101e+00	5.272293e+01	1.271111e-01	172041.000000	0.000000e+00
4.085632e+00	5.216476e+01	1.251241e-01	173809.000000	0.000000e+00
4.110226e+00	5.173252e+01	1.228337e-01	177375.000000	0.000000e+00
4.134760e+00	5.106246e+01	1.213789e-01	176977.000000	0.000000e+00
4.159247e+00	5.063690e+01	1.190784e-01	180829.000000	0.000000e+00
4.183807e+00	4.992729e+01	1.168444e-01	182583.000000	0.000000e+00
4.208321e+00	4.938632e+01	1.150996e-01	184105.000000	0.000000e+00
4.232839e+00	4.896565e+01	1.131438e-01	187293.000000	0.000000e+00
4.257376e+00	4.867896e+01	1.121715e-01	188329.000000	0.000000e+00
4.281944e+00	4.785358e+01	1.090823e-01	192451.000000	0.000000e+00
4.306505e+00	4.754037e+01	1.083306e-01	192585.000000	0.000000e+00
4.331033e+00	4.689561e+01	1.058948e-01	196117.000000	0.000000e+00
4.355617e+00	4.644646e+01	1.043261e-01	198207.000000	0.000000e+00
4.380161e+00	4.612648e+01	1.032460e-01	199597.000000	0.000000e+00
4.404676e+00	4.586645e+01	1.019111e-01	202557.000000	0.000000e+00
4.429249e+00	4.524038e+01	9.995660e-02	204847.000000	0.000000e+00
4.453772e+00	4.499423e+01	9.905219e-02	206341.000000	0.000000e+00
4.478282e+00	4.432911e+01	9.691489e-02	209217.000000	0.000000e+00
4.502777e+00	4.406326e+01	9.603851e-02	210505.000000	0.000000e+00
4.527289e+00	4.372572e+01	9.445542e-02	214299.000000	0.000000e+00
4.551889e+00	4.301363e+01	9.242979e-02	216565.000000	0.000000e+00
4.576426e+00	4.277182e+01	9.164482e-02	217821.000000	0.000000e+00
4.600893e+00	4.227284e+01	9.009837e-02	220135.000000	0.000000e+00
4.625467e+00	4.181474e+01	8.828968e-02	224305.000000	0.000000e+00
4.650035e+00	4.172498e+01	8.798100e-02	224913.000000	0.000000e+00
4.674541e+00	4.120415e+01	8.634241e-02	227737.000000	0.000000e+00
4.699104e+00	4.057699e+01	8.445570e-02	230835.000000	0.000000e+00
4.723670e+00	4.035695e+01	8.364661e-02	232777.000000	0.000000e+00
4.748182e+00	4.007382e+01	8.277506e-02	234381.000000	0.000000e+00
4.772682e+00	3.967705e+01	8.138903e-02	237655.000000	0.000000e+00
4.797203e+00	3.933899e+01	8.041489e-02	239317.000000	0.000000e+00
4.821755e+00	3.896564e+01	7.895858e-02	243537.000000	0.000000e+00
4.846361e+00	3.869824e+01	7.814605e-02	245227.000000	0.000000e+00
4.870915e+00	3.821521e+01	7.685133e-02	247269.000000	0.000000e+00
4.895426e+00	3.796668e+01	7.599037e-02	249625.000000	0.000000e+00
4.919952e+00	3.778314e+01	7.521554e-02	252337.000000	0.000000e+00
4.944496e+00	3.730328e+01	7.382244e-02	255339.000000	0.000000e+00
4.969013e+00	3.691534e+01	7.289417e-02	256465.000000	0.000000e+00
4.993562e+00	3.668819e+01	7.177595e-02	261273.000000	0.000000e+00
5.018138e+00	3.632508e+01	7.093079e-02	262267.000000	0.000000e+00
5.042642e+00	3.599133e+01	6.995786e-02	264681.000000	0.000000e+00
5.067215e+00	3.557118e+01	6.857256e-02	269089.000000	0.000000e+00
5.091775e+00	3.546197e+01	6.832851e-02	269353.000000	0.000000e+00
5.116309e+00	3.518306e+01	6.720949e-02	274035.000000	0.000000e+00
5.140838e+00	3.481669e+01	6.648075e-02	274273.000000	0.000000e+00
5.165333e+00	3.458880e+01	6.554048e-02	278517.000000	0.000000e+00
5.189818e+00	3.432887e+01	6.494056e-02	279439.000000	0.000000e+00
5.214351e+00	3.395997e+01	6.364000e-02	284757.000000	0.000000e+00
5.238947e+00	3.379327e+01	6.314514e-02	286405.000000	0.000000e+00
5.263479e+00	3.340706e+01	6.219393e-02	288523.000000	0.000000e+00
5.288002e+00	3.315742e+01	6.139664e-02	291657.000000	0.000000e+00
5.312546e+00	3.276690e+01	6.039296e-02	294373.000000	0.000000e+00
5.337121e+00	3.265619e+01	5.983908e-02	297825.000000	0.000000e+00
5.361672e+00	3.239198e+01	5.920149e-02	299371.000000	0.000000e+00
5.386196e+00	3.210958e+01	5.837016e-02	302613.000000	0.000000e+00
5.410715e+00	3.187815e+01	5.775700e-02	304633.000000	0.000000e+00
5.435244e+00	3.158508e+01	5.686373e-02	308527.000000	0.000000e+00
5.459823e+00	3.126857e+01	5.603713e-02	311361.000000	0.000000e+00
5.484389e+00	3.108728e+01	5.546871e-02	314101.000000	0.000000e+00
5.508889e+00	3.085520e+01	5.499720e-02	314757.000000	0.000000e+00
5.533464e+00	3.061007e+01	5.393186e-02	322135.000000	0.000000e+00
5.558036e+00	3.037029e+01	5.367712e-02	320125.000000	0.000000e+00
5.582484e+00	3.006374e+01	5.276313e-02	324657.000000	0.000000e+00
5.606956e+00	2.978281e+01	5.212787e-02	326431.000000	0.000000e+00
5.631560e+00	2.962976e+01	5.129904e-02	333609.000000	0.000000e+00
5.656168e+00	2.934313e+01	5.084915e-02	333001.000000	0.000000e+00
5.680698e+00	2.911431e+01	5.017434e-02	336705.000000	0.000000e+00
5.705204e+00	2.893023e+01	4.972893e-02	338443.000000	0.000000e+00
5.729704e+00	2.881967e+01	4.926756e-02	342181.000000	0.000000e+00
5.754232e+00	2.842301e+01	4.837982e-02	345153.000000	0.000000e+00
5.778772e+00	2.817476e+01	4.771827e-02	348619.000000	0.000000e+00
5.803342e+00	2.797382e+01	4.718815e-02	351429.000000	0.000000e+00
5.827902e+00	2.773299e+01	4.656511e-02	354709.000000	0.000000e+00
5.852409e+00	2.761632e+01	4.629709e-02	355815.000000	0.000000e+00
5.876957e+00	2.741957e+01	4.559070e-02	361717.000000	0.000000e+00
5.901534e+00	2.722757e+01	4.520104e-02	362845.000000	0.000000e+00
5.926030e+00	2.701140e+01	4.469850e-02	365181.000000	0.000000e+00
5.950548e+00	2.691410e+01	4.425566e-02	369847.000000	0.000000e+00
5.975137e+00	2.658622e+01	4.352196e-02	373161.000000	0.000000e+00
5.999657e+00	2.635587e+01	4.310308e-02	373885.000000	0.000000e+00
6.024161e+00	2.627669e+01	4.268336e-02	378987.000000	0.000000e+00
6.048714e+00	2.605708e+01	4.219932e-02	381277.000000	0.000000e+00
6.073267e+00	2.589433e+01	4.170666e-02	385477.000000	0.000000e+00
6.097868e+00	2.566761e+01	4.116206e-02	388845.000000	0.000000e+00
6.122369e+00	2.547475e+01	4.086487e-02	388615.000000	0.000000e+00
6.146867e+00	2.526279e+01	4.019167e-02	395085.000000	0.000000e+00
6.171452e+00	2.517959e+01	3.994340e-02	397381.000000	0.000000e+00
6.195974e+00	2.493203e+01	3.942736e-02	399871.000000	0.000000e+00
6.220444e+00	2.475482e+01	3.906796e-02	401493.000000	0.000000e+00
6.244986e+00	2.465552e+01	3.855547e-02	408937.000000	0.000000e+00
6.269588e+00	2.434174e+01	3.802510e-02	409791.000000	0.000000e+00
6.294124e+00	2.418504e+01	3.763248e-02	413017.000000	0.000000e+00
6.318633e+00	2.404860e+01	3.729649e-02	415761.000000	0.000000e+00
6.343202e+00	2.386581e+01	3.678788e-02	420865.000000	0.000000e+00
6.367770e+00	2.371959e+01	3.648015e-02	422767.000000	0.000000e+00
6.392288e+00	2.356929e+01	3.613574e-02	425421.000000	0.000000e+00
6.416837e+00	2.339628e+01	3.565723e-02	430525.000000	0.000000e+00
6.441383e+00	2.323305e+01	3.535864e-02	431739.000000	0.000000e+00
6.465913e+00	2.308231e+01	3.493613e-02	436525.000000	0.000000e+00
6.490433e+00	2.298801e+01	3.472062e-02	438357.000000	0.000000e+00
6.514946e+00	2.272046e+01	3.416008e-02	442381.000000	0.000000e+00
6.539518e+00	2.261736e+01	3.380779e-02	447559.000000	0.000000e+00
6.564059e+00	2.241867e+01	3.350398e-02	447741.000000	0.000000e+00
6.588587e+00	2.232403e+01	3.313714e-02	453853.000000	0.000000e+00
6.613110e+00	2.211782e+01	3.281016e-02	454431.000000	0.000000e+00
6.637622e+00	2.198341e+01	3.241415e-02	459961.000000	0.000000e+00
6.662172e+00	2.179757e+01	3.204246e-02	462769.000000	0.000000e+00
6.686693e+00	2.167157e+01	3.175482e-02	465759.000000	0.000000e+00
6.711227e+00	2.152153e+01	3.139381e-02	469957.000000	0.000000e+00
6.735777e+00	2.135582e+01	3.103594e-02	473481.000000	0.000000e+00
6.760323e+00	2.126110e+01	3.080850e-02	476245.000000	0.000000e+00
6.784855e+00	2.107847e+01	3.041455e-02	480303.000000	0.000000e+00
6.809427e+00	2.098680e+01	3.014856e-02	484573.000000	0.000000e+00
6.833979e+00	2.089593e+01	2.995873e-02	486493.000000	0.000000e+00
6.858503e+00	2.074416e+01	2.961605e-02	490611.000000	0.000000e+00
6.883055e+00	2.060850e+01	2.931330e-02	494269.000000	0.000000e+00
6.907584e+00	2.044472e+01	2.899226e-02	497277.000000	0.000000e+00
6.932134e+00	2.036200e+01	2.874782e-02	501685.000000	0.000000e+00
6.956669e+00	2.014484e+01	2.837203e-02	504135.000000	0.000000e+00
6.981221e+00	2.003260e+01	2.807469e-02	509149.000000	0.000000e+00
7.005753e+00	1.990916e+01	2.786134e-02	510625.000000	0.000000e+00
7.030233e+00	1.975218e+01	2.753888e-02	514443.000000	0.000000e+00
7.054782e+00	1.970400e+01	2.732367e-02	520033.000000	0.000000e+00
7.079343e+00	1.956529e+01	2.705970e-02	522789.000000	0.000000e+00
7.103883e+00	1.940088e+01	2.675006e-02	526009.000000	0.000000e+00
7.128424e+00	1.931237e+01	2.651570e-02	530475.000000	0.000000e+00
7.152965e+00	1.919139e+01	2.628728e-02	532993.000000	0.000000e+00
7.177501e+00	1.902657e+01	2.595133e-02	537529.000000	0.000000e+00
7.202013e+00	1.892351e+01	2.575901e-02	539691.000000	0.000000e+00
7.226577e+00	1.880276e+01	2.543151e-02	546637.000000	0.000000e+00
7.251125e+00	1.872322e+01	2.531651e-02	546957.000000	0.000000e+00
7.275651e+00	1.863255e+01	2.506371e-02	552655.000000	0.000000e+00
7.300226e+00	1.846203e+01	2.474436e-02	556681.000000	0.000000e+00
7.324759e+00	1.838172e+01	2.459654e-02	558501.000000	0.000000e+00
7.349299e+00	1.821852e+01	2.425488e-02	564193.000000	0.000000e+00
7.373825e+00	1.813037e+01	2.410854e-02	565551.000000	0.000000e+00
7.398312e+00	1.799890e+01	2.384362e-02	569833.000000	0.000000e+00
7.422892e+00	1.796847e+01	2.364704e-02	577389.000000	0.000000e+00
7.447442e+00	1.773834e+01	2.336560e-02	576331.000000	0.000000e+00
7.471956e+00	1.769895e+01	2.318291e-02	582853.000000	0.000000e+00
7.496499e+00	1.756270e+01	2.294461e-02	585897.000000	0.000000e+00
7.521014e+00	1.750867e+01	2.282072e-02	588637.000000	0.000000e+00
7.545557e+00	1.737580e+01	2.252136e-02	595251.000000	0.000000e+00
7.570086e+00	1.725433e+01	2.235271e-02	595849.000000	0.000000e+00
7.594613e+00	1.717039e+01	2.212538e-02	602253.000000	0.000000e+00
7.619172e+00	1.700979e+01	2.185303e-02	605863.000000	0.000000e+00
7.643756e+00	1.697487e+01	2.171856e-02	610873.000000	0.000000e+00
7.668263e+00	1.687449e+01	2.159932e-02	610353.000000	0.000000e+00
7.692777e+00	1.679197e+01	2.134982e-02	618607.000000	0.000000e+00
7.717371e+00	1.667705e+01	2.114266e-02	622185.000000	0.000000e+00
7.741929e+00	1.658548e+01	2.097518e-02	625237.000000	0.000000e+00
7.766457e+00	1.648584e+01	2.080277e-02	628029.000000	0.000000e+00
7.790953e+00	1.638844e+01	2.061520e-02	631975.000000	0.000000e+00
7.815489e+00	1.628393e+01	2.039439e-02	637525.000000	0.000000e+00
7.840050e+00	1.619420e+01	2.021426e-02	641805.000000	0.000000e+00
7.864588e+00	1.609754e+01	2.005431e-02	644323.000000	0.000000e+00
7.889126e+00	1.599274e+01	1.984588e-02	649389.000000	0.000000e+00
7.913643e+00	1.591862e+01	1.971871e-02	651709.000000	0.000000e+00
7.938181e+00	1.581291e+01	1.948932e-02	658309.000000	0.000000e+00
7.962760e+00	1.577899e+01	1.938435e-02	662607.000000	0.000000e+00
7.987311e+00	1.564885e+01	1.920088e-02	664237.000000	0.000000e+00
8.011811e+00	1.549658e+01	1.895801e-02	668169.000000	0.000000e+00
8.036325e+00	1.548279e+01	1.886441e-02	673615.000000	0.000000e+00
8.060868e+00	1.535586e+01	1.865399e-02	677649.000000	0.000000e+00
8.085446e+00	1.531027e+01	1.851351e-02	683893.000000	0.000000e+00
8.109989e+00	1.521259e+01	1.839524e-02	683905.000000	0.000000e+00
8.134471e+00	1.513716e+01	1.823819e-02	688851.000000	0.000000e+00
8.159038e+00	1.502479e+01	1.799423e-02	697189.000000	0.000000e+00
8.183598e+00	1.496352e+01	1.793294e-02	696249.000000	0.000000e+00
8.208073e+00	1.490672e+01	1.779921e-02	701395.000000	0.000000e+00
8.232590e+00	1.483690e+01	1.765176e-02	706497.000000	0.000000e+00
8.257144e+00	1.472813e+01	1.745102e-02	712285.000000	0.000000e+00
8.281710e+00	1.462999e+01	1.729377e-02	715663.000000	0.000000e+00
8.306271e+00	1.454965e+01	1.714624e-02	720057.000000	0.000000e+00
8.330826e+00	1.450344e+01	1.703830e-02	724585.000000	0.000000e+00
8.355374e+00	1.441043e+01	1.689792e-02	727257.000000	0.000000e+00
8.379901e+00	1.434179e+01	1.675480e-02	732703.000000	0.000000e+00
8.404418e+00	1.426244e+01	1.663799e-02	734829.000000	0.000000e+00
8.428928e+00	1.416415e+01	1.645783e-02	740689.000000	0.000000e+00
8.453504e+00	1.405386e+01	1.624991e-02	747979.000000	0.000000e+00
8.478051e+00	1.401731e+01	1.621855e-02	746973.000000	0.000000e+00
8.502580e+00	1.394984e+01	1.604014e-02	756349.000000	0.000000e+00
8.527138e+00	1.389981e+01	1.597962e-02	756633.000000	0.000000e+00
8.551634e+00	1.380837e+01	1.582265e-02	761599.000000	0.000000e+00
8.576156e+00	1.373412e+01	1.568029e-02	767173.000000	0.000000e+00
8.600697e+00	1.365910e+01	1.555326e-02	771261.000000	0.000000e+00
8.625259e+00	1.358697e+01	1.540858e-02	777535.000000	0.000000e+00
8.649836e+00	1.350939e+01	1.529017e-02	780633.000000	0.000000e+00
8.674376e+00	1.343905e+01	1.517081e-02	784729.000000	0.000000e+00
8.698927e+00	1.338226e+01	1.505864e-02	789747.000000	0.000000e+00
8.723450e+00	1.331174e+01	1.495897e-02	791893.000000	0.000000e+00
8.747957e+00	1.322198e+01	1.480413e-02	797677.000000	0.000000e+00
8.772521e+00	1.316667e+01	1.468021e-02	804429.000000	0.000000e+00
8.797047e+00	1.307857e+01	1.458101e-02	804535.000000	0.000000e+00
8.821541e+00	1.303650e+01	1.447731e-02	810861.000000	0.000000e+00
8.846076e+00	1.297551e+01	1.436127e-02	816325.000000	0.000000e+00
8.870641e+00	1.292528e+01	1.425275e-02	822399.000000	0.000000e+00
8.895170e+00	1.288065e+01	1.420262e-02	822505.000000	0.000000e+00
8.919713e+00	1.276232e+01	1.398610e-02	832657.000000	0.000000e+00
8.944263e+00	1.274110e+01	1.396953e-02	831861.000000	0.000000e+00
8.968772e+00	1.265621e+01	1.381452e-02	839335.000000	0.000000e+00
8.993334e+00	1.258980e+01	1.369832e-02	844701.000000	0.000000e+00
9.017895e+00	1.253805e+01	1.361590e-02	847945.000000	0.000000e+00
9.042430e+00	1.248317e+01	1.351674e-02	852915.000000	0.000000e+00
9.066970e+00	1.240295e+01	1.339949e-02	856789.000000	0.000000e+00
9.091538e+00	1.236870e+01	1.329967e-02	864901.000000	0.000000e+00
9.116063e+00	1.230072e+01	1.324532e-02	862455.000000	0.000000e+00
9.140573e+00	1.220944e+01	1.306378e-02	873481.000000	0.000000e+00
9.165140e+00	1.220259e+01	1.303886e-02	875841.000000	0.000000e+00
9.189653e+00	1.210877e+01	1.291717e-02	878749.000000	0.000000e+00
9.214176e+00	1.204813e+01	1.279612e-02	886507.000000	0.000000e+00
9.238722e+00	1.199122e+01	1.271684e-02	889137.000000	0.000000e+00
9.263252e+00	1.195680e+01	1.263723e-02	895213.000000	0.000000e+00
9.287810e+00	1.188897e+01	1.252746e-02	900663.000000	0.000000e+00
9.312363e+00	1.182742e+01	1.243779e-02	904261.000000	0.000000e+00
9.336898e+00	1.178883e+01	1.236405e-02	909117.000000	0.000000e+00
9.361428e+00	1.174604e+01	1.229337e-02	912937.000000	0.000000e+00
9.385969e+00	1.167352e+01	1.217042e-02	920011.000000	0.000000e+00
9.410496e+00	1.161421e+01	1.210044e-02	921249.000000	0.000000e+00
9.435027e+00	1.156376e+01	1.199090e-02	930025.000000	0.000000e+00
9.459577e+00	1.151182e+01	1.192242e-02	932307.000000	0.000000e+00
9.484080e+00	1.147170e+01	1.185801e-02	935905.000000	0.000000e+00
9.508599e+00	1.141533e+01	1.174986e-02	943869.000000	0.000000e+00
9.533177e+00	1.138867e+01	1.168782e-02	949465.000000	0.000000e+00
9.557740e+00	1.131597e+01	1.159268e-02	952831.000000	0.000000e+00
9.582283e+00	1.127724e+01	1.152379e-02	957669.000000	0.000000e+00
9.606825e+00	1.121586e+01	1.143271e-02	962425.000000	0.000000e+00
9.631356e+00	1.117516e+01	1.136418e-02	967011.000000	0.000000e+00
9.655881e+00	1.112345e+01	1.128642e-02	971329.000000	0.000000e+00
9.680426e+00	1.106554e+01	1.118498e-02	978757.000000	0.000000e+00
9.704942e+00	1.103275e+01	1.115093e-02	978915.000000	0.000000e+00
9.729497e+00	1.096313e+01	1.100961e-02	991573.000000	0.000000e+00
9.754046e+00	1.093115e+01	1.099163e-02	989025.000000	0.000000e+00
9.778535e+00	1.086208e+01	1.088557e-02	995689.000000	0.000000e+00
9.803103e+00	1.082538e+01	1.079087e-02	1006407.000000	0.000000e+00
9.827649e+00	1.078927e+01	1.077153e-02	1003297.000000	0.000000e+00
9.852180e+00	1.073783e+01	1.065518e-02	1015573.000000	0.000000e+00
9.876731e+00	1.069775e+01	1.061760e-02	1015155.000000	0.000000e+00
9.901284e+00	1.064112e+01	1.050991e-02	1025125.000000	0.000000e+00
9.925835e+00	1.059781e+01	1.046152e-02	1026225.000000	0.000000e+00
9.950350e+00	1.055462e+01	1.039278e-02	1031389.000000	0.000000e+00
9.974902e+00	1.051081e+01	1.030643e-02	1040055.000000	0.000000e+00
9.999429e+00	1.047508e+01	1.027668e-02	1038985.000000	0.000000e+00
1.002392e+01	1.041900e+01	1.017919e-02	1047673.000000	0.000000e+00
1.004849e+01	1.041232e+01	1.013505e-02	1055463.000000	0.000000e+00
1.007303e+01	1.036733e+01	1.008789e-02	1056169.000000	0.000000e+00
1.009756e+01	1.030378e+01	9.986770e-03	1064493.000000	0.000000e+00
1.012209e+01	1.026793e+01	9.942181e-03	1066603.000000	0.000000e+00
1.014664e+01	1.023150e+01	9.862335e-03	1076265.000000	0.000000e+00
1.017120e+01	1.018334e+01	9.806272e-03	1078381.000000	0.000000e+00
1.019572e+01	1.013585e+01	9.742293e-03	1082425.000000	0.000000e+00
1.022025e+01	1.011755e+01	9.688830e-03	1090455.000000	0.000000e+00
1.024479e+01	1.008335e+01	9.642839e-03	1093453.000000	0.000000e+00
1.026933e+01	1.003181e+01	9.563490e-03	1100337.000000	0.000000e+00
1.029386e+01	9.991554e+00	9.508235e-03	1104247.000000	0.000000e+00
1.031842e+01	9.952277e+00	9.437152e-03	1112149.000000	0.000000e+00
1.034296e+01	9.932328e+00	9.406791e-03	1114857.000000	0.000000e+00
1.036749e+01	9.904369e+00	9.358611e-03	1120033.000000	0.000000e+00
1.039203e+01	9.856241e+00	9.281657e-03	1127643.000000	0.000000e+00
1.041655e+01	9.829921e+00	9.254024e-03	1128337.000000	0.000000e+00
1.044111e+01	9.784225e+00	9.157226e-03	1141629.000000	0.000000e+00
1.046570e+01	9.744573e+00	9.118063e-03	1142143.000000	0.000000e+00
1.049021e+01	9.701708e+00	9.067123e-03	1144873.000000	0.000000e+00
1.051473e+01	9.670743e+00	9.001713e-03	1154169.000000	0.000000e+00
1.053925e+01	9.652159e+00	8.981108e-03	1155019.000000	0.000000e+00
1.056380e+01	9.612340e+00	8.893649e-03	1168149.000000	0.000000e+00
1.058835e+01	9.587188e+00	8.876109e-03	1166641.000000	0.000000e+00
1.061283e+01	9.536927e+00	8.813921e-03	1170789.000000	0.000000e+00
1.063739e+01	9.516663e+00	8.739616e-03	1185727.000000	0.000000e+00
1.066197e+01	9.481501e+00	8.713433e-03	1184065.000000	0.000000e+00
1.068650e+01	9.463981e+00	8.670282e-03	1191465.000000	0.000000e+00
1.071103e+01	9.417933e+00	8.617131e-03	1194499.000000	0.000000e+00
1.073555e+01	9.392014e+00	8.566813e-03	1201929.000000	0.000000e+00
1.076011e+01	9.369195e+00	8.519151e-03	1209517.000000	0.000000e+00
1.078466e+01	9.335993e+00	8.478760e-03	1212429.000000	0.000000e+00
1.080918e+01	9.306504e+00	8.436469e-03	1216891.000000	0.000000e+00
1.083370e+01	9.266114e+00	8.379860e-03	1222705.000000	0.000000e+00
1.085823e+01	9.246691e+00	8.335194e-03	1230669.000000	0.000000e+00
1.088282e+01	9.205045e+00	8.269085e-03	1239187.000000	0.000000e+00
1.090737e+01	9.193464e+00	8.263598e-03	1237713.000000	0.000000e+00
1.093189e+01	9.145540e+00	8.190665e-03	1246753.000000	0.000000e+00
1.095642e+01	9.127187e+00	8.162805e-03	1250245.000000	0.000000e+00
1.098096e+01	9.110990e+00	8.116358e-03	1260111.000000	0.000000e+00
1.100552e+01	9.081939e+00	8.084596e-03	1261945.000000	0.000000e+00
1.103005e+01	9.045308e+00	8.030647e-03	1268661.000000	0.000000e+00
1.105458e+01	9.022577e+00	7.993403e-03	1274083.000000	0.000000e+00
1.107911e+01	8.999514e+00	7.956346e-03	1279413.000000	0.000000e+00
1.110366e+01	8.976631e+00	7.911359e-03	1287433.000000	0.000000e+00
1.112821e+01	8.950591e+00	7.877091e-03	1291135.000000	0.000000e+00
1.115273e+01	8.919580e+00	7.836441e-03	1295541.000000	0.000000e+00
1.117726e+01	8.910060e+00	7.805827e-03	1302937.000000	0.000000e+00
1.120181e+01	8.875906e+00	7.755978e-03	1309641.000000	0.000000e+00
1.122634e+01	8.856501e+00	7.730885e-03	1312399.000000	0.000000e+00
1.125085e+01	8.859135e+00	7.714368e-03	1318809.000000	0.000000e+00
1.127541e+01	8.808883e+00	7.639451e-03	1329589.000000	0.000000e+00
1.129999e+01	8.800109e+00	7.625736e-03	1331719.000000	0.000000e+00
1.132451e+01	8.785564e+00	7.603130e-03	1335225.000000	0.000000e+00
1.134903e+01	8.762470e+00	7.559224e-03	1343689.000000	0.000000e+00
1.137357e+01	8.746531e+00	7.532914e-03	1348173.000000	0.000000e+00
1.139811e+01	8.733735e+00	7.499471e-03	1356247.000000	0.000000e+00
1.142265e+01	8.702005e+00	7.464957e-03	1358889.000000	0.000000e+00
1.144718e+01	8.698096e+00	7.438834e-03	1367221.000000	0.000000e+00
1.147174e+01	8.668867e+00	7.395409e-03	1374043.000000	0.000000e+00
1.149628e+01	8.650636e+00	7.371197e-03	1377273.000000	0.000000e+00
1.152079e+01	8.640434e+00	7.351485e-03	1381405.000000	0.000000e+00
1.154533e+01	8.614073e+00	7.298429e-03	1393023.000000	0.000000e+00
1.156988e+01	8.599749e+00	7.284008e-03	1393897.000000	0.000000e+00
1.159441e+01	8.596989e+00	7.258214e-03	1402921.000000	0.000000e+00
1.161895e+01	8.562598e+00	7.216884e-03	1407705.000000	0.000000e+00
1.164349e+01	8.550178e+00	7.189892e-03	1414183.000000	0.000000e+00
1.166804e+01	8.542454e+00	7.169201e-03	1419789.000000	0.000000e+00
1.169259e+01	8.527050e+00	7.137316e-03	1427341.000000	0.000000e+00
1.171712e+01	8.526042e+00	7.132631e-03	1428879.000000	0.000000e+00
1.174164e+01	8.477469e+00	7.068856e-03	1438249.000000	0.000000e+00
1.176619e+01	8.496236e+00	7.067044e-03	1445365.000000	0.000000e+00
1.179072e+01	8.467787e+00	7.040322e-03	1446621.000000	0.000000e+00
1.181525e+01	8.456101e+00	7.004455e-03	1457443.000000	0.000000e+00
1.183979e+01	8.444395e+00	6.986103e-03	1461057.000000	0.000000e+00
1.186435e+01	8.437882e+00	6.959332e-03	1470049.000000	0.000000e+00
1.188889e+01	8.435005e+00	6.949017e-03	1473411.000000	0.000000e+00
1.191343e+01	8.422742e+00	6.923655e-03	1479913.000000	0.000000e+00
1.193797e+01	8.424998e+00	6.909477e-03	1486789.000000	0.000000e+00
1.196251e+01	8.403705e+00	6.880689e-03	1491687.000000	0.000000e+00
1.198703e+01	8.396766e+00	6.862492e-03	1497133.000000	0.000000e+00
1.201156e+01	8.387195e+00	6.836592e-03	1505061.000000	0.000000e+00
1.203612e+01	8.382900e+00	6.818556e-03	1511485.000000	0.000000e+00
1.206065e+01	8.366893e+00	6.796634e-03	1515447.000000	0.000000e+00
1.208515e+01	8.368564e+00	6.788192e-03	1519825.000000	0.000000e+00
1.210971e+01	8.359039e+00	6.745328e-03	1535701.000000	0.000000e+00
1.213428e+01	8.357743e+00	6.752301e-03	1532055.000000	0.000000e+00
1.215881e+01	8.345938e+00	6.714325e-03	1545061.000000	0.000000e+00
1.218336e+01	8.335519e+00	6.704753e-03	1545609.000000	0.000000e+00
1.220787e+01	8.348778e+00	6.700626e-03	1552441.000000	0.000000e+00
1.223242e+01	8.347239e+00	6.674889e-03	1563859.000000	0.000000e+00
1.225696e+01	8.345634e+00	6.674216e-03	1563573.000000	0.000000e+00
1.228148e+01	8.345621e+00	6.652863e-03	1573621.000000	0.000000e+00
1.230602e+01	8.348968e+00	6.644844e-03	1578687.000000	0.000000e+00
1.233056e+01	8.340332e+00	6.623441e-03	1585621.000000	0.000000e+00
1.235512e+01	8.343387e+00	6.605883e-03	1595229.000000	0.000000e+00
1.237965e+01	8.329914e+00	6.599130e-03	1593337.000000	0.000000e+00
1.240419e+01	8.339964e+00	6.573329e-03	1609747.000000	0.000000e+00
1.242874e+01	8.336436e+00	6.575890e-03	1607133.000000	0.000000e+00
1.245325e+01	8.345283e+00	6.564188e-03	1616293.000000	0.000000e+00
1.247780e+01	8.339677e+00	6.536931e-03	1627611.000000	0.000000e+00
1.250235e+01	8.354481e+00	6.550882e-03	1626445.000000	0.000000e+00
1.252688e+01	8.360682e+00	6.530458e-03	1639065.000000	0.000000e+00
1.255143e+01	8.367750e+00	6.530868e-03	1641631.000000	0.000000e+00
1.257596e+01	8.368833e+00	6.524805e-03	1645109.500000	0.000000e+00
1.260049e+01	8.339078e+00	6.507255e-03	1642254.000000	0.000000e+00
1.262503e+01	8.315900e+00	6.495346e-03	1639132.000000	0.000000e+00
1.264958e+01	8.294645e+00	6.483132e-03	1636914.000000	0.000000e+00
1.267411e+01	8.271515e+00	6.477392e-03	1630684.000000	0.000000e+00
1.269864e+01	8.239114e+00	6.455903e-03	1628722.000000	0.000000e+00
1.272316e+01	8.211584e+00	6.442842e-03	1624422.000000	0.000000e+00
1.274773e+01	8.200132e+00	6.428225e-03	1627270.000000	0.000000e+00
1.277225e+01	8.179379e+00	6.441974e-03	1612140.000000	0.000000e+00
1.279677e+01	8.159618e+00	6.411637e-03	1619578.000000	0.000000e+00
1.282133e+01	8.143811e+00	6.418202e-03	1610010.000000	0.000000e+00
1.284587e+01	8.114363e+00	6.393616e-03	1610704.000000	0.000000e+00
1.287043e+01	8.093312e+00	6.387829e-03	1605262.000000	0.000000e+00
1.289495e+01	8.072627e+00	6.383249e-03	1599360.000000	0.000000e+00
1.291951e+01	8.065925e+00	6.372827e-03	1601932.000000	0.000000e+00
1.294403e+01	8.040709e+00	6.379539e-03	1588584.000000	0.000000e+00
1.296853e+01	8.028681e+00	6.363849e-03	1591654.000000	0.000000e+00
1.299309e+01	7.991421e+00	6.339547e-03	1589028.000000	0.000000e+00
1.301763e+01	7.970259e+00	6.338231e-03	1581280.000000	0.000000e+00
1.304217e+01	7.950102e+00	6.322669e-03	1581046.000000	0.000000e+00
1.306670e+01	7.942958e+00	6.329197e-03	1574952.000000	0.000000e+00
1.309123e+01	7.939278e+00	6.333293e-03	1571458.000000	0.000000e+00
1.311579e+01	7.913852e+00	6.313525e-03	1571202.000000	0.000000e+00
1.314034e+01	7.906398e+00	6.321090e-03	1564492.000000	0.000000e+00
1.316488e+01	7.881278e+00	6.308823e-03	1560618.000000	0.000000e+00
1.318940e+01	7.849388e+00	6.292742e-03	1555936.000000	0.000000e+00
1.321393e+01	7.849875e+00	6.300535e-03	1552282.000000	0.000000e+00
1.323848e+01	7.821859e+00	6.278991e-03	1551816.000000	0.000000e+00
1.326302e+01	7.808110e+00	6.286201e-03	1542820.000000	0.000000e+00
1.328757e+01	7.792663e+00	6.270458e-03	1544448.000000	0.000000e+00
1.331210e+01	7.778317e+00	6.278806e-03	1534678.000000	0.000000e+00
1.333662e+01	7.744247e+00	6.254153e-03	1533280.000000	0.000000e+00
1.336117e+01	7.735752e+00	6.251779e-03	1531080.000000	0.000000e+00
1.338570e+01	7.723182e+00	6.257929e-03	1523110.000000	0.000000e+00
1.341022e+01	7.703315e+00	6.245667e-03	1521240.000000	0.000000e+00
1.343476e+01	7.688856e+00	6.242905e-03	1516876.000000	0.000000e+00
1.345932e+01	7.672096e+00	6.231906e-03	1515606.000000	0.000000e+00
1.348389e+01	7.664644e+00	6.235157e-03	1511086.000000	0.000000e+00
1.350843e+01	7.633070e+00	6.226865e-03	1502656.000000	0.000000e+00
1.353293e+01	7.628094e+00	6.230943e-03	1498734.000000	0.000000e+00
1.355748e+01	7.609740e+00	6.216390e-03	1498522.000000	0.000000e+00
1.358203e+01	7.594261e+00	6.217898e-03	1491708.000000	0.000000e+00
1.360658e+01	7.582483e+00	6.212684e-03	1489582.000000	0.000000e+00
1.363111e+01	7.570613e+00	6.221475e-03	1480728.000000	0.000000e+00
1.365563e+01	7.563138e+00	6.215652e-03	1480576.000000	0.000000e+00
1.368019e+01	7.538788e+00	6.205519e-03	1475866.000000	0.000000e+00
1.370473e+01	7.528471e+00	6.210341e-03	1469544.000000	0.000000e+00
1.372924e+01	7.503131e+00	6.201469e-03	1463848.000000	0.000000e+00
1.375380e+01	7.497935e+00	6.190247e-03	1467126.000000	0.000000e+00
1.377836e+01	7.491633e+00	6.211690e-03	1454566.000000	0.000000e+00
1.380287e+01	7.467111e+00	6.197658e-03	1451610.000000	0.000000e+00
1.382737e+01	7.448706e+00	6.194753e-03	1445818.000000	0.000000e+00
1.385191e+01	7.439730e+00	6.186865e-03	1446016.000000	0.000000e+00
1.387648e+01	7.434463e+00	6.194676e-03	1440330.000000	0.000000e+00
1.390103e+01	7.409814e+00	6.182918e-03	1436242.000000	0.000000e+00
1.392557e+01	7.401168e+00	6.193552e-03	1427976.000000	0.000000e+00
1.395012e+01	7.398035e+00	6.188907e-03	1428910.000000	0.000000e+00
1.397464e+01	7.392716e+00	6.213867e-03	1415416.000000	0.000000e+00
1.399917e+01	7.359731e+00	6.174788e-03	1420626.000000	0.000000e+00
1.402372e+01	7.366165e+00	6.206764e-03	1408486.000000	0.000000e+00
1.404824e+01	7.352907e+00	6.198783e-03	1407036.000000	0.000000e+00
1.407278e+01	7.333468e+00	6.192548e-03	1402426.000000	0.000000e+00
1.409731e+01	7.320941e+00	6.197576e-03	1395372.000000	0.000000e+00
1.412183e+01	7.315166e+00	6.198986e-03	1392538.000000	0.000000e+00
1.414639e+01	7.307568e+00	6.197462e-03	1390330.000000	0.000000e+00
1.417094e+01	7.298878e+00	6.212070e-03	1380510.000000	0.000000e+00
1.419546e+01	7.279932e+00	6.198900e-03	1379194.000000	0.000000e+00
1.422001e+01	7.267906e+00	6.203964e-03	1372398.000000	0.000000e+00
1.424455e+01	7.257721e+00	6.202600e-03	1369156.000000	0.000000e+00
1.426908e+01	7.260666e+00	6.224029e-03	1360848.000000	0.000000e+00
1.429362e+01	7.243438e+00	6.209088e-03	1360924.000000	0.000000e+00
1.431818e+01	7.236440e+00	6.222432e-03	1352476.000000	0.000000e+00
1.434273e+01	7.230350e+00	6.223669e-03	1349664.000000	0.000000e+00
1.436724e+01	7.227909e+00	6.246783e-03	1338790.000000	0.000000e+00
1.439177e+01	7.217494e+00	6.230034e-03	1342122.000000	0.000000e+00
1.441633e+01	7.206559e+00	6.246048e-03	1331206.000000	0.000000e+00
1.444087e+01	7.191790e+00	6.238362e-03	1329024.000000	0.000000e+00
1.446541e+01	7.193165e+00	6.256388e-03	1321882.000000	0.000000e+00
1.448996e+01	7.175971e+00	6.247448e-03	1319338.000000	0.000000e+00
1.451448e+01	7.173371e+00	6.270036e-03	1308900.000000	0.000000e+00
1.453902e+01	7.165262e+00	6.260027e-03	1310122.000000	0.000000e+00
1.456356e+01	7.151683e+00	6.272726e-03	1299882.000000	0.000000e+00
1.458809e+01	7.154638e+00	6.283929e-03	1296322.000000	0.000000e+00
1.461262e+01	7.140090e+00	6.281291e-03	1292140.000000	0.000000e+00
1.463716e+01	7.130455e+00	6.291668e-03	1284408.000000	0.000000e+00
1.466171e+01	7.135202e+00	6.298907e-03	1283164.000000	0.000000e+00
1.468625e+01	7.124450e+00	6.313114e-03	1273548.000000	0.000000e+00
1.471078e+01	7.123331e+00	6.321277e-03	1269862.000000	0.000000e+00
1.473534e+01	7.113205e+00	6.319292e-03	1267050.000000	0.000000e+00
1.475987e+01	7.102408e+00	6.338889e-03	1255408.000000	0.000000e+00
1.478439e+01	7.101736e+00	6.338153e-03	1255462.000000	0.000000e+00
1.480894e+01	7.101349e+00	6.359785e-03	1246800.000000	0.000000e+00
1.483348e+01	7.079863e+00	6.346904e-03	1244302.000000	0.000000e+00
1.485802e+01	7.076824e+00	6.367708e-03	1235124.000000	0.000000e+00
1.488256e+01	7.072636e+00	6.369346e-03	1233028.000000	0.000000e+00
1.490708e+01	7.060808e+00	6.385467e-03	1222710.000000	0.000000e+00
1.493162e+01	7.066733e+00	6.392666e-03	1222006.000000	0.000000e+00
1.495618e+01	7.062318e+00	6.405062e-03	1215760.000000	0.000000e+00
1.498071e+01	7.055751e+00	6.422695e-03	1206846.000000	0.000000e+00
1.500525e+01	7.049702e+00	6.423553e-03	1204456.000000	0.000000e+00
1.502980e+01	7.052064e+00	6.443942e-03	1197648.000000	0.000000e+00
1.505434e+01	7.034454e+00	6.446827e-03	1190608.000000	0.000000e+00
1.507886e+01	7.048817e+00	6.472260e-03	1186098.000000	0.000000e+00
1.510342e+01	7.044317e+00	6.481508e-03	1181206.000000	0.000000e+00
1.512796e+01	7.022735e+00	6.485031e-03	1172704.000000	0.000000e+00
1.515246e+01	7.034010e+00	6.510127e-03	1167420.000000	0.000000e+00
1.517700e+01	7.020599e+00	6.509390e-03	1163236.000000	0.000000e+00
1.520157e+01	7.027808e+00	6.527458e-03	1159182.000000	0.000000e+00
1.522611e+01	7.018630e+00	6.551780e-03	1147588.000000	0.000000e+00
1.525063e+01	7.028819e+00	6.565103e-03	1146256.000000	0.000000e+00
1.527518e+01	7.014809e+00	6.575788e-03	1137984.000000	0.000000e+00
1.529972e+01	7.023308e+00	6.598143e-03	1133026.000000	0.000000e+00
1.532424e+01	7.019035e+00	6.616393e-03	1125414.000000	0.000000e+00
1.534877e+01	7.016535e+00	6.626967e-03	1121026.000000	0.000000e+00
1.537332e+01	7.023719e+00	6.650605e-03	1115352.000000	0.000000e+00
1.539786e+01	7.006198e+00	6.656691e-03	1107766.000000	0.000000e+00
1.542240e+01	7.021783e+00	6.684036e-03	1103614.000000	0.000000e+00
1.544694e+01	7.027270e+00	6.714544e-03	1095318.000000	0.000000e+00
1.547149e+01	7.018572e+00	6.719467e-03	1091008.000000	0.000000e+00
1.549603e+01	7.024708e+00	6.746815e-03	1084074.000000	0.000000e+00
1.552054e+01	7.019781e+00	6.773125e-03	1074160.000000	0.000000e+00
1.554506e+01	7.027622e+00	6.783584e-03	1073244.000000	0.000000e+00
1.556963e+01	7.021401e+00	6.798788e-03	1066558.000000	0.000000e+00
1.559418e+01	7.019617e+00	6.824741e-03	1057924.000000	0.000000e+00
1.561873e+01	7.021812e+00	6.839410e-03	1054050.000000	0.000000e+00
1.564327e+01	7.034894e+00	6.884110e-03	1044286.000000	0.000000e+00
1.566780e+01	7.035694e+00	6.893745e-03	1041606.000000	0.000000e+00
1.569233e+01	7.034248e+00	6.928367e-03	1030798.000000	0.000000e+00
1.571685e+01	7.041546e+00	6.946502e-03	1027552.000000	0.000000e+00
1.574141e+01	7.032339e+00	6.958491e-03	1021338.000000	0.000000e+00
1.576595e+01	7.025807e+00	6.979415e-03	1013338.000000	0.000000e+00
1.579049e+01	7.055613e+00	7.026911e-03	1008186.000000	0.000000e+00
1.581502e+01	7.040411e+00	7.042545e-03	999394.000000	0.000000e+00
1.583955e+01	7.066114e+00	7.084921e-03	994698.000000	0.000000e+00
1.586407e+01	7.061596e+00	7.107718e-03	987064.000000	0.000000e+00
1.588861e+01	7.058037e+00	7.125892e-03	981046.000000	0.000000e+00
1.591315e+01	7.068661e+00	7.157324e-03	975378.000000	0.000000e+00
1.593770e+01	7.061165e+00	7.176767e-03	968044.000000	0.000000e+00
1.596225e+01	7.080003e+00	7.220404e-03	961488.000000	0.000000e+00
1.598677e+01	7.094240e+00	7.265966e-03	953290.000000	0.000000e+00
1.601131e+01	7.104395e+00	7.292533e-03	949068.000000	0.000000e+00
1.603586e+01	7.086066e+00	7.304966e-03	940966.000000	0.000000e+00
1.606040e+01	7.110412e+00	7.357207e-03	934036.000000	0.000000e+00
1.608493e+01	7.118400e+00	7.390836e-03	927636.000000	0.000000e+00
1.610947e+01	7.124970e+00	7.429086e-03	919804.000000	0.000000e+00
1.613400e+01	7.138209e+00	7.466542e-03	913986.000000	0.000000e+00
1.615854e+01	7.135454e+00	7.490020e-03	907564.000000	0.000000e+00
1.618310e+01	7.150533e+00	7.535315e-03	900480.000000	0.000000e+00
1.620765e+01	7.158511e+00	7.573511e-03	893410.000000	0.000000e+00
1.623216e+01	7.164958e+00	7.623228e-03	883384.000000	0.000000e+00
1.625669e+01	7.174865e+00	7.644177e-03	880980.000000	0.000000e+00
1.628123e+01	7.193698e+00	7.706963e-03	871240.000000	0.000000e+00
1.630580e+01	7.193680e+00	7.723895e-03	867420.000000	0.000000e+00
1.633036e+01	7.207818e+00	7.783631e-03	857518.000000	0.000000e+00
1.635486e+01	7.228289e+00	7.846497e-03	848632.000000	0.000000e+00
1.637939e+01	7.225466e+00	7.857435e-03	845610.000000	0.000000e+00
1.640395e+01	7.242589e+00	7.919651e-03	836326.000000	0.000000e+00
1.642848e+01	7.244917e+00	7.955675e-03	829302.000000	0.000000e+00
1.645298e+01	7.259980e+00	8.014961e-03	820480.000000	0.000000e+00
1.647753e+01	7.268171e+00	8.040977e-03	817020.000000	0.000000e+00
1.650209e+01	7.275413e+00	8.091928e-03	808372.000000	0.000000e+00
1.652660e+01	7.301374e+00	8.171973e-03	798280.000000	0.000000e+00
1.655114e+01	7.313329e+00	8.198912e-03	795642.000000	0.000000e+00
1.657571e+01	7.306038e+00	8.239451e-03	786262.000000	0.000000e+00
1.660025e+01	7.332674e+00	8.313946e-03	777876.000000	0.000000e+00
1.662478e+01	7.349009e+00	8.361844e-03	772420.000000	0.000000e+00
1.664931e+01	7.346024e+00	8.413051e-03	762426.000000	0.000000e+00
1.667386e+01	7.385854e+00	8.478483e-03	758866.000000	0.000000e+00
1.669842e+01	7.401338e+00	8.556134e-03	748282.000000	0.000000e+00
1.672293e+01	7.400783e+00	8.598334e-03	740844.000000	0.000000e+00
1.674748e+01	7.407628e+00	8.634913e-03	735940.000000	0.000000e+00
1.677204e+01	7.419560e+00	8.708692e-03	725856.000000	0.000000e+00
1.679655e+01	7.445288e+00	8.782643e-03	718642.000000	0.000000e+00
1.682107e+01	7.454227e+00	8.836701e-03	711582.000000	0.000000e+00
1.684563e+01	7.473254e+00	8.901968e-03	704770.000000	0.000000e+00
1.687018e+01	7.490013e+00	8.972296e-03	696880.000000	0.000000e+00
1.689472e+01	7.496442e+00	9.038460e-03	687894.000000	0.000000e+00
1.691924e+01	7.524332e+00	9.112687e-03	681778.000000	0.000000e+00
1.694378e+01	7.540772e+00	9.195312e-03	672510.000000	0.000000e+00
1.696830e+01	7.558708e+00	9.263136e-03	665854.000000	0.000000e+00
1.699283e+01	7.558409e+00	9.320608e-03	657616.000000	0.000000e+00
1.701740e+01	7.574161e+00	9.381753e-03	651780.000000	0.000000e+00
1.704195e+01	7.582822e+00	9.463501e-03	642034.000000	0.000000e+00
1.706646e+01	7.595138e+00	9.546001e-03	633036.000000	0.000000e+00
1.709097e+01	7.645055e+00	9.649309e-03	627724.000000	0.000000e+00
1.711553e+01	7.647824e+00	9.718737e-03	619236.000000	0.000000e+00
1.714008e+01	7.671221e+00	9.815477e-03	610810.000000	0.000000e+00
1.716463e+01	7.675931e+00	9.870492e-03	604762.000000	0.000000e+00
1.718918e+01	7.684793e+00	9.973071e-03	593754.000000	0.000000e+00
1.721369e+01	7.719936e+00	1.006970e-02	587752.000000	0.000000e+00
1.723823e+01	7.696750e+00	1.011683e-02	578796.000000	0.000000e+00
1.726278e+01	7.744752e+00	1.024085e-02	571930.000000	0.000000e+00
1.728731e+01	7.721340e+00	1.029095e-02	562956.000000	0.000000e+00
1.731188e+01	7.767976e+00	1.041626e-02	556150.000000	0.000000e+00
1.733641e+01	7.763129e+00	1.050286e-02	546334.000000	0.000000e+00
1.736091e+01	7.773395e+00	1.060190e-02	537594.000000	0.000000e+00
1.738543e+01	7.802510e+00	1.069379e-02	532360.000000	0.000000e+00
1.741000e+01	7.787424e+00	1.077863e-02	521988.000000	0.000000e+00
1.743456e+01	7.829112e+00	1.090012e-02	515896.000000	0.000000e+00
1.745909e+01	7.810254e+00	1.098714e-02	505314.000000	0.000000e+00
1.748363e+01	7.819192e+00	1.107288e-02	498658.000000	0.000000e+00
1.750818e+01	7.802500e+00	1.114568e-02	490066.000000	0.000000e+00
1.753269e+01	7.827550e+00	1.129845e-02	479970.000000	0.000000e+00
1.755722e+01	7.823176e+00	1.135780e-02	474436.000000	0.000000e+00
1.758176e+01	7.816626e+00	1.147545e-02	463980.000000	0.000000e+00
1.760629e+01	7.812060e+00	1.155873e-02	456784.000000	0.000000e+00
1.763083e+01	7.840187e+00	1.170874e-02	448366.000000	0.000000e+00
1.765539e+01	7.806770e+00	1.177046e-02	439902.000000	0.000000e+00
1.767993e+01	7.800712e+00	1.187999e-02	431158.000000	0.000000e+00
1.770446e+01	7.802948e+00	1.200059e-02	422778.000000	0.000000e+00
1.772897e+01	7.793298e+00	1.211824e-02	413584.000000	0.000000e+00
1.775351e+01	7.757414e+00	1.216727e-02	406488.000000	0.000000e+00
1.777808e+01	7.716643e+00	1.223548e-02	397754.500000	0.000000e+00
1.780261e+01	7.723542e+00	1.238108e-02	389149.000000	0.000000e+00
1.782713e+01	7.732881e+00	1.250828e-02	382197.000000	0.000000e+00
1.785169e+01	7.692790e+00	1.255177e-02	375628.000000	0.000000e+00
1.787623e+01	7.704602e+00	1.270494e-02	367752.000000	0.000000e+00
1.790076e+01	7.708714e+00	1.281377e-02	361918.000000	0.000000e+00
1.792530e+01	7.695792e+00	1.291389e-02	355134.000000	0.000000e+00
1.794985e+01	7.707930e+00	1.305366e-02	348667.000000	0.000000e+00
1.797440e+01	7.713937e+00	1.317218e-02	342955.000000	0.000000e+00
1.799891e+01	7.703521e+00	1.329530e-02	335724.000000	0.000000e+00
1.802344e+01	7.704152e+00	1.339020e-02	331036.000000	0.000000e+00
1.804802e+01	7.732919e+00	1.355552e-02	325428.000000	0.000000e+00
1.807255e+01	7.707497e+00	1.366240e-02	318253.000000	0.000000e+00
1.809707e+01	7.724659e+00	1.378443e-02	314037.000000	0.000000e+00
1.812164e+01	7.746562e+00	1.395496e-02	308149.000000	0.000000e+00
1.814617e+01	7.723729e+00	1.404879e-02	302257.000000	0.000000e+00
1.817068e+01	7.757311e+00	1.423140e-02	297117.000000	0.000000e+00
1.819523e+01	7.778823e+00	1.437949e-02	292645.000000	0.000000e+00
1.821979e+01	7.794208e+00	1.454776e-02	287046.000000	0.000000e+00
1.824431e+01	7.799656e+00	1.470511e-02	281329.000000	0.000000e+00
1.826883e+01	7.781878e+00	1.477763e-02	277306.000000	0.000000e+00
1.829337e+01	7.802252e+00	1.495458e-02	272202.000000	0.000000e+00
1.831793e+01	7.821307e+00	1.511613e-02	267718.000000	0.000000e+00
1.834250e+01	7.836991e+00	1.528236e-02	262977.000000	0.000000e+00
1.836701e+01	7.837480e+00	1.545788e-02	257071.000000	0.000000e+00
1.839152e+01	7.827369e+00	1.553875e-02	253746.000000	0.000000e+00
1.841609e+01	7.832724e+00	1.568900e-02	249250.000000	0.000000e+00
1.844064e+01	7.882456e+00	1.595188e-02	244174.000000	0.000000e+00
1.846515e+01	7.851249e+00	1.602329e-02	240090.000000	0.000000e+00
1.848971e+01	7.843896e+00	1.614644e-02	235999.000000	0.000000e+00
1.851428e+01	7.896483e+00	1.640175e-02	231786.000000	0.000000e+00
1.853881e+01	7.900977e+00	1.658103e-02	227059.000000	0.000000e+00
1.856328e+01	7.940551e+00	1.683855e-02	222378.000000	0.000000e+00
1.858784e+01	7.942405e+00	1.692576e-02	220195.000000	0.000000e+00
1.861244e+01	7.980268e+00	1.721061e-02	215002.000000	0.000000e+00
1.863693e+01	7.982702e+00	1.739745e-02	210537.000000	0.000000e+00
1.866143e+01	7.989370e+00	1.754863e-02	207271.000000	0.000000e+00
1.868601e+01	7.969794e+00	1.765100e-02	203871.000000	0.000000e+00
1.871055e+01	8.018311e+00	1.796284e-02	199258.000000	0.000000e+00
1.873503e+01	8.082957e+00	1.828878e-02	195331.000000	0.000000e+00
1.875958e+01	8.034245e+00	1.829090e-02	192939.000000	0.000000e+00
1.878417e+01	8.108255e+00	1.868068e-02	188395.000000	0.000000e+00
1.880870e+01	8.100762e+00	1.883475e-02	184983.000000	0.000000e+00
1.883322e+01	8.086976e+00	1.899697e-02	181219.000000	0.000000e+00
1.885775e+01	8.151379e+00	1.932719e-02	177879.000000	0.000000e+00
1.888231e+01	8.163507e+00	1.953512e-02	174631.000000	0.000000e+00
1.890684e+01	8.159964e+00	1.973870e-02	170899.000000	0.000000e+00
1.893134e+01	8.182743e+00	1.999655e-02	167451.000000	0.000000e+00
1.895590e+01	8.200377e+00	2.019558e-02	164875.000000	0.000000e+00
1.898046e+01	8.266322e+00	2.061030e-02	160863.000000	0.000000e+00
1.900495e+01	8.302584e+00	2.091391e-02	157600.000000	0.000000e+00
1.902946e+01	8.238554e+00	2.093601e-02	154851.000000	0.000000e+00
1.905406e+01	8.380377e+00	2.148680e-02	152119.000000	0.000000e+00
1.907863e+01	8.374918e+00	2.173940e-02	148411.000000	0.000000e+00
1.910311e+01	8.374788e+00	2.199767e-02	144942.000000	0.000000e+00
1.912765e+01	8.383211e+00	2.216703e-02	143023.000000	0.000000e+00
1.915226e+01	8.429393e+00	2.255599e-02	139659.000000	0.000000e+00
1.917678e+01	8.471748e+00	2.295201e-02	136240.000000	0.000000e+00
1.920124e+01	8.511194e+00	2.330138e-02	133419.000000	0.000000e+00
1.922581e+01	8.490190e+00	2.342222e-02	131395.000000	0.000000e+00
1.925040e+01	8.562418e+00	2.393979e-02	127924.000000	0.000000e+00
1.927489e+01	8.573173e+00	2.424675e-02	125019.000000	0.000000e+00
1.929941e+01	8.606622e+00	2.456510e-02	122752.000000	0.000000e+00
1.932402e+01	8.657845e+00	2.495906e-02	120327.000000	0.000000e+00
1.934855e+01	8.672980e+00	2.539174e-02	116668.000000	0.000000e+00
1.937298e+01	8.708031e+00	2.576577e-02	114223.000000	0.000000e+00
1.939755e+01	8.733605e+00	2.600497e-02	112791.000000	0.000000e+00
1.942217e+01	8.769155e+00	2.652307e-02	109312.000000	0.000000e+00
1.944667e+01	8.791206e+00	2.688555e-02	106920.000000	0.000000e+00
1.947113e+01	8.881712e+00	2.754036e-02	104005.000000	0.000000e+00
1.949570e+01	8.842341e+00	2.757797e-02	102804.000000	0.000000e+00
1.952032e+01	8.880920e+00	2.813589e-02	99631.000000	0.000000e+00
1.954482e+01	8.913999e+00	2.860521e-02	97108.000000	0.000000e+00
1.956930e+01	9.043953e+00	2.935250e-02	94935.000000	0.000000e+00
1.959391e+01	9.055132e+00	2.966935e-02	93148.000000	0.000000e+00
1.961850e+01	9.079960e+00	3.020819e-02	90348.000000	0.000000e+00
1.964294e+01	9.095550e+00	3.071296e-02	87703.000000	0.000000e+00
1.966740e+01	9.188746e+00	3.131953e-02	86076.000000	0.000000e+00
1.969204e+01	9.207682e+00	3.169415e-02	84400.000000	0.000000e+00
1.971660e+01	9.254590e+00	3.245108e-02	81331.000000	0.000000e+00
1.974103e+01	9.263037e+00	3.286253e-02	79452.000000	0.000000e+00
1.976563e+01	9.364621e+00	3.349638e-02	78160.000000	0.000000e+00
1.979032e+01	9.436927e+00	3.428777e-02	75750.000000	0.000000e+00
1.981482e+01	9.476914e+00	3.504037e-02	73147.000000	0.000000e+00
1.983914e+01	9.496237e+00	3.568602e-02	70812.000000	0.000000e+00
1.986374e+01	9.571741e+00	3.601454e-02	70636.000000	0.000000e+00
1.988844e+01	9.541683e+00	3.670530e-02	67576.000000	0.000000e+00
1.991292e+01	9.586573e+00	3.739310e-02	65727.000000	0.000000e+00
1.993736e+01	9.721978e+00	3.850900e-02	63736.000000	0.000000e+00
1.996197e+01	9.723649e+00	3.883623e-02	62688.000000	0.000000e+00
1.998658e+01	9.807689e+00	3.995855e-02	60244.000000	0.000000e+00
2.001095e+01	9.818506e+00	4.074385e-02	58072.000000	0.000000e+00
2.003547e+01	9.950908e+00	4.151729e-02	57447.000000	0.000000e+00
2.006019e+01	1.007501e+01	4.280846e-02	55390.000000	0.000000e+00
2.008472e+01	1.009340e+01	4.369316e-02	53364.000000	0.000000e+00
2.010903e+01	1.015259e+01	4.483876e-02	51268.000000	0.000000e+00
2.013363e+01	1.016064e+01	4.492870e-02	51144.000000	0.000000e+00
2.015842e+01	1.030141e+01	4.664566e-02	48772.000000	0.000000e+00
2.018288e+01	1.037294e+01	4.793461e-02	46828.000000	0.000000e+00
2.020721e+01	1.041442e+01	4.889235e-02	45372.000000	0.000000e+00
2.023181e+01	1.043127e+01	4.942729e-02	44539.000000	0.000000e+00
2.025650e+01	1.054135e+01	5.100121e-02	42720.000000	0.000000e+00
2.028095e+01	1.063172e+01	5.254734e-02	40936.000000	0.000000e+00
2.030542e+01	1.068263e+01	5.342785e-02	39978.000000	0.000000e+00
2.033011e+01	1.086374e+01	5.528925e-02	38608.000000	0.000000e+00
2.035466e+01	1.082921e+01	5.638072e-02	36892.000000	0.000000e+00
2.037892e+01	1.090044e+01	5.809292e-02	35208.000000	0.000000e+00
2.040348e+01	1.097124e+01	5.862701e-02	35020.000000	0.000000e+00
2.042837e+01	1.097633e+01	6.008500e-02	33372.000000	0.000000e+00
2.045281e+01	1.108840e+01	6.255556e-02	31420.000000	0.000000e+00
2.047697e+01	1.136849e+01	6.525861e-02	30348.000000	0.000000e+00
2.050165e+01	1.136321e+01	6.556180e-02	30040.000000	0.000000e+00
2.052659e+01	1.133497e+01	6.710964e-02	28528.000000	0.000000e+00
2.055100e+01	1.144976e+01	7.017396e-02	26622.000000	0.000000e+00
2.057510e+01	1.148629e+01	7.153827e-02	25780.000000	0.000000e+00
2.059985e+01	1.191225e+01	7.466774e-02	25452.000000	0.000000e+00
2.062477e+01	1.174171e+01	7.582402e-02	23980.000000	0.000000e+00
2.064904e+01	1.200110e+01	8.053882e-02	22204.000000	0.000000e+00
2.067328e+01	1.196613e+01	8.081536e-02	21924.000000	0.000000e+00
2.069813e+01	1.212323e+01	8.355484e-02	21052.000000	0.000000e+00
2.072282e+01	1.232397e+01	8.774234e-02	19728.000000	0.000000e+00
2.074689e+01	1.241902e+01	9.176397e-02	18316.000000	0.000000e+00
2.077148e+01	1.264228e+01	9.289268e-02	18522.000000	0.000000e+00
2.079650e+01	1.259510e+01	9.644127e-02	17056.000000	0.000000e+00
2.082086e+01	1.254028e+01	9.944778e-02	15901.000000	0.000000e+00
2.084494e+01	1.275282e+01	1.036712e-01	15132.000000	0.000000e+00
2.086988e+01	1.308796e+01	1.068058e-01	15016.000000	0.000000e+00
2.089484e+01	1.310240e+01	1.125178e-01	13560.000000	0.000000e+00
2.091874e+01	1.309098e+01	1.173902e-01	12436.000000	0.000000e+00
2.094286e+01	1.343444e+01	1.210752e-01	12312.000000	0.000000e+00
2.096835e+01	1.335876e+01	1.218670e-01	12016.000000	0.000000e+00
2.099333e+01	1.385374e+01	1.357558e-01	10414.000000	0.000000e+00
2.101635e+01	1.382489e+01	1.435427e-01	9276.000000	0.000000e+00
2.104066e+01	1.411373e+01	1.414134e-01	9961.000000	0.000000e+00
2.106684e+01	1.421174e+01	1.479427e-01	9228.000000	0.000000e+00
2.109169e+01	1.424641e+01	1.620167e-01	7732.000000	0.000000e+00
2.111385e+01	1.448216e+01	1.761929e-01	6756.000000	0.000000e+00
2.113864e+01	1.449748e+01	1.646166e-01	7756.000000	0.000000e+00
2.116547e+01	1.482197e+01	1.794791e-01	6820.000000	0.000000e+00
2.118998e+01	1.529454e+01	2.089465e-01	5358.000000	0.000000e+00
2.121167e+01	1.517203e+01	2.147153e-01	4993.000000	0.000000e+00
2.123701e+01	1.543266e+01	2.077166e-01	5520.000000	0.000000e+00
2.126409e+01	1.547181e+01	2.235027e-01	4792.000000	0.000000e+00
2.128812e+01	1.600788e+01	2.730909e-01	3436.000000	0.000000e+00
2.130920e+01	1.603360e+01	2.717949e-01	3480.000000	0.000000e+00
2.133536e+01	1.610747e+01	2.640569e-01	3721.000000	0.000000e+00
2.136298e+01	1.604816e+01	2.867573e-01	3132.000000	0.000000e+00
2.138535e+01	1.660187e+01	3.941669e-01	1774.000000	0.000000e+00
2.140616e+01	1.670449e+01	3.401297e-01	2412.000000	0.000000e+00
2.143360e+01	1.696804e+01	3.607773e-01	2212.000000	0.000000e+00
2.146162e+01	1.715660e+01	4.002917e-01	1837.000000	0.000000e+00
2.148292e+01	1.761000e+01	6.164732e-01	816.000000	0.000000e+00
2.150387e+01	1.803544e+01	4.869112e-01	1372.000000	0.000000e+00
2.153200e+01	1.768802e+01	5.352638e-01	1092.000000	0.000000e+00
2.156014e+01	1.920545e+01	6.610790e-01	844.000000	0.000000e+00
2.158178e+01	1.901474e+01	1.032739e+00	339.000000	0.000000e+00
2.160234e+01	1.938452e+01	8.404255e-01	532.000000	0.000000e+00
2.163046e+01	1.947082e+01	1.020548e+00	364.000000	0.000000e+00
2.165853e+01	1.926593e+01	1.275917e+00	228.000000	0.000000e+00
2.168066e+01	2.232385e+01	2.612809e+00	73.000000	0.000000e+00
2.170037e+01	2.039740e+01	2.225539e+00	84.000000	0.000000e+00
2.172766e+01	1.382798e+01	2.613243e+00	28.000000	0.000000e+00
2.175143e+01	3.803602e+01	2.196011e+01	3.000000	0.000000e+00
