# [<k> (h/Mpc)]	orig	decomp	decomp-bis										
0.0347642200	14995.7500000000	15000.2600000000	15002.3700000000										
0.0589028200	10983.0800000000	10979.7200000000	10979.2300000000										
0.0837808700	6473.9620000000	6475.7650000000	6476.4530000000										
0.1087368000	4976.1200000000	4976.2860000000	4976.5080000000										
0.1341836000	3721.3250000000	3721.1980000000	3721.1990000000										
0.1581206000	2746.5080000000	2746.6490000000	2746.8270000000										
0.1826843000	2127.0480000000	2127.0460000000	2127.1600000000										
0.2073525000	1961.7230000000	1961.7940000000	1962.0450000000										
0.2322407000	1713.0320000000	1713.2000000000	1713.3790000000										
0.2568838000	1444.1550000000	1444.1430000000	1444.3330000000										
0.2811185000	1310.2080000000	1310.2680000000	1310.1510000000										
0.3057758000	1160.5150000000	1160.3390000000	1160.0440000000										
0.3308750000	1120.1140000000	1120.3210000000	1120.3660000000										
0.3553459000	1038.5040000000	1038.6610000000	1038.6060000000										
0.3797184000	889.0596000000	889.1853000000	889.0811000000										
0.4042043000	866.3303000000	866.4922000000	866.4792000000										
0.4287408000	782.3067000000	782.2172000000	782.1027000000										
0.4533372000	765.9140000000	765.9650000000	766.1430000000										
0.4779960000	719.1251000000	719.2264000000	719.2471000000										
0.5026630000	682.5501000000	682.5633000000	682.6316000000										
0.5271488000	617.3688000000	617.4438000000	617.5576000000										
0.5515428000	601.2603000000	601.2626000000	601.2657000000										
0.5762241000	566.2284000000	566.2916000000	566.2890000000										
0.6007286000	570.1290000000	570.1393000000	570.1068000000										
0.6252569000	541.6216000000	541.6119000000	541.5643000000										
0.6499966000	526.2176000000	526.2807000000	526.3706000000										
0.6746858000	493.1031000000	493.0482000000	493.0878000000										
0.6991271000	486.1328000000	486.1353000000	486.1651000000										
0.7235757000	468.0769000000	468.1484000000	468.2497000000										
0.7479714000	451.5457000000	451.6339000000	451.6530000000										
0.7726133000	440.6447000000	440.6380000000	440.6730000000										
0.7972413000	422.2403000000	422.3610000000	422.3706000000										
0.8218513000	414.6695000000	414.6487000000	414.5419000000										
0.8464491000	397.6532000000	397.7257000000	397.8674000000										
0.8709767000	390.7023000000	390.7193000000	390.7575000000										
0.8955547000	376.0324000000	375.9966000000	375.9844000000										
0.9199772000	367.7558000000	367.7854000000	367.7858000000										
0.9444963000	366.2257000000	366.2824000000	366.3042000000										
0.9690846000	357.1703000000	357.1901000000	357.1935000000										
0.9935517000	349.2085000000	349.3061000000	349.3973000000										
1.0180990000	341.2835000000	341.3104000000	341.3116000000										
1.0426790000	332.3856000000	332.4561000000	332.4597000000										
1.0673530000	323.3726000000	323.4472000000	323.6038000000										
1.0920040000	314.6700000000	314.6629000000	314.7570000000										
1.1165490000	308.2670000000	308.3239000000	308.3748000000										
1.1409670000	304.4494000000	304.5103000000	304.4370000000										
1.1654100000	294.1981000000	294.2597000000	294.2757000000										
1.1899420000	284.4119000000	284.4755000000	284.5051000000										
1.2143400000	283.7052000000	283.7737000000	283.9002000000										
1.2388240000	277.4131000000	277.4506000000	277.5471000000										
1.2636160000	268.5029000000	268.5758000000	268.6735000000										
1.2882780000	264.4026000000	264.4919000000	264.6112000000										
1.3126980000	257.9218000000	257.9628000000	258.0253000000										
1.3371290000	252.1622000000	252.2336000000	252.3440000000										
1.3618460000	249.8744000000	249.9391000000	250.0045000000										
1.3864590000	243.7739000000	243.8349000000	243.9833000000										
1.4107600000	237.9835000000	237.9960000000	238.0615000000										
1.4352940000	237.8489000000	237.8716000000	237.9629000000										
1.4599660000	230.4570000000	230.5182000000	230.6469000000										
1.4845530000	226.7696000000	226.8184000000	226.9605000000										
1.5090590000	224.1877000000	224.2254000000	224.3683000000										
1.5335650000	217.6664000000	217.7103000000	217.8313000000										
1.5582840000	217.1905000000	217.2645000000	217.4689000000										
1.5828180000	212.5927000000	212.6519000000	212.8354000000										
1.6072590000	208.3810000000	208.3876000000	208.4758000000										
1.6318090000	204.0970000000	204.1605000000	204.3221000000										
1.6563660000	200.0469000000	200.0989000000	200.2602000000										
1.6809250000	197.9559000000	197.9900000000	198.1173000000										
1.7052570000	193.0434000000	193.0956000000	193.3014000000										
1.7298060000	190.4818000000	190.4901000000	190.5804000000										
1.7544620000	186.9954000000	187.0567000000	187.2156000000										
1.7789920000	182.0170000000	182.0629000000	182.2073000000										
1.8034110000	179.2719000000	179.3037000000	179.4513000000										
1.8279630000	178.2108000000	178.2766000000	178.4372000000										
1.8526470000	173.1626000000	173.2387000000	173.3975000000										
1.8772490000	171.5430000000	171.5675000000	171.7669000000										
1.9017330000	167.4773000000	167.5618000000	167.8055000000										
1.9262410000	164.3727000000	164.4554000000	164.6284000000										
1.9508300000	162.3228000000	162.3587000000	162.4950000000										
1.9753080000	160.9245000000	161.0175000000	161.1063000000										
1.9997290000	158.3577000000	158.3595000000	158.5111000000										
2.0244190000	154.2102000000	154.2989000000	154.5008000000										
2.0491260000	151.6870000000	151.7377000000	151.8940000000										
2.0735080000	150.5986000000	150.6537000000	150.8017000000										
2.0978460000	148.2302000000	148.2920000000	148.4517000000										
2.1224730000	145.0695000000	145.1216000000	145.3080000000										
2.1471060000	142.9880000000	143.0725000000	143.2895000000										
2.1716010000	140.9596000000	141.0114000000	141.2033000000										
2.1961580000	138.2571000000	138.3321000000	138.5679000000										
2.2207350000	136.5075000000	136.5958000000	136.8643000000										
2.2452510000	134.7936000000	134.8679000000	135.0823000000										
2.2697290000	132.9324000000	133.0043000000	133.2488000000										
2.2942710000	131.0655000000	131.1523000000	131.3492000000										
2.3189280000	128.3471000000	128.4392000000	128.6409000000										
2.3435380000	126.4883000000	126.5641000000	126.7478000000										
2.3680260000	124.8813000000	124.9832000000	125.1727000000										
2.3924230000	121.5233000000	121.5810000000	121.7681000000										
2.4168630000	119.8348000000	119.9224000000	120.1026000000										
2.4415090000	119.1177000000	119.1773000000	119.3854000000										
2.4660800000	116.9114000000	116.9953000000	117.2141000000										
2.4905750000	115.1353000000	115.2448000000	115.4781000000										
2.5151860000	113.7515000000	113.8119000000	113.9715000000										
2.5397770000	112.5798000000	112.6804000000	112.8912000000										
2.5642150000	111.0678000000	111.1491000000	111.3273000000										
2.5887070000	109.4220000000	109.5072000000	109.7364000000										
2.6133370000	107.4040000000	107.4963000000	107.7203000000										
2.6379250000	106.8807000000	106.9707000000	107.1655000000										
2.6624200000	104.1901000000	104.2762000000	104.4772000000										
2.6869630000	102.6902000000	102.7904000000	102.9975000000										
2.7115150000	102.1925000000	102.2662000000	102.4635000000										
2.7359820000	100.1996000000	100.2917000000	100.5045000000										
2.7605730000	98.8851100000	98.9709400000	99.2053200000										
2.7852370000	97.1490400000	97.2068800000	97.3920600000										
2.8096710000	96.5585500000	96.6412200000	96.8725600000										
2.8341510000	94.7002300000	94.8018200000	95.0347500000										
2.8587220000	93.4553900000	93.5138300000	93.6812300000										
2.8832500000	92.7868400000	92.8769900000	93.0696200000										
2.9078190000	90.9757700000	91.0614700000	91.2499900000										
2.9323350000	90.0239500000	90.1046300000	90.2932900000										
2.9569140000	88.5317500000	88.6167800000	88.8341400000										
2.9814490000	87.2458800000	87.3332500000	87.5289800000										
3.0058760000	86.4436500000	86.5340900000	86.7109800000										
3.0304030000	85.3595900000	85.4473900000	85.6564000000										
3.0550410000	84.0111100000	84.1049900000	84.3434800000										
3.0796920000	82.9994300000	83.0950200000	83.3060700000										
3.1042410000	81.9463500000	82.0134500000	82.2012400000										
3.1287100000	81.2344200000	81.3075600000	81.5181500000										
3.1531230000	80.1924200000	80.2744600000	80.4969000000										
3.1776190000	79.0230400000	79.1133600000	79.3185200000										
3.2021850000	78.4213400000	78.5068700000	78.7164500000										
3.2267080000	77.0335100000	77.1257000000	77.3359300000										
3.2513210000	76.0630400000	76.1485800000	76.3435500000										
3.2758820000	75.0072300000	75.0961900000	75.3150600000										
3.3003930000	74.3503700000	74.4379300000	74.6665600000										
3.3249550000	73.3075600000	73.3978000000	73.6146700000										
3.3495280000	72.6853900000	72.7783000000	72.9822100000										
3.3740870000	71.8311800000	71.9203500000	72.1326100000										
3.3985410000	70.7930200000	70.8867600000	71.0884200000										
3.4230110000	70.0226200000	70.1293100000	70.3392400000										
3.4475460000	68.9187600000	69.0088900000	69.2322000000										
3.4721760000	68.3200500000	68.4100500000	68.6317800000										
3.4967720000	67.5268200000	67.6209100000	67.8137700000										
3.5213020000	66.8187000000	66.9050400000	67.1254700000										
3.5458450000	65.7040000000	65.7996200000	66.0191200000										
3.5703510000	65.4061000000	65.4891800000	65.7331900000										
3.5948170000	64.2996300000	64.3965800000	64.6195300000										
3.6193400000	64.0201300000	64.1241600000	64.3802700000										
3.6439210000	63.0807600000	63.1787300000	63.4135500000										
3.6685010000	62.2183500000	62.3089700000	62.5401700000										
3.6930830000	61.4593400000	61.5619200000	61.8080500000										
3.7176360000	60.4737600000	60.5621500000	60.8045900000										
3.7421230000	60.1628800000	60.2614200000	60.4675200000										
3.7666230000	59.5398200000	59.6238300000	59.8492700000										
3.7912110000	58.9079200000	59.0114400000	59.2393700000										
3.8157400000	58.0711000000	58.1725900000	58.4192100000										
3.8402500000	57.4462400000	57.5308400000	57.7537500000										
3.8648160000	57.1795000000	57.2594300000	57.4738400000										
3.8894160000	56.5948500000	56.6828900000	56.9193500000										
3.9139840000	55.7834200000	55.8865500000	56.1350300000										
3.9384390000	54.9105400000	54.9951000000	55.2536800000										
3.9628560000	54.5088400000	54.6045200000	54.8434000000										
3.9874080000	53.7945300000	53.8987200000	54.1393400000										
4.0119510000	53.3383900000	53.4411400000	53.7031500000										
4.0365020000	52.8090400000	52.9149700000	53.1754000000										
4.0611010000	52.3891200000	52.4843100000	52.7229300000										
4.0856320000	51.8061000000	51.9116700000	52.1647600000										
4.1102260000	51.3913300000	51.4978800000	51.7325200000										
4.1347600000	50.7485200000	50.8317600000	51.0624600000										
4.1592470000	50.2844300000	50.3908800000	50.6369000000										
4.1838070000	49.5773300000	49.6728300000	49.9272900000										
4.2083210000	49.0849700000	49.1686200000	49.3863200000										
4.2328390000	48.6375400000	48.7427900000	48.9656500000										
4.2573760000	48.3329900000	48.4299500000	48.6789600000										
4.2819440000	47.5335100000	47.6187100000	47.8535800000										
4.3065050000	47.1795200000	47.2859900000	47.5403700000										
4.3310330000	46.5460500000	46.6449700000	46.8956100000										
4.3556170000	46.1100800000	46.1974800000	46.4464600000										
4.3801610000	45.7770200000	45.8806000000	46.1264800000										
4.4046760000	45.5130600000	45.6189300000	45.8664500000										
4.4292490000	44.8907200000	44.9914200000	45.2403800000										
4.4537720000	44.6435500000	44.7527800000	44.9942300000										
4.4782820000	43.9941800000	44.0891500000	44.3291100000										
4.5027770000	43.7274400000	43.8239800000	44.0632600000										
4.5272890000	43.3628200000	43.4752900000	43.7257200000										
4.5518890000	42.6594200000	42.7554500000	43.0136300000										
4.5764260000	42.4073400000	42.5175700000	42.7718200000										
4.6008930000	41.9234200000	42.0261300000	42.2728400000										
4.6254670000	41.4726600000	41.5698000000	41.8147400000										
4.6500350000	41.3802400000	41.4834500000	41.7249800000										
4.6745410000	40.8284600000	40.9452000000	41.2041500000										
4.6991040000	40.2308500000	40.3306300000	40.5769900000										
4.7236700000	40.0250800000	40.1272400000	40.3569500000										
4.7481820000	39.7001300000	39.8128300000	40.0738200000										
4.7726820000	39.3383100000	39.4312600000	39.6770500000										
4.7972030000	38.9820900000	39.0873000000	39.3389900000										
4.8217550000	38.6109500000	38.7178100000	38.9656400000										
4.8463610000	38.3491300000	38.4559400000	38.6982400000										
4.8709150000	37.8677500000	37.9636100000	38.2152100000										
4.8954260000	37.6176100000	37.7212600000	37.9666800000										
4.9199520000	37.4209400000	37.5288100000	37.7831400000										
4.9444960000	36.9414000000	37.0516400000	37.3032800000										
4.9690130000	36.5581100000	36.6618800000	36.9153400000										
4.9935620000	36.3183700000	36.4274400000	36.6881900000										
5.0181380000	35.9723500000	36.0716200000	36.3250800000										
5.0426420000	35.6448400000	35.7444100000	35.9913300000										
5.0672150000	35.2074700000	35.3097600000	35.5711800000										
5.0917750000	35.1102300000	35.2166000000	35.4619700000										
5.1163090000	34.8250600000	34.9358600000	35.1830600000										
5.1408380000	34.4608200000	34.5717600000	34.8166900000										
5.1653330000	34.2320100000	34.3366100000	34.5888000000										
5.1898180000	33.9760100000	34.0848500000	34.3288700000										
5.2143510000	33.6107800000	33.7111500000	33.9599700000										
5.2389470000	33.4273000000	33.5324400000	33.7932700000										
5.2634790000	33.0491700000	33.1550900000	33.4070600000										
5.2880020000	32.7865300000	32.8930400000	33.1574200000										
5.3125460000	32.4169800000	32.5218000000	32.7669000000										
5.3371210000	32.2898100000	32.3983400000	32.6561900000										
5.3616720000	32.0261400000	32.1369100000	32.3919800000										
5.3861960000	31.7483000000	31.8506700000	32.1095800000										
5.4107150000	31.5141500000	31.6243700000	31.8781500000										
5.4352440000	31.2072900000	31.3179500000	31.5850800000										
5.4598230000	30.8980800000	31.0110300000	31.2685700000										
5.4843890000	30.7222400000	30.8353700000	31.0872800000										
5.5088890000	30.4845800000	30.5941300000	30.8552000000										
5.5334640000	30.2351700000	30.3424600000	30.6100700000										
5.5580360000	29.9902200000	30.1020200000	30.3702900000										
5.5824840000	29.6908700000	29.8061200000	30.0637400000										
5.6069560000	29.4077900000	29.5169800000	29.7828100000										
5.6315600000	29.2573300000	29.3667500000	29.6297600000										
5.6561680000	28.9732500000	29.0799200000	29.3431300000										
5.6806980000	28.7501900000	28.8554000000	29.1143100000										
5.7052040000	28.5466000000	28.6653000000	28.9302300000										
5.7297040000	28.4384900000	28.5542700000	28.8196700000										
5.7542320000	28.0501400000	28.1661100000	28.4230100000										
5.7787720000	27.8173600000	27.9256500000	28.1747600000										
5.8033420000	27.5936800000	27.7146500000	27.9738200000										
5.8279020000	27.3625700000	27.4777800000	27.7329900000										
5.8524090000	27.2358200000	27.3578200000	27.6163200000										
5.8769570000	27.0432900000	27.1583100000	27.4195700000										
5.9015340000	26.8602000000	26.9680500000	27.2275700000										
5.9260300000	26.6264300000	26.7490700000	27.0114000000										
5.9505480000	26.5416900000	26.6551600000	26.9141000000										
5.9751370000	26.1967000000	26.3151500000	26.5862200000										
5.9996570000	25.9732100000	26.0892000000	26.3558700000										
6.0241610000	25.8979700000	26.0164700000	26.2766900000										
6.0487140000	25.6696200000	25.7905700000	26.0570800000										
6.0732670000	25.5125700000	25.6298600000	25.8943300000										
6.0978680000	25.2844900000	25.4012100000	25.6676100000										
6.1223690000	25.0949800000	25.2109900000	25.4747500000										
6.1468670000	24.8832000000	24.9979300000	25.2627900000										
6.1714520000	24.7791500000	24.8993700000	25.1795900000										
6.1959740000	24.5494900000	24.6649600000	24.9320300000										
6.2204440000	24.3607300000	24.4735800000	24.7548200000										
6.2449860000	24.2556800000	24.3801100000	24.6555200000										
6.2695880000	23.9445800000	24.0620900000	24.3417400000										
6.2941240000	23.7940200000	23.9119100000	24.1850400000										
6.3186330000	23.6532800000	23.7764700000	24.0486000000										
6.3432020000	23.4768700000	23.5922600000	23.8658100000										
6.3677700000	23.3208400000	23.4372500000	23.7195900000										
6.3922880000	23.1815700000	23.2982300000	23.5692900000										
6.4168370000	23.0109000000	23.1284800000	23.3962800000										
6.4413830000	22.8385800000	22.9580300000	23.2330500000										
6.4659130000	22.6753000000	22.8002100000	23.0823100000										
6.4904330000	22.5850600000	22.7078300000	22.9880100000										
6.5149460000	22.3243000000	22.4447700000	22.7204600000										
6.5395180000	22.2214400000	22.3408800000	22.6173600000										
6.5640590000	22.0161900000	22.1383300000	22.4186700000										
6.5885870000	21.9275800000	22.0411200000	22.3240300000										
6.6131100000	21.7165100000	21.8372700000	22.1178200000										
6.6376220000	21.5918700000	21.7100000000	21.9834100000										
6.6621720000	21.3973000000	21.5214200000	21.7975700000										
6.6866930000	21.2738400000	21.3892800000	21.6715700000										
6.7112270000	21.1140500000	21.2352100000	21.5215300000										
6.7357770000	20.9471800000	21.0705300000	21.3558200000										
6.7603230000	20.8590100000	20.9800600000	21.2611000000										
6.7848550000	20.6786700000	20.8028800000	21.0784700000										
6.8094270000	20.5932100000	20.7116400000	20.9868000000										
6.8339790000	20.4828900000	20.6057400000	20.8959300000										
6.8585030000	20.3369200000	20.4612000000	20.7441600000										
6.8830550000	20.2012900000	20.3219100000	20.6085000000										
6.9075840000	20.0467000000	20.1637100000	20.4447200000										
6.9321340000	19.9479300000	20.0720200000	20.3620000000										
6.9566690000	19.7404200000	19.8606400000	20.1448400000										
6.9812210000	19.6180600000	19.7426900000	20.0326000000										
7.0057530000	19.4918300000	19.6120500000	19.9091600000										
7.0302330000	19.3318500000	19.4591700000	19.7521800000										
7.0547820000	19.2868300000	19.4110300000	19.7040000000										
7.0793430000	19.1526600000	19.2724100000	19.5652900000										
7.1038830000	18.9821500000	19.1022200000	19.4008800000										
7.1284240000	18.8817900000	19.0083900000	19.3123700000										
7.1529650000	18.7749200000	18.8964100000	19.1913900000										
7.1775010000	18.6071700000	18.7266100000	19.0265700000										
7.2020130000	18.4990700000	18.6205300000	18.9235100000										
7.2265770000	18.3853400000	18.5082200000	18.8027600000										
7.2511250000	18.2981600000	18.4202200000	18.7232200000										
7.2756510000	18.2096500000	18.3335500000	18.6325500000										
7.3002260000	18.0447700000	18.1668500000	18.4620300000										
7.3247590000	17.9638900000	18.0871500000	18.3817200000										
7.3492990000	17.7942800000	17.9224500000	18.2185200000										
7.3738250000	17.7050200000	17.8325000000	18.1303700000										
7.3983120000	17.5750900000	17.7015400000	17.9989000000										
7.4228920000	17.5330300000	17.6651200000	17.9684700000										
7.4474420000	17.3259800000	17.4512400000	17.7383400000										
7.4719560000	17.2696100000	17.3968800000	17.6989500000										
7.4964990000	17.1391500000	17.2663400000	17.5627000000										
7.5210140000	17.0845300000	17.2105800000	17.5086700000										
7.5455570000	16.9533200000	17.0806700000	17.3758000000										
7.5700860000	16.8254400000	16.9501000000	17.2543300000										
7.5946130000	16.7423500000	16.8696600000	17.1703900000										
7.6191720000	16.5903600000	16.7146600000	17.0097900000										
7.6437560000	16.5399000000	16.6652300000	16.9748700000										
7.6682630000	16.4444500000	16.5742600000	16.8744900000										
7.6927770000	16.3614500000	16.4861900000	16.7919700000										
7.7173710000	16.2486700000	16.3773900000	16.6770500000										
7.7419290000	16.1502500000	16.2806900000	16.5854800000										
7.7664570000	16.0435000000	16.1684600000	16.4858400000										
7.7909530000	15.9554600000	16.0831400000	16.3884400000										
7.8154890000	15.8538300000	15.9785900000	16.2839300000										
7.8400500000	15.7540700000	15.8853900000	16.1942000000										
7.8645880000	15.6608500000	15.7894900000	16.0975400000										
7.8891260000	15.5606600000	15.6881200000	15.9927400000										
7.9136430000	15.4746100000	15.6043500000	15.9186200000										
7.9381810000	15.3748400000	15.5026600000	15.8129100000										
7.9627600000	15.3364400000	15.4642300000	15.7789900000										
7.9873110000	15.2060200000	15.3358700000	15.6488500000										
8.0118110000	15.0662400000	15.1956400000	15.4965800000										
8.0363250000	15.0401900000	15.1702300000	15.4827900000										
8.0608680000	14.9160600000	15.0420500000	15.3558600000										
8.0854460000	14.8598300000	14.9941600000	15.3102700000										
8.1099890000	14.7677300000	14.9011700000	15.2125900000										
8.1344710000	14.6975000000	14.8252600000	15.1371600000										
8.1590380000	14.5806600000	14.7138700000	15.0247900000										
8.1835980000	14.5209700000	14.6498800000	14.9635200000										
8.2080730000	14.4599400000	14.5896200000	14.9067200000										
8.2325900000	14.3866300000	14.5173600000	14.8369000000										
8.2571440000	14.2819000000	14.4122200000	14.7281300000										
8.2817100000	14.1799100000	14.3135500000	14.6299900000										
8.3062710000	14.1020000000	14.2325600000	14.5496500000										
8.3308260000	14.0577700000	14.1868500000	14.5034400000										
8.3553740000	13.9585200000	14.0923900000	14.4104300000										
8.3799010000	13.8800300000	14.0142600000	14.3417900000										
8.4044180000	13.8061900000	13.9387500000	14.2624400000										
8.4289280000	13.7073100000	13.8413000000	14.1641500000										
8.4535040000	13.6088400000	13.7359700000	14.0538600000										
8.4780510000	13.5588700000	13.6931200000	14.0173100000										
8.5025800000	13.4973500000	13.6276000000	13.9498400000										
8.5271380000	13.4409200000	13.5745400000	13.8998100000										
8.5516340000	13.3441700000	13.4794500000	13.8083700000										
8.5761560000	13.2757600000	13.4095900000	13.7341200000										
8.6006970000	13.1982800000	13.3332600000	13.6591000000										
8.6252590000	13.1246200000	13.2582900000	13.5869700000										
8.6498360000	13.0486900000	13.1814600000	13.5093900000										
8.6743760000	12.9776900000	13.1108200000	13.4390500000										
8.6989270000	12.9177000000	13.0507000000	13.3822600000										
8.7234500000	12.8535800000	12.9840900000	13.3117400000										
8.7479570000	12.7600600000	12.8939600000	13.2219800000										
8.7725210000	12.7048700000	12.8370800000	13.1666700000										
8.7970470000	12.6117300000	12.7462600000	13.0785700000										
8.8215410000	12.5676600000	12.7022300000	13.0365000000										
8.8460760000	12.5117400000	12.6461700000	12.9755100000										
8.8706410000	12.4646200000	12.5956400000	12.9252800000										
8.8951700000	12.4070000000	12.5459900000	12.8806500000										
8.9197130000	12.2964300000	12.4322400000	12.7623200000										
8.9442630000	12.2594600000	12.3971800000	12.7411000000										
8.9687720000	12.1896800000	12.3261100000	12.6562100000										
8.9933340000	12.1252700000	12.2593300000	12.5898000000										
9.0178950000	12.0649400000	12.2036000000	12.5380500000										
9.0424300000	12.0089400000	12.1436000000	12.4831700000										
9.0669700000	11.9308000000	12.0669800000	12.4029500000										
9.0915380000	11.9002800000	12.0339700000	12.3687000000										
9.1160630000	11.8212200000	11.9581400000	12.3007200000										
9.1405730000	11.7404600000	11.8731100000	12.2094400000										
9.1651400000	11.7213800000	11.8574700000	12.2025900000										
9.1896530000	11.6339800000	11.7679200000	12.1087700000										
9.2141760000	11.5668600000	11.7025500000	12.0481300000										
9.2387220000	11.5142900000	11.6508000000	11.9912200000										
9.2632520000	11.4735700000	11.6099500000	11.9568000000										
9.2878100000	11.4046700000	11.5436400000	11.8889700000										
9.3123630000	11.3471800000	11.4829600000	11.8274200000										
9.3368980000	11.3014700000	11.4377600000	11.7888300000										
9.3614280000	11.2555700000	11.3951800000	11.7460400000										
9.3859690000	11.1924100000	11.3278800000	11.6735200000										
9.4104960000	11.1231500000	11.2646700000	11.6142100000										
9.4350270000	11.0809500000	11.2187800000	11.5637600000										
9.4595770000	11.0266500000	11.1667700000	11.5118200000										
9.4840800000	10.9775600000	11.1211000000	11.4717000000										
9.5085990000	10.9211400000	11.0621900000	11.4153300000										
9.5331770000	10.8975900000	11.0370700000	11.3886700000										
9.5577400000	10.8330000000	10.9690100000	11.3159700000										
9.5822830000	10.7855400000	10.9261500000	11.2772400000										
9.6068250000	10.7169000000	10.8564900000	11.2158600000										
9.6313560000	10.6847600000	10.8265400000	11.1751600000										
9.6558810000	10.6264600000	10.7660600000	11.1234500000										
9.6804260000	10.5731900000	10.7144700000	11.0655400000										
9.7049420000	10.5310200000	10.6724200000	11.0327500000										
9.7294970000	10.4695300000	10.6125300000	10.9631300000										
9.7540460000	10.4320200000	10.5736100000	10.9311500000										
9.7785350000	10.3621600000	10.5048900000	10.8620800000										
9.8031030000	10.3246700000	10.4671900000	10.8253800000										
9.8276490000	10.2866700000	10.4295700000	10.7892700000										
9.8521800000	10.2364400000	10.3806400000	10.7378300000										
9.8767310000	10.1919400000	10.3347900000	10.6977500000										
9.9012840000	10.1356100000	10.2767300000	10.6411200000										
9.9258350000	10.0886900000	10.2315300000	10.5978100000										
9.9503500000	10.0386300000	10.1820300000	10.5546200000										
9.9749020000	10.0018900000	10.1453400000	10.5108100000										
9.9994290000	9.9609020000	10.1042800000	10.4750800000										
10.0239200000	9.9116550000	10.0517800000	10.4190000000										
10.0484900000	9.8926730000	10.0375200000	10.4123200000										
10.0730300000	9.8412740000	9.9885650000	10.3673300000										
10.0975600000	9.7946190000	9.9339320000	10.3037800000										
10.1220900000	9.7491670000	9.8928240000	10.2679300000										
10.1466400000	9.7143080000	9.8584090000	10.2315000000										
10.1712000000	9.6724050000	9.8128500000	10.1833400000										
10.1957200000	9.6260720000	9.7683020000	10.1358500000										
10.2202500000	9.5967290000	9.7411160000	10.1175500000										
10.2447900000	9.5559450000	9.7024340000	10.0833500000										
10.2693300000	9.5085290000	9.6519010000	10.0318100000										
10.2938600000	9.4692140000	9.6116520000	9.9915540000										
10.3184200000	9.4321280000	9.5732160000	9.9522770000										
10.3429600000	9.4005590000	9.5476610000	9.9323280000										
10.3674900000	9.3721010000	9.5191840000	9.9043690000										
10.3920300000	9.3295880000	9.4752830000	9.8562410000										
10.4165500000	9.3025270000	9.4460380000	9.8299210000										
10.4411100000	9.2510890000	9.3990330000	9.7842250000										
10.4657000000	9.2119540000	9.3588720000	9.7445730000										
10.4902100000	9.1650000000	9.3130780000	9.7017080000										
10.5147300000	9.1359230000	9.2823630000	9.6707430000										
10.5392500000	9.1047220000	9.2563360000	9.6521590000										
10.5638000000	9.0710830000	9.2176530000	9.6123400000										
10.5883500000	9.0399420000	9.1901250000	9.5871880000										
10.6128300000	8.9950010000	9.1410310000	9.5369270000										
10.6373900000	8.9654720000	9.1177460000	9.5166630000										
10.6619700000	8.9311790000	9.0808950000	9.4815010000										
10.6865000000	8.9132160000	9.0651290000	9.4639810000										
10.7110300000	8.8661770000	9.0149290000	9.4179330000										
10.7355500000	8.8387550000	8.9876210000	9.3920140000										
10.7601100000	8.8122100000	8.9663120000	9.3691950000										
10.7846600000	8.7885860000	8.9346040000	9.3359930000										
10.8091800000	8.7504180000	8.9009840000	9.3065040000										
10.8337000000	8.7151280000	8.8640770000	9.2661140000										
10.8582300000	8.6873450000	8.8385510000	9.2466910000										
10.8828200000	8.6487520000	8.7949950000	9.2050450000										
10.9073700000	8.6345590000	8.7854220000	9.1934640000										
10.9318900000	8.5906310000	8.7363060000	9.1455400000										
10.9564200000	8.5659720000	8.7163330000	9.1271870000										
10.9809600000	8.5455740000	8.6969640000	9.1109900000										
11.0055200000	8.5179030000	8.6682210000	9.0819390000										
11.0300500000	8.4774690000	8.6286170000	9.0453080000										
11.0545800000	8.4565610000	8.6064620000	9.0225770000										
11.0791100000	8.4260760000	8.5799360000	8.9995140000										
11.1036600000	8.4053750000	8.5577550000	8.9766310000										
11.1282100000	8.3787180000	8.5315580000	8.9505910000										
11.1527300000	8.3423630000	8.4970520000	8.9195800000										
11.1772600000	8.3297850000	8.4836790000	8.9100600000										
11.2018100000	8.3007480000	8.4537670000	8.8759060000										
11.2263400000	8.2746090000	8.4283940000	8.8565010000										
11.2508500000	8.2746060000	8.4305690000	8.8591350000										
11.2754100000	8.2257790000	8.3812040000	8.8088830000										
11.2999900000	8.2128730000	8.3686130000	8.8001090000										
11.3245100000	8.1976420000	8.3533690000	8.7855640000										
11.3490300000	8.1696980000	8.3257270000	8.7624700000										
11.3735700000	8.1535610000	8.3092870000	8.7465310000										
11.3981100000	8.1352200000	8.2941630000	8.7337350000										
11.4226500000	8.1050930000	8.2656470000	8.7020050000										
11.4471800000	8.0960970000	8.2568180000	8.6980960000										
11.4717400000	8.0729890000	8.2302650000	8.6688670000										
11.4962800000	8.0473830000	8.2076320000	8.6506360000										
11.5207900000	8.0390210000	8.1969540000	8.6404340000										
11.5453300000	8.0076620000	8.1644830000	8.6140730000										
11.5698800000	7.9874130000	8.1481150000	8.5997490000										
11.5944100000	7.9794790000	8.1420300000	8.5969890000										
11.6189500000	7.9474030000	8.1092940000	8.5625980000										
11.6434900000	7.9344410000	8.0980000000	8.5501780000										
11.6680400000	7.9174240000	8.0825770000	8.5424540000										
11.6925900000	7.9034380000	8.0690170000	8.5270500000										
11.7171200000	7.8961920000	8.0621330000	8.5260420000										
11.7416400000	7.8537930000	8.0187550000	8.4774690000										
11.7661900000	7.8634970000	8.0296670000	8.4962360000										
11.7907200000	7.8322360000	7.9993750000	8.4677870000										
11.8152500000	7.8241520000	7.9892430000	8.4561010000										
11.8397900000	7.8075630000	7.9716490000	8.4443950000										
11.8643500000	7.7940230000	7.9627000000	8.4378820000										
11.8888900000	7.7893250000	7.9575940000	8.4350050000										
11.9134300000	7.7775940000	7.9448040000	8.4227420000										
11.9379700000	7.7750480000	7.9478340000	8.4249980000										
11.9625100000	7.7535800000	7.9234620000	8.4037050000										
11.9870300000	7.7383750000	7.9118070000	8.3967660000										
12.0115600000	7.7246340000	7.8982810000	8.3871950000										
12.0361200000	7.7294470000	7.8987380000	8.3829000000										
12.0606500000	7.7065920000	7.8805490000	8.3668930000										
12.0851500000	7.7084810000	7.8806070000	8.3685640000										
12.1097100000	7.6924310000	7.8643010000	8.3590390000										
12.1342800000	7.6904060000	7.8628820000	8.3577430000										
12.1588100000	7.6755200000	7.8498820000	8.3459380000										
12.1833600000	7.6650370000	7.8383790000	8.3355190000										
12.2078700000	7.6692810000	7.8464260000	8.3487780000										
12.2324200000	7.6650850000	7.8425360000	8.3472390000										
12.2569600000	7.6587630000	7.8356790000	8.3456340000										
12.2814800000	7.6568070000	7.8357890000	8.3456210000										
12.3060200000	7.6551790000	7.8349510000	8.3489680000										
12.3305600000	7.6518430000	7.8283470000	8.3403320000										
12.3551200000	7.6485050000	7.8285520000	8.3433870000										
12.3796500000	7.6417210000	7.8190460000	8.3299140000										
12.4041900000	7.6358030000	7.8188780000	8.3399640000										
12.4287400000	7.6405760000	7.8188470000	8.3364360000										
12.4532500000	7.6436930000	7.8231120000	8.3452830000										
12.4778000000	7.6350410000	7.8159140000	8.3396770000										
12.5023500000	7.6480650000	7.8278200000	8.3544810000										
12.5268800000	7.6473220000	7.8281240000	8.3606820000										
12.5514300000	7.6513410000	7.8355650000	8.3677500000										
12.5759600000	7.6543790000	7.8364180000	8.3688330000										
12.6004900000	7.6231250000	7.8051630000	8.3390780000										
12.6250300000	7.5998640000	7.7838750000	8.3159000000										
12.6495800000	7.5792370000	7.7612120000	8.2946450000										
12.6741100000	7.5533570000	7.7373850000	8.2715150000										
12.6986400000	7.5224780000	7.7072030000	8.2391140000										
12.7231600000	7.4974840000	7.6787430000	8.2115840000										
12.7477300000	7.4860200000	7.6675930000	8.2001320000										
12.7722500000	7.4607410000	7.6423020000	8.1793790000										
12.7967700000	7.4351080000	7.6189130000	8.1596180000										
12.8213300000	7.4211960000	7.6040260000	8.1438110000										
12.8458700000	7.3962130000	7.5784340000	8.1143630000										
12.8704300000	7.3715010000	7.5534620000	8.0933120000										
12.8949500000	7.3539350000	7.5343370000	8.0726270000										
12.9195100000	7.3418520000	7.5228410000	8.0659250000										
12.9440300000	7.3134590000	7.4964950000	8.0407090000										
12.9685300000	7.2994350000	7.4851400000	8.0286810000										
12.9930900000	7.2698510000	7.4517480000	7.9914210000										
13.0176300000	7.2499040000	7.4294730000	7.9702590000										
13.0421700000	7.2269180000	7.4062130000	7.9501020000										
13.0667000000	7.2221620000	7.4018010000	7.9429580000										
13.0912300000	7.2103230000	7.3925420000	7.9392780000										
13.1157900000	7.1858480000	7.3676440000	7.9138520000										
13.1403400000	7.1697150000	7.3539420000	7.9063980000										
13.1648800000	7.1490090000	7.3312000000	7.8812780000										
13.1894000000	7.1182110000	7.3022210000	7.8493880000										
13.2139300000	7.1164760000	7.2991000000	7.8498750000										
13.2384800000	7.0823090000	7.2663010000	7.8218590000										
13.2630200000	7.0695770000	7.2530260000	7.8081100000										
13.2875700000	7.0519780000	7.2352280000	7.7926630000										
13.3121000000	7.0364850000	7.2187380000	7.7783170000										
13.3366200000	6.9976770000	7.1847730000	7.7442470000										
13.3611700000	6.9956180000	7.1795510000	7.7357520000										
13.3857000000	6.9708790000	7.1559580000	7.7231820000										
13.4102200000	6.9565750000	7.1407430000	7.7033150000										
13.4347600000	6.9378610000	7.1244610000	7.6888560000										
13.4593200000	6.9198080000	7.1072420000	7.6720960000										
13.4838900000	6.9081560000	7.0946910000	7.6646440000										
13.5084300000	6.8772070000	7.0640470000	7.6330700000										
13.5329300000	6.8698830000	7.0578290000	7.6280940000										
13.5574800000	6.8547180000	7.0393690000	7.6097400000										
13.5820300000	6.8363180000	7.0230110000	7.5942610000										
13.6065800000	6.8191130000	7.0083750000	7.5824830000										
13.6311100000	6.8061870000	6.9945970000	7.5706130000										
13.6556300000	6.7927650000	6.9830750000	7.5631380000										
13.6801900000	6.7782340000	6.9649180000	7.5387880000										
13.7047300000	6.7604910000	6.9516800000	7.5284710000										
13.7292400000	6.7423230000	6.9290070000	7.5031310000										
13.7538000000	6.7282980000	6.9173110000	7.4979350000										
13.7783600000	6.7219200000	6.9111430000	7.4916330000										
13.8028700000	6.6985910000	6.8856740000	7.4671110000										
13.8273700000	6.6763010000	6.8648030000	7.4487060000										
13.8519100000	6.6763300000	6.8620250000	7.4397300000										
13.8764800000	6.6591940000	6.8509530000	7.4344630000										
13.9010300000	6.6398590000	6.8277400000	7.4098140000										
13.9255700000	6.6271740000	6.8159720000	7.4011680000										
13.9501200000	6.6119220000	6.8058620000	7.3980350000										
13.9746400000	6.6074280000	6.8013640000	7.3927160000										
13.9991700000	6.5765510000	6.7660750000	7.3597310000										
14.0237200000	6.5811520000	6.7746910000	7.3661650000										
14.0482400000	6.5577350000	6.7545760000	7.3529070000										
14.0727800000	6.5499240000	6.7411430000	7.3334680000										
14.0973100000	6.5331930000	6.7255370000	7.3209410000										
14.1218300000	6.5176590000	6.7132790000	7.3151660000										
14.1463900000	6.5017380000	6.6999780000	7.3075680000										
14.1709400000	6.4978990000	6.6897520000	7.2988780000										
14.1954600000	6.4785350000	6.6751720000	7.2799320000										
14.2200100000	6.4688130000	6.6632400000	7.2679060000										
14.2445500000	6.4599580000	6.6518120000	7.2577210000										
14.2690800000	6.4480890000	6.6470790000	7.2606660000										
14.2936200000	6.4340750000	6.6321620000	7.2434380000										
14.3181800000	6.4238160000	6.6229370000	7.2364400000										
14.3427300000	6.4193000000	6.6167530000	7.2303500000										
14.3672400000	6.4102170000	6.6122980000	7.2279090000										
14.3917700000	6.4049430000	6.6033940000	7.2174940000										
14.4163300000	6.3842360000	6.5847000000	7.2065590000										
14.4408700000	6.3724070000	6.5699600000	7.1917900000										
14.4654100000	6.3708550000	6.5718440000	7.1931650000										
14.4899600000	6.3543520000	6.5544630000	7.1759710000										
14.5144800000	6.3387450000	6.5447700000	7.1733710000										
14.5390200000	6.3382860000	6.5392780000	7.1652620000										
14.5635600000	6.3152670000	6.5195670000	7.1516830000										
14.5880900000	6.3190340000	6.5223220000	7.1546380000										
14.6126200000	6.3067780000	6.5094370000	7.1400900000										
14.6371600000	6.2935470000	6.4967460000	7.1304550000										
14.6617100000	6.2859270000	6.4943170000	7.1352020000										
14.6862500000	6.2812300000	6.4865560000	7.1244500000										
14.7107800000	6.2770780000	6.4831320000	7.1233310000										
14.7353400000	6.2556310000	6.4648740000	7.1132050000										
14.7598700000	6.2557360000	6.4593380000	7.1024080000										
14.7843900000	6.2476570000	6.4546390000	7.1017360000										
14.8089400000	6.2377990000	6.4494580000	7.1013490000										
14.8334800000	6.2184750000	6.4306410000	7.0798630000										
14.8580200000	6.2199650000	6.4273950000	7.0768240000										
14.8825600000	6.2126280000	6.4207080000	7.0726360000										
14.9070800000	6.1982910000	6.4066200000	7.0608080000										
14.9316200000	6.1969030000	6.4077050000	7.0667330000										
14.9561800000	6.1954430000	6.4059580000	7.0623180000										
14.9807100000	6.1791310000	6.3924560000	7.0557510000										
15.0052500000	6.1766400000	6.3886720000	7.0497020000										
15.0298000000	6.1742510000	6.3857020000	7.0520640000										
15.0543400000	6.1573220000	6.3687140000	7.0344540000										
15.0788600000	6.1618030000	6.3741410000	7.0488170000										
15.1034200000	6.1581580000	6.3708460000	7.0443170000										
15.1279600000	6.1300030000	6.3469150000	7.0227350000										
15.1524600000	6.1474950000	6.3595620000	7.0340100000										
15.1770000000	6.1332140000	6.3453650000	7.0205990000										
15.2015700000	6.1287090000	6.3440310000	7.0278080000										
15.2261100000	6.1205070000	6.3346370000	7.0186300000										
15.2506300000	6.1250000000	6.3404240000	7.0288190000										
15.2751800000	6.1089240000	6.3243100000	7.0148090000										
15.2997200000	6.1075100000	6.3278870000	7.0233080000										
15.3242400000	6.1059910000	6.3273590000	7.0190350000										
15.3487700000	6.1005930000	6.3155980000	7.0165350000										
15.3733200000	6.0960450000	6.3182900000	7.0237190000										
15.3978600000	6.0814990000	6.3014180000	7.0061980000										
15.4224000000	6.0896680000	6.3119500000	7.0217830000										
15.4469400000	6.0886900000	6.3142400000	7.0272700000										
15.4714900000	6.0822060000	6.3052320000	7.0185720000										
15.4960300000	6.0814950000	6.3070150000	7.0247080000										
15.5205400000	6.0806690000	6.3031420000	7.0197810000										
15.5450600000	6.0827860000	6.3054250000	7.0276220000										
15.5696300000	6.0727720000	6.2977230000	7.0214010000										
15.5941800000	6.0620230000	6.2874180000	7.0196170000										
15.6187300000	6.0589190000	6.2885450000	7.0218120000										
15.6432700000	6.0717540000	6.3032380000	7.0348940000										
15.6678000000	6.0674800000	6.2952890000	7.0356940000										
15.6923300000	6.0685000000	6.2981960000	7.0342480000										
15.7168500000	6.0686820000	6.2977940000	7.0415460000										
15.7414100000	6.0602840000	6.2889360000	7.0323390000										
15.7659500000	6.0562780000	6.2863090000	7.0258070000										
15.7904900000	6.0661440000	6.3009590000	7.0556130000										
15.8150200000	6.0553920000	6.2871450000	7.0404110000										
15.8395500000	6.0705240000	6.3060280000	7.0661140000										
15.8640700000	6.0606740000	6.2982440000	7.0615960000										
15.8886100000	6.0621250000	6.2970700000	7.0580370000										
15.9131500000	6.0677920000	6.3018150000	7.0686610000										
15.9377000000	6.0624750000	6.2974730000	7.0611650000										
15.9622500000	6.0731750000	6.3122590000	7.0800030000										
15.9867700000	6.0807110000	6.3186700000	7.0942400000										
16.0113100000	6.0889950000	6.3266250000	7.1043950000										
16.0358600000	6.0764330000	6.3108300000	7.0860660000										
16.0604000000	6.0871830000	6.3252370000	7.1104120000										
16.0849300000	6.0838730000	6.3257010000	7.1184000000										
16.1094700000	6.0914120000	6.3339860000	7.1249700000										
16.1340000000	6.0961200000	6.3437770000	7.1382090000										
16.1585400000	6.0966270000	6.3409440000	7.1354540000										
16.1831000000	6.1056610000	6.3505940000	7.1505330000										
16.2076500000	6.1149540000	6.3616780000	7.1585110000										
16.2321600000	6.1138010000	6.3569050000	7.1649580000										
16.2566900000	6.1129140000	6.3567500000	7.1748650000										
16.2812300000	6.1268640000	6.3756680000	7.1936980000										
16.3058000000	6.1221380000	6.3669320000	7.1936800000										
16.3303600000	6.1362650000	6.3852740000	7.2078180000										
16.3548600000	6.1444930000	6.3950010000	7.2282890000										
16.3793900000	6.1537270000	6.3982920000	7.2254660000										
16.4039500000	6.1471950000	6.4038040000	7.2425890000										
16.4284800000	6.1574370000	6.4116010000	7.2449170000										
16.4529800000	6.1764820000	6.4260610000	7.2599800000										
16.4775300000	6.1658930000	6.4205340000	7.2681710000										
16.5020900000	6.1733370000	6.4233600000	7.2754130000										
16.5266000000	6.1766740000	6.4348300000	7.3013740000										
16.5511400000	6.2032890000	6.4550780000	7.3133290000										
16.5757100000	6.1833540000	6.4414730000	7.3060380000										
16.6002500000	6.1991740000	6.4613420000	7.3326740000										
16.6247800000	6.2239690000	6.4790750000	7.3490090000										
16.6493100000	6.2132620000	6.4716060000	7.3460240000										
16.6738600000	6.2441770000	6.5042800000	7.3858540000										
16.6984200000	6.2464030000	6.5155490000	7.4013380000										
16.7229300000	6.2446460000	6.5097760000	7.4007830000										
16.7474800000	6.2609490000	6.5242070000	7.4076280000										
16.7720400000	6.2627330000	6.5287300000	7.4195600000										
16.7965500000	6.2888430000	6.5493960000	7.4452880000										
16.8210700000	6.2885370000	6.5547010000	7.4542270000										
16.8456300000	6.3086620000	6.5749090000	7.4732540000										
16.8701800000	6.3130960000	6.5796710000	7.4900130000										
16.8947200000	6.3221020000	6.5871880000	7.4964420000										
16.9192400000	6.3330150000	6.6044190000	7.5243320000										
16.9437800000	6.3410380000	6.6116880000	7.5407720000										
16.9683000000	6.3498980000	6.6248830000	7.5587080000										
16.9928300000	6.3563580000	6.6321240000	7.5584090000										
17.0174000000	6.3612320000	6.6382500000	7.5741610000										
17.0419500000	6.3832240000	6.6511760000	7.5828220000										
17.0664600000	6.3867830000	6.6598100000	7.5951380000										
17.0909700000	6.4048610000	6.6900820000	7.6450550000										
17.1155300000	6.4151680000	6.6936210000	7.6478240000										
17.1400800000	6.4213910000	6.7013160000	7.6712210000										
17.1646300000	6.4229140000	6.7082630000	7.6759310000										
17.1891800000	6.4249880000	6.7151360000	7.6847930000										
17.2136900000	6.4657890000	6.7505980000	7.7199360000										
17.2382300000	6.4384860000	6.7249620000	7.6967500000										
17.2627800000	6.4744950000	6.7600350000	7.7447520000										
17.2873100000	6.4453140000	6.7330970000	7.7213400000										
17.3118800000	6.4748570000	6.7726630000	7.7679760000										
17.3364100000	6.4751100000	6.7706140000	7.7631290000										
17.3609100000	6.4819770000	6.7773860000	7.7733950000										
17.3854300000	6.4970730000	6.7963390000	7.8025100000										
17.4100000000	6.4971730000	6.7918870000	7.7874240000										
17.4345600000	6.5254640000	6.8202980000	7.8291120000										
17.4590900000	6.4963340000	6.7973080000	7.8102540000										
17.4836300000	6.4977790000	6.8027910000	7.8191920000										
17.5081800000	6.4910810000	6.7858930000	7.8025000000										
17.5326900000	6.5005780000	6.8037560000	7.8275500000										
17.5572200000	6.5044500000	6.8083340000	7.8231760000										
17.5817600000	6.4830320000	6.7905510000	7.8166260000										
17.6062900000	6.4853660000	6.7920250000	7.8120600000										
17.6308300000	6.5125770000	6.8150960000	7.8401870000										
17.6553900000	6.4581970000	6.7653870000	7.8067700000										
17.6799300000	6.4614460000	6.7705900000	7.8007120000										
17.7044600000	6.4677040000	6.7816420000	7.8029480000										
17.7289700000	6.4485300000	6.7564950000	7.7932980000										
17.7535100000	6.4174440000	6.7260060000	7.7574140000										
17.7780800000	6.3797060000	6.6894810000	7.7166430000										
17.8026100000	6.3868680000	6.6873990000	7.7235420000										
17.8271300000	6.3878940000	6.6924520000	7.7328810000										
17.8516900000	6.3620490000	6.6669670000	7.6927900000										
17.8762300000	6.3663970000	6.6775000000	7.7046020000										
17.9007600000	6.3571880000	6.6676770000	7.7087140000										
17.9253000000	6.3388810000	6.6478510000	7.6957920000										
17.9498500000	6.3415350000	6.6561030000	7.7079300000										
17.9744000000	6.3703130000	6.6721670000	7.7139370000										
17.9989100000	6.3329760000	6.6506610000	7.7035210000										
18.0234400000	6.3354000000	6.6481560000	7.7041520000										
18.0480200000	6.3443990000	6.6630080000	7.7329190000										
18.0725500000	6.3506520000	6.6570250000	7.7074970000										
18.0970700000	6.3364360000	6.6540220000	7.7246590000										
18.1216400000	6.3591400000	6.6780290000	7.7465620000										
18.1461700000	6.3146430000	6.6428340000	7.7237290000										
18.1706800000	6.3580190000	6.6806830000	7.7573110000										
18.1952300000	6.3638740000	6.6876970000	7.7788230000										
18.2197900000	6.3595810000	6.6882480000	7.7942080000										
18.2443100000	6.3736630000	6.7004810000	7.7996560000										
18.2688300000	6.3442850000	6.6693730000	7.7818780000										
18.2933700000	6.3638580000	6.7018720000	7.8022520000										
18.3179300000	6.3917530000	6.7191970000	7.8213070000										
18.3425000000	6.3811600000	6.7158670000	7.8369910000										
18.3670100000	6.3900710000	6.7151390000	7.8374800000										
18.3915200000	6.3832420000	6.7019030000	7.8273690000										
18.4160900000	6.3965970000	6.7163270000	7.8327240000										
18.4406400000	6.4209660000	6.7466040000	7.8824560000										
18.4651500000	6.4267200000	6.7352490000	7.8512490000										
18.4897100000	6.3904180000	6.7122900000	7.8438960000										
18.5142800000	6.4254880000	6.7579250000	7.8964830000										
18.5388100000	6.4414000000	6.7553310000	7.9009770000										
18.5632800000	6.4368170000	6.7670750000	7.9405510000										
18.5878400000	6.4591070000	6.7851040000	7.9424050000										
18.6124400000	6.4520900000	6.7982150000	7.9802680000										
18.6369300000	6.4572520000	6.8045330000	7.9827020000										
18.6614300000	6.4709120000	6.8056180000	7.9893700000										
18.6860100000	6.4672170000	6.7969270000	7.9697940000										
18.7105500000	6.4933730000	6.8307040000	8.0183110000										
18.7350300000	6.5330560000	6.8743160000	8.0829570000										
18.7595800000	6.4915960000	6.8263740000	8.0342450000										
18.7841700000	6.5282120000	6.8819250000	8.1082550000										
18.8087000000	6.5471810000	6.8900450000	8.1007620000										
18.8332200000	6.5260190000	6.8688090000	8.0869760000										
18.8577500000	6.5486000000	6.9093660000	8.1513790000										
18.8823100000	6.5529110000	6.9096230000	8.1635070000										
18.9068400000	6.5933590000	6.9362270000	8.1599640000										
18.9313400000	6.6063380000	6.9542530000	8.1827430000										
18.9559000000	6.5926630000	6.9479300000	8.2003770000										
18.9804600000	6.6414940000	7.0024320000	8.2663220000										
19.0049500000	6.6369470000	7.0147490000	8.3025840000										
19.0294600000	6.6230250000	6.9770950000	8.2385540000										
19.0540600000	6.6927820000	7.0714380000	8.3803770000										
19.0786300000	6.6900320000	7.0503530000	8.3749180000										
19.1031100000	6.7040420000	7.0804860000	8.3747880000										
19.1276500000	6.7057070000	7.0806550000	8.3832110000										
19.1522600000	6.7702030000	7.1297990000	8.4293930000										
19.1767800000	6.7943920000	7.1617000000	8.4717480000										
19.2012400000	6.8461690000	7.2151380000	8.5111940000										
19.2258100000	6.7786120000	7.1544120000	8.4901900000										
19.2504000000	6.8396440000	7.2301620000	8.5624180000										
19.2748900000	6.8630900000	7.2212400000	8.5731730000										
19.2994100000	6.8598300000	7.2500640000	8.6066220000										
19.3240200000	6.9119210000	7.3035000000	8.6578450000										
19.3485500000	6.9400200000	7.3214350000	8.6729800000										
19.3729800000	6.9688350000	7.3558090000	8.7080310000										
19.3975500000	6.9437400000	7.3342830000	8.7336050000										
19.4221700000	6.9871710000	7.3791040000	8.7691550000										
19.4466700000	7.0131430000	7.3963080000	8.7912060000										
19.4711300000	7.0400470000	7.4482020000	8.8817120000										
19.4957000000	7.0425860000	7.4260280000	8.8423410000										
19.5203200000	7.0931090000	7.4593180000	8.8809200000										
19.5448200000	7.1334070000	7.5246590000	8.9139990000										
19.5693000000	7.1784830000	7.5835780000	9.0439530000										
19.5939100000	7.1941170000	7.5865520000	9.0551320000										
19.6185000000	7.2053150000	7.6040480000	9.0799600000										
19.6429400000	7.1930230000	7.6132050000	9.0955500000										
19.6674000000	7.2853220000	7.6920510000	9.1887460000										
19.6920400000	7.2908940000	7.7150030000	9.2076820000										
19.7166000000	7.3407100000	7.7510410000	9.2545900000										
19.7410300000	7.3835890000	7.7666080000	9.2630370000										
19.7656300000	7.4575080000	7.8729980000	9.3646210000										
19.7903200000	7.4273360000	7.8601480000	9.4369270000										
19.8148200000	7.5042810000	7.9515250000	9.4769140000										
19.8391400000	7.5128600000	7.9383040000	9.4962370000										
19.8637400000	7.5834880000	8.0106380000	9.5717410000										
19.8884400000	7.5201660000	7.9539850000	9.5416830000										
19.9129200000	7.6164910000	8.0181920000	9.5865730000										
19.9373600000	7.6713960000	8.1446160000	9.7219780000										
19.9619700000	7.6880330000	8.1119420000	9.7236490000										
19.9865800000	7.7252770000	8.1697130000	9.8076890000										
20.0109500000	7.7563890000	8.2070700000	9.8185060000										
20.0354700000	7.8637130000	8.3178060000	9.9509080000										
20.0601900000	7.9221860000	8.3845520000	10.0750100000										
20.0847200000	7.9347050000	8.4062890000	10.0934000000										
20.1090300000	7.9430840000	8.4295030000	10.1525900000										
20.1336300000	8.0321490000	8.4961180000	10.1606400000										
20.1584200000	8.0764540000	8.5812590000	10.3014100000										
20.1828800000	8.1254300000	8.6368440000	10.3729400000										
20.2072100000	8.1708090000	8.6636860000	10.4144200000										
20.2318100000	8.2317050000	8.6804410000	10.4312700000										
20.2565000000	8.2195160000	8.7154330000	10.5413500000										
20.2809500000	8.3615780000	8.8537200000	10.6317200000										
20.3054200000	8.3837690000	8.8778060000	10.6826300000										
20.3301100000	8.4305270000	8.9498130000	10.8637400000										
20.3546600000	8.4219680000	8.9405550000	10.8292100000										
20.3789200000	8.5077090000	9.0193250000	10.9004400000										
20.4034800000	8.5058070000	9.0392760000	10.9712400000										
20.4283700000	8.6365460000	9.1078710000	10.9763300000										
20.4528100000	8.7351540000	9.2161460000	11.0884000000										
20.4769700000	8.8404670000	9.3641020000	11.3684900000										
20.5016500000	8.9124040000	9.4192270000	11.3632100000										
20.5265900000	8.8664220000	9.3439850000	11.3349700000										
20.5510000000	8.9541840000	9.4764270000	11.4497600000										
20.5751000000	9.0571130000	9.5239020000	11.4862900000										
20.5998500000	9.1560560000	9.7131300000	11.9122500000										
20.6247700000	9.1403100000	9.6523590000	11.7417100000										
20.6490400000	9.3770890000	9.8528670000	12.0011000000										
20.6732800000	9.3717680000	9.8779630000	11.9661300000										
20.6981300000	9.4122200000	9.9986600000	12.1232300000										
20.7228200000	9.5543640000	10.1440000000	12.3239700000										
20.7468900000	9.5368540000	10.0886500000	12.4190200000										
20.7714800000	9.6880050000	10.3102300000	12.6422800000										
20.7965000000	9.7583770000	10.3898200000	12.5951000000										
20.8208600000	9.7372410000	10.3254900000	12.5402800000										
20.8449400000	9.9824880000	10.5847100000	12.7528200000										
20.8698800000	10.0155800000	10.6722300000	13.0879600000										
20.8948400000	9.9346130000	10.6850200000	13.1024000000										
20.9187400000	10.0826500000	10.7076000000	13.0909800000										
20.9428600000	10.2472000000	11.0075600000	13.4344400000										
20.9683500000	10.4781800000	11.0448100000	13.3587600000										
20.9933300000	10.4244000000	11.2420900000	13.8537400000										
21.0163500000	10.6167400000	11.3637900000	13.8248900000										
21.0406600000	10.7614300000	11.5408300000	14.1137300000										
21.0668400000	10.8214900000	11.5282100000	14.2117400000										
21.0916900000	10.9629800000	11.6333700000	14.2464100000										
21.1138500000	11.0778000000	11.8431000000	14.4821600000										
21.1386400000	11.0290600000	11.8567000000	14.4974800000										
21.1654700000	11.2294700000	12.2260300000	14.8219700000										
21.1899800000	11.2464700000	12.3592800000	15.2945400000										
21.2116700000	11.9059400000	12.5562800000	15.1720300000										
21.2370100000	11.6307800000	12.4628200000	15.4326600000										
21.2640900000	11.9306300000	12.7234900000	15.4718100000										
21.2881200000	12.1317700000	13.1408000000	16.0078800000										
21.3092000000	12.0928100000	13.0201200000	16.0336000000										
21.3353600000	12.0746000000	13.2452800000	16.1074700000										
21.3629800000	12.3016300000	13.4263500000	16.0481600000										
21.3853500000	12.5946300000	13.6000900000	16.6018700000										
21.4061600000	12.2717000000	13.6634800000	16.7044900000										
21.4336000000	12.6389700000	14.0616200000	16.9680400000										
21.4616200000	13.3148700000	14.2177900000	17.1566000000										
21.4829200000	12.8183600000	14.4838200000	17.6100000000										
21.5038700000	13.3060500000	14.5175300000	18.0354400000										
21.5320000000	13.7769100000	15.1436700000	17.6880200000										
21.5601400000	14.0718500000	16.1398300000	19.2054500000										
21.5817800000	14.3009700000	15.3637400000	19.0147400000										
21.6023400000	13.7681800000	15.6395400000	19.3845200000										
21.6304600000	14.0463500000	16.0920700000	19.4708200000										
21.6585300000	14.9423700000	16.1379400000	19.2659300000										
21.6806600000	16.3935600000	17.8910000000	22.3238500000										
21.7003700000	18.6066000000	18.1321000000	20.3974000000										
21.7276600000	13.3984600000	11.1013500000	13.8279800000										
21.7514300000	11.2774000000	22.7831200000	38.0360200000										