# bins: 4096
# col 1: density range
# col 2: particle count
7.62312	1057702383
15.2462	8306348
22.8694	2632465
30.4925	1304355
38.1156	786696
45.7387	526836
53.3619	377822
60.985	283892
68.6081	221788
76.2312	176612
83.8543	144672
91.4775	120730
99.1006	101218
106.724	86643
114.347	74790
121.97	65324
129.593	57347
137.216	50431
144.839	45336
152.462	40401
160.086	36579
167.709	33245
175.332	29913
182.955	27528
190.578	25165
198.201	23282
205.824	21175
213.447	19788
221.071	18604
228.694	16909
236.317	15778
243.94	14693
251.563	13888
259.186	13062
266.809	12191
274.432	11466
282.056	10625
289.679	9959
297.302	9300
304.925	9193
312.548	8560
320.171	8047
327.794	7670
335.417	7307
343.04	6869
350.664	6560
358.287	6268
365.91	6079
373.533	5798
381.156	5447
388.779	5081
396.402	5041
404.025	4798
411.649	4735
419.272	4374
426.895	4302
434.518	4121
442.141	3809
449.764	3750
457.387	3538
465.01	3461
472.634	3426
480.257	3275
487.88	3104
495.503	2982
503.126	2887
510.749	2723
518.372	2704
525.995	2650
533.619	2568
541.242	2460
548.865	2388
556.488	2372
564.111	2290
571.734	2257
579.357	2033
586.98	2073
594.603	2047
602.227	1906
609.85	1740
617.473	1871
625.096	1762
632.719	1745
640.342	1619
647.965	1643
655.588	1612
663.212	1575
670.835	1533
678.458	1430
686.081	1428
693.704	1412
701.327	1408
708.95	1330
716.573	1274
724.197	1220
731.82	1236
739.443	1180
747.066	1187
754.689	1090
762.312	1146
769.935	1097
777.558	1140
785.182	1060
792.805	1022
800.428	1042
808.051	966
815.674	923
823.297	950
830.92	942
838.543	887
846.167	889
853.79	823
861.413	837
869.036	769
876.659	839
884.282	781
891.905	772
899.528	812
907.151	729
914.775	717
922.398	683
930.021	704
937.644	684
945.267	666
952.89	659
960.513	647
968.136	609
975.76	640
983.383	630
991.006	591
998.629	580
1006.25	576
1013.88	556
1021.5	566
1029.12	515
1036.74	534
1044.37	507
1051.99	508
1059.61	500
1067.24	483
1074.86	494
1082.48	437
1090.11	480
1097.73	453
1105.35	435
1112.98	467
1120.6	417
1128.22	436
1135.85	450
1143.47	405
1151.09	399
1158.71	408
1166.34	423
1173.96	398
1181.58	378
1189.21	394
1196.83	388
1204.45	329
1212.08	353
1219.7	370
1227.32	377
1234.95	351
1242.57	340
1250.19	335
1257.82	315
1265.44	328
1273.06	356
1280.68	336
1288.31	276
1295.93	302
1303.55	314
1311.18	285
1318.8	273
1326.42	300
1334.05	289
1341.67	251
1349.29	287
1356.92	271
1364.54	270
1372.16	253
1379.79	284
1387.41	259
1395.03	232
1402.65	253
1410.28	254
1417.9	255
1425.52	258
1433.15	274
1440.77	255
1448.39	227
1456.02	238
1463.64	217
1471.26	226
1478.89	246
1486.51	200
1494.13	201
1501.75	202
1509.38	218
1517	201
1524.62	206
1532.25	242
1539.87	215
1547.49	199
1555.12	207
1562.74	167
1570.36	202
1577.99	196
1585.61	162
1593.23	202
1600.86	180
1608.48	158
1616.1	194
1623.72	159
1631.35	177
1638.97	167
1646.59	167
1654.22	165
1661.84	156
1669.46	179
1677.09	167
1684.71	152
1692.33	154
1699.96	171
1707.58	137
1715.2	152
1722.83	145
1730.45	148
1738.07	142
1745.69	127
1753.32	153
1760.94	127
1768.56	122
1776.19	122
1783.81	131
1791.43	118
1799.06	117
1806.68	130
1814.3	142
1821.93	145
1829.55	131
1837.17	117
1844.8	138
1852.42	110
1860.04	123
1867.66	143
1875.29	125
1882.91	134
1890.53	119
1898.16	127
1905.78	116
1913.4	103
1921.03	108
1928.65	122
1936.27	96
1943.9	110
1951.52	127
1959.14	106
1966.77	102
1974.39	101
1982.01	129
1989.63	123
1997.26	111
2004.88	92
2012.5	106
2020.13	95
2027.75	102
2035.37	101
2043	105
2050.62	81
2058.24	78
2065.87	90
2073.49	105
2081.11	86
2088.74	96
2096.36	93
2103.98	98
2111.6	81
2119.23	79
2126.85	77
2134.47	82
2142.1	81
2149.72	76
2157.34	83
2164.97	93
2172.59	81
2180.21	84
2187.84	89
2195.46	58
2203.08	74
2210.71	84
2218.33	68
2225.95	79
2233.57	69
2241.2	73
2248.82	69
2256.44	76
2264.07	69
2271.69	54
2279.31	78
2286.94	69
2294.56	67
2302.18	64
2309.81	71
2317.43	65
2325.05	61
2332.68	66
2340.3	71
2347.92	66
2355.54	63
2363.17	69
2370.79	55
2378.41	72
2386.04	57
2393.66	56
2401.28	61
2408.91	63
2416.53	50
2424.15	57
2431.78	62
2439.4	51
2447.02	61
2454.65	52
2462.27	73
2469.89	57
2477.51	69
2485.14	61
2492.76	66
2500.38	46
2508.01	46
2515.63	49
2523.25	49
2530.88	51
2538.5	48
2546.12	52
2553.75	49
2561.37	55
2568.99	64
2576.62	58
2584.24	38
2591.86	41
2599.48	33
2607.11	51
2614.73	45
2622.35	34
2629.98	53
2637.6	42
2645.22	39
2652.85	50
2660.47	48
2668.09	40
2675.72	35
2683.34	55
2690.96	33
2698.59	46
2706.21	42
2713.83	43
2721.45	35
2729.08	34
2736.7	51
2744.32	55
2751.95	33
2759.57	43
2767.19	37
2774.82	49
2782.44	46
2790.06	35
2797.69	47
2805.31	42
2812.93	36
2820.56	40
2828.18	31
2835.8	37
2843.42	34
2851.05	33
2858.67	39
2866.29	35
2873.92	33
2881.54	38
2889.16	41
2896.79	36
2904.41	41
2912.03	34
2919.66	29
2927.28	39
2934.9	36
2942.52	34
2950.15	33
2957.77	34
2965.39	37
2973.02	32
2980.64	34
2988.26	31
2995.89	38
3003.51	33
3011.13	42
3018.76	32
3026.38	21
3034	27
3041.63	32
3049.25	29
3056.87	27
3064.49	37
3072.12	32
3079.74	29
3087.36	37
3094.99	38
3102.61	35
3110.23	14
3117.86	29
3125.48	21
3133.1	25
3140.73	23
3148.35	31
3155.97	19
3163.6	33
3171.22	37
3178.84	24
3186.46	32
3194.09	30
3201.71	21
3209.33	36
3216.96	23
3224.58	22
3232.2	33
3239.83	29
3247.45	25
3255.07	34
3262.7	24
3270.32	24
3277.94	15
3285.57	19
3293.19	21
3300.81	19
3308.43	22
3316.06	25
3323.68	23
3331.3	24
3338.93	30
3346.55	21
3354.17	23
3361.8	19
3369.42	27
3377.04	25
3384.67	18
3392.29	18
3399.91	24
3407.54	22
3415.16	17
3422.78	18
3430.4	15
3438.03	18
3445.65	21
3453.27	31
3460.9	20
3468.52	14
3476.14	23
3483.77	23
3491.39	13
3499.01	24
3506.64	19
3514.26	17
3521.88	18
3529.51	18
3537.13	24
3544.75	24
3552.37	19
3560	27
3567.62	21
3575.24	17
3582.87	18
3590.49	19
3598.11	19
3605.74	15
3613.36	21
3620.98	22
3628.61	17
3636.23	17
3643.85	18
3651.48	15
3659.1	20
3666.72	19
3674.34	18
3681.97	17
3689.59	28
3697.21	11
3704.84	15
3712.46	9
3720.08	13
3727.71	20
3735.33	21
3742.95	20
3750.58	11
3758.2	15
3765.82	16
3773.45	22
3781.07	14
3788.69	18
3796.31	18
3803.94	13
3811.56	16
3819.18	16
3826.81	12
3834.43	20
3842.05	13
3849.68	15
3857.3	16
3864.92	17
3872.55	17
3880.17	17
3887.79	15
3895.42	14
3903.04	16
3910.66	15
3918.28	19
3925.91	14
3933.53	13
3941.15	16
3948.78	17
3956.4	13
3964.02	16
3971.65	17
3979.27	11
3986.89	17
3994.52	15
4002.14	14
4009.76	17
4017.39	11
4025.01	15
4032.63	21
4040.25	9
4047.88	18
4055.5	17
4063.12	7
4070.75	10
4078.37	10
4085.99	10
4093.62	9
4101.24	17
4108.86	15
4116.49	15
4124.11	13
4131.73	11
4139.36	11
4146.98	12
4154.6	11
4162.22	12
4169.85	15
4177.47	12
4185.09	11
4192.72	8
4200.34	9
4207.96	12
4215.59	13
4223.21	18
4230.83	10
4238.46	9
4246.08	13
4253.7	9
4261.33	10
4268.95	12
4276.57	13
4284.19	5
4291.82	11
4299.44	9
4307.06	12
4314.69	13
4322.31	7
4329.93	7
4337.56	9
4345.18	11
4352.8	13
4360.43	9
4368.05	13
4375.67	13
4383.29	10
4390.92	13
4398.54	10
4406.16	11
4413.79	10
4421.41	13
4429.03	11
4436.66	8
4444.28	10
4451.9	7
4459.53	9
4467.15	14
4474.77	11
4482.4	12
4490.02	10
4497.64	14
4505.26	8
4512.89	14
4520.51	8
4528.13	8
4535.76	6
4543.38	16
4551	11
4558.63	4
4566.25	16
4573.87	7
4581.5	7
4589.12	5
4596.74	10
4604.37	13
4611.99	12
4619.61	6
4627.23	10
4634.86	10
4642.48	5
4650.1	8
4657.73	4
4665.35	10
4672.97	9
4680.6	6
4688.22	10
4695.84	6
4703.47	6
4711.09	4
4718.71	7
4726.34	14
4733.96	10
4741.58	5
4749.2	5
4756.83	9
4764.45	4
4772.07	6
4779.7	7
4787.32	11
4794.94	5
4802.57	2
4810.19	8
4817.81	11
4825.44	5
4833.06	6
4840.68	2
4848.31	11
4855.93	14
4863.55	7
4871.17	10
4878.8	8
4886.42	5
4894.04	11
4901.67	8
4909.29	8
4916.91	11
4924.54	7
4932.16	15
4939.78	12
4947.41	6
4955.03	12
4962.65	6
4970.28	3
4977.9	5
4985.52	5
4993.14	6
5000.77	11
5008.39	8
5016.01	7
5023.64	2
5031.26	12
5038.88	7
5046.51	8
5054.13	2
5061.75	8
5069.38	6
5077	3
5084.62	9
5092.25	7
5099.87	4
5107.49	3
5115.11	7
5122.74	9
5130.36	6
5137.98	5
5145.61	5
5153.23	5
5160.85	9
5168.48	7
5176.1	5
5183.72	7
5191.35	6
5198.97	4
5206.59	8
5214.22	3
5221.84	3
5229.46	2
5237.08	5
5244.71	5
5252.33	7
5259.95	6
5267.58	5
5275.2	3
5282.82	9
5290.45	3
5298.07	2
5305.69	6
5313.32	9
5320.94	5
5328.56	7
5336.19	4
5343.81	3
5351.43	3
5359.05	5
5366.68	2
5374.3	2
5381.92	2
5389.55	4
5397.17	3
5404.79	1
5412.42	4
5420.04	4
5427.66	7
5435.29	4
5442.91	7
5450.53	4
5458.16	6
5465.78	1
5473.4	6
5481.02	6
5488.65	6
5496.27	3
5503.89	4
5511.52	8
5519.14	7
5526.76	5
5534.39	7
5542.01	3
5549.63	4
5557.26	7
5564.88	6
5572.5	5
5580.13	5
5587.75	5
5595.37	4
5602.99	4
5610.62	4
5618.24	8
5625.86	2
5633.49	10
5641.11	3
5648.73	6
5656.36	2
5663.98	4
5671.6	4
5679.23	5
5686.85	1
5694.47	6
5702.1	3
5709.72	7
5717.34	4
5724.96	5
5732.59	10
5740.21	3
5747.83	2
5755.46	5
5763.08	5
5770.7	3
5778.33	3
5785.95	4
5793.57	3
5801.2	6
5808.82	4
5816.44	4
5824.07	3
5831.69	2
5839.31	5
5846.93	6
5854.56	4
5862.18	5
5869.8	1
5877.43	4
5885.05	7
5892.67	5
5900.3	0
5907.92	3
5915.54	5
5923.17	5
5930.79	4
5938.41	6
5946.03	2
5953.66	5
5961.28	6
5968.9	4
5976.53	5
5984.15	1
5991.77	8
5999.4	4
6007.02	4
6014.64	4
6022.27	6
6029.89	1
6037.51	8
6045.14	3
6052.76	7
6060.38	3
6068	2
6075.63	5
6083.25	1
6090.87	5
6098.5	0
6106.12	1
6113.74	7
6121.37	2
6128.99	4
6136.61	3
6144.24	5
6151.86	1
6159.48	3
6167.11	3
6174.73	3
6182.35	1
6189.97	3
6197.6	4
6205.22	2
6212.84	3
6220.47	1
6228.09	1
6235.71	3
6243.34	7
6250.96	3
6258.58	2
6266.21	3
6273.83	1
6281.45	5
6289.08	1
6296.7	3
6304.32	5
6311.94	5
6319.57	4
6327.19	4
6334.81	4
6342.44	7
6350.06	3
6357.68	3
6365.31	1
6372.93	2
6380.55	3
6388.18	2
6395.8	2
6403.42	1
6411.05	3
6418.67	3
6426.29	3
6433.91	2
6441.54	4
6449.16	3
6456.78	2
6464.41	1
6472.03	2
6479.65	3
6487.28	1
6494.9	5
6502.52	2
6510.15	4
6517.77	5
6525.39	2
6533.02	3
6540.64	4
6548.26	4
6555.88	1
6563.51	2
6571.13	6
6578.75	2
6586.38	3
6594	3
6601.62	3
6609.25	1
6616.87	2
6624.49	1
6632.12	1
6639.74	4
6647.36	4
6654.99	2
6662.61	4
6670.23	1
6677.85	3
6685.48	5
6693.1	3
6700.72	3
6708.35	2
6715.97	2
6723.59	5
6731.22	1
6738.84	4
6746.46	2
6754.09	3
6761.71	2
6769.33	2
6776.96	4
6784.58	1
6792.2	4
6799.82	2
6807.45	1
6815.07	4
6822.69	2
6830.32	4
6837.94	0
6845.56	2
6853.19	4
6860.81	4
6868.43	2
6876.06	3
6883.68	2
6891.3	2
6898.93	4
6906.55	2
6914.17	2
6921.79	0
6929.42	2
6937.04	1
6944.66	3
6952.29	4
6959.91	2
6967.53	0
6975.16	4
6982.78	2
6990.4	1
6998.03	4
7005.65	4
7013.27	2
7020.9	0
7028.52	5
7036.14	2
7043.76	1
7051.39	3
7059.01	1
7066.63	0
7074.26	1
7081.88	3
7089.5	1
7097.13	3
7104.75	1
7112.37	4
7120	1
7127.62	2
7135.24	0
7142.87	2
7150.49	0
7158.11	4
7165.73	0
7173.36	1
7180.98	3
7188.6	0
7196.23	0
7203.85	0
7211.47	1
7219.1	1
7226.72	1
7234.34	1
7241.97	2
7249.59	3
7257.21	1
7264.84	2
7272.46	2
7280.08	2
7287.7	2
7295.33	2
7302.95	3
7310.57	2
7318.2	0
7325.82	1
7333.44	2
7341.07	2
7348.69	1
7356.31	0
7363.94	3
7371.56	0
7379.18	2
7386.8	3
7394.43	1
7402.05	5
7409.67	2
7417.3	1
7424.92	0
7432.54	0
7440.17	3
7447.79	2
7455.41	1
7463.04	1
7470.66	0
7478.28	2
7485.91	1
7493.53	1
7501.15	2
7508.77	1
7516.4	2
7524.02	3
7531.64	0
7539.27	0
7546.89	2
7554.51	1
7562.14	3
7569.76	2
7577.38	1
7585.01	1
7592.63	1
7600.25	0
7607.88	1
7615.5	1
7623.12	0
7630.74	2
7638.37	3
7645.99	1
7653.61	0
7661.24	1
7668.86	2
7676.48	1
7684.11	0
7691.73	0
7699.35	1
7706.98	0
7714.6	1
7722.22	1
7729.85	5
7737.47	1
7745.09	2
7752.71	0
7760.34	3
7767.96	0
7775.58	0
7783.21	1
7790.83	2
7798.45	0
7806.08	0
7813.7	1
7821.32	1
7828.95	3
7836.57	1
7844.19	1
7851.82	1
7859.44	1
7867.06	1
7874.68	1
7882.31	2
7889.93	3
7897.55	1
7905.18	0
7912.8	1
7920.42	0
7928.05	0
7935.67	0
7943.29	2
7950.92	0
7958.54	2
7966.16	1
7973.79	2
7981.41	1
7989.03	0
7996.65	0
8004.28	3
8011.9	1
8019.52	3
8027.15	1
8034.77	4
8042.39	0
8050.02	2
8057.64	1
8065.26	2
8072.89	0
8080.51	1
8088.13	4
8095.76	2
8103.38	0
8111	1
8118.62	0
8126.25	1
8133.87	0
8141.49	1
8149.12	3
8156.74	2
8164.36	0
8171.99	0
8179.61	1
8187.23	1
8194.86	2
8202.48	0
8210.1	1
8217.73	0
8225.35	0
8232.97	0
8240.59	0
8248.22	0
8255.84	0
8263.46	4
8271.09	1
8278.71	1
8286.33	2
8293.96	3
8301.58	1
8309.2	1
8316.83	1
8324.45	1
8332.07	0
8339.7	1
8347.32	2
8354.94	2
8362.56	1
8370.19	0
8377.81	1
8385.43	0
8393.06	0
8400.68	2
8408.3	2
8415.93	1
8423.55	1
8431.17	0
8438.8	0
8446.42	3
8454.04	2
8461.67	0
8469.29	2
8476.91	0
8484.53	1
8492.16	1
8499.78	1
8507.4	2
8515.03	1
8522.65	1
8530.27	0
8537.9	1
8545.52	0
8553.14	1
8560.77	1
8568.39	0
8576.01	0
8583.64	2
8591.26	0
8598.88	1
8606.5	2
8614.13	2
8621.75	2
8629.37	0
8637	2
8644.62	1
8652.24	0
8659.87	1
8667.49	1
8675.11	0
8682.74	2
8690.36	1
8697.98	1
8705.61	1
8713.23	0
8720.85	1
8728.47	0
8736.1	0
8743.72	1
8751.34	1
8758.97	1
8766.59	2
8774.21	1
8781.84	0
8789.46	1
8797.08	3
8804.71	2
8812.33	0
8819.95	1
8827.57	0
8835.2	1
8842.82	0
8850.44	1
8858.07	1
8865.69	1
8873.31	1
8880.94	3
8888.56	0
8896.18	0
8903.81	1
8911.43	1
8919.05	3
8926.68	1
8934.3	0
8941.92	1
8949.54	0
8957.17	0
8964.79	0
8972.41	1
8980.04	0
8987.66	0
8995.28	0
9002.91	3
9010.53	1
9018.15	0
9025.78	0
9033.4	0
9041.02	0
9048.65	0
9056.27	0
9063.89	2
9071.51	0
9079.14	2
9086.76	1
9094.38	0
9102.01	0
9109.63	0
9117.25	0
9124.88	0
9132.5	3
9140.12	1
9147.75	1
9155.37	0
9162.99	1
9170.62	0
9178.24	2
9185.86	0
9193.48	1
9201.11	1
9208.73	3
9216.35	2
9223.98	0
9231.6	0
9239.22	2
9246.85	2
9254.47	1
9262.09	4
9269.72	0
9277.34	0
9284.96	0
9292.59	0
9300.21	1
9307.83	0
9315.45	1
9323.08	1
9330.7	0
9338.32	0
9345.95	0
9353.57	1
9361.19	0
9368.82	0
9376.44	0
9384.06	0
9391.69	0
9399.31	1
9406.93	1
9414.56	0
9422.18	1
9429.8	0
9437.42	0
9445.05	0
9452.67	1
9460.29	2
9467.92	0
9475.54	0
9483.16	0
9490.79	0
9498.41	0
9506.03	2
9513.66	1
9521.28	2
9528.9	0
9536.53	1
9544.15	0
9551.77	0
9559.39	1
9567.02	1
9574.64	0
9582.26	0
9589.89	1
9597.51	1
9605.13	1
9612.76	0
9620.38	0
9628	0
9635.63	1
9643.25	2
9650.87	0
9658.5	1
9666.12	3
9673.74	2
9681.36	2
9688.99	0
9696.61	0
9704.23	0
9711.86	0
9719.48	0
9727.1	0
9734.73	1
9742.35	0
9749.97	2
9757.6	0
9765.22	0
9772.84	0
9780.47	0
9788.09	1
9795.71	0
9803.33	0
9810.96	0
9818.58	0
9826.2	0
9833.83	1
9841.45	0
9849.07	0
9856.7	0
9864.32	1
9871.94	1
9879.57	1
9887.19	1
9894.81	0
9902.44	0
9910.06	0
9917.68	0
9925.3	1
9932.93	0
9940.55	0
9948.17	1
9955.8	2
9963.42	0
9971.04	0
9978.67	0
9986.29	1
9993.91	0
10001.5	1
10009.2	2
10016.8	2
10024.4	1
10032	0
10039.7	0
10047.3	0
10054.9	1
10062.5	0
10070.1	2
10077.8	0
10085.4	0
10093	0
10100.6	0
10108.3	0
10115.9	1
10123.5	0
10131.1	2
10138.8	0
10146.4	0
10154	0
10161.6	1
10169.2	0
10176.9	0
10184.5	0
10192.1	1
10199.7	0
10207.4	0
10215	0
10222.6	1
10230.2	0
10237.9	0
10245.5	0
10253.1	1
10260.7	0
10268.3	1
10276	1
10283.6	0
10291.2	1
10298.8	0
10306.5	1
10314.1	1
10321.7	1
10329.3	0
10337	0
10344.6	0
10352.2	0
10359.8	0
10367.4	0
10375.1	0
10382.7	0
10390.3	0
10397.9	0
10405.6	0
10413.2	0
10420.8	1
10428.4	2
10436.1	1
10443.7	0
10451.3	0
10458.9	0
10466.5	1
10474.2	0
10481.8	0
10489.4	0
10497	1
10504.7	1
10512.3	0
10519.9	1
10527.5	1
10535.2	0
10542.8	0
10550.4	0
10558	0
10565.6	0
10573.3	1
10580.9	0
10588.5	0
10596.1	0
10603.8	1
10611.4	0
10619	1
10626.6	0
10634.3	0
10641.9	1
10649.5	0
10657.1	0
10664.7	0
10672.4	0
10680	1
10687.6	1
10695.2	0
10702.9	0
10710.5	0
10718.1	0
10725.7	1
10733.4	1
10741	1
10748.6	2
10756.2	1
10763.8	0
10771.5	1
10779.1	0
10786.7	0
10794.3	0
10802	0
10809.6	0
10817.2	0
10824.8	0
10832.5	0
10840.1	0
10847.7	1
10855.3	0
10862.9	0
10870.6	1
10878.2	0
10885.8	1
10893.4	0
10901.1	0
10908.7	2
10916.3	0
10923.9	2
10931.6	0
10939.2	0
10946.8	0
10954.4	1
10962	1
10969.7	1
10977.3	0
10984.9	0
10992.5	1
11000.2	0
11007.8	0
11015.4	0
11023	0
11030.7	2
11038.3	0
11045.9	0
11053.5	0
11061.1	0
11068.8	0
11076.4	2
11084	1
11091.6	0
11099.3	0
11106.9	1
11114.5	0
11122.1	0
11129.8	0
11137.4	0
11145	0
11152.6	0
11160.3	0
11167.9	0
11175.5	0
11183.1	0
11190.7	0
11198.4	0
11206	1
11213.6	0
11221.2	0
11228.9	0
11236.5	0
11244.1	0
11251.7	1
11259.4	0
11267	0
11274.6	0
11282.2	0
11289.8	0
11297.5	0
11305.1	0
11312.7	0
11320.3	0
11328	0
11335.6	0
11343.2	0
11350.8	0
11358.5	1
11366.1	1
11373.7	0
11381.3	1
11388.9	0
11396.6	0
11404.2	0
11411.8	1
11419.4	0
11427.1	0
11434.7	0
11442.3	0
11449.9	0
11457.6	0
11465.2	0
11472.8	0
11480.4	1
11488	0
11495.7	0
11503.3	0
11510.9	0
11518.5	1
11526.2	0
11533.8	1
11541.4	0
11549	0
11556.7	0
11564.3	1
11571.9	0
11579.5	0
11587.1	1
11594.8	1
11602.4	1
11610	0
11617.6	1
11625.3	0
11632.9	0
11640.5	0
11648.1	0
11655.8	0
11663.4	0
11671	0
11678.6	1
11686.2	1
11693.9	1
11701.5	1
11709.1	0
11716.7	0
11724.4	0
11732	0
11739.6	0
11747.2	0
11754.9	1
11762.5	0
11770.1	0
11777.7	0
11785.3	1
11793	0
11800.6	0
11808.2	1
11815.8	0
11823.5	1
11831.1	0
11838.7	0
11846.3	1
11854	0
11861.6	0
11869.2	0
11876.8	0
11884.4	0
11892.1	0
11899.7	2
11907.3	0
11914.9	0
11922.6	0
11930.2	0
11937.8	0
11945.4	0
11953.1	0
11960.7	1
11968.3	0
11975.9	0
11983.5	0
11991.2	0
11998.8	0
12006.4	0
12014	0
12021.7	0
12029.3	0
12036.9	0
12044.5	0
12052.2	0
12059.8	0
12067.4	0
12075	2
12082.6	0
12090.3	1
12097.9	0
12105.5	1
12113.1	0
12120.8	0
12128.4	0
12136	0
12143.6	1
12151.3	0
12158.9	1
12166.5	0
12174.1	0
12181.7	0
12189.4	0
12197	1
12204.6	0
12212.2	0
12219.9	0
12227.5	0
12235.1	0
12242.7	0
12250.4	1
12258	0
12265.6	0
12273.2	0
12280.8	0
12288.5	0
12296.1	0
12303.7	0
12311.3	0
12319	0
12326.6	0
12334.2	0
12341.8	0
12349.5	0
12357.1	1
12364.7	0
12372.3	0
12379.9	0
12387.6	0
12395.2	0
12402.8	0
12410.4	0
12418.1	0
12425.7	0
12433.3	0
12440.9	2
12448.6	0
12456.2	1
12463.8	0
12471.4	0
12479.1	0
12486.7	0
12494.3	0
12501.9	0
12509.5	0
12517.2	0
12524.8	1
12532.4	0
12540	1
12547.7	0
12555.3	0
12562.9	0
12570.5	0
12578.2	0
12585.8	1
12593.4	0
12601	0
12608.6	0
12616.3	0
12623.9	0
12631.5	1
12639.1	0
12646.8	1
12654.4	1
12662	0
12669.6	0
12677.3	0
12684.9	0
12692.5	1
12700.1	0
12707.7	0
12715.4	0
12723	0
12730.6	0
12738.2	0
12745.9	0
12753.5	0
12761.1	2
12768.7	1
12776.4	0
12784	0
12791.6	2
12799.2	0
12806.8	0
12814.5	0
12822.1	0
12829.7	0
12837.3	0
12845	0
12852.6	0
12860.2	0
12867.8	0
12875.5	0
12883.1	1
12890.7	0
12898.3	0
12905.9	0
12913.6	1
12921.2	0
12928.8	1
12936.4	0
12944.1	1
12951.7	0
12959.3	0
12966.9	0
12974.6	0
12982.2	0
12989.8	0
12997.4	0
13005	0
13012.7	0
13020.3	0
13027.9	0
13035.5	0
13043.2	0
13050.8	0
13058.4	0
13066	1
13073.7	0
13081.3	0
13088.9	1
13096.5	0
13104.1	0
13111.8	0
13119.4	0
13127	0
13134.6	0
13142.3	0
13149.9	0
13157.5	0
13165.1	0
13172.8	0
13180.4	0
13188	0
13195.6	0
13203.2	0
13210.9	0
13218.5	1
13226.1	0
13233.7	0
13241.4	0
13249	0
13256.6	0
13264.2	0
13271.9	0
13279.5	0
13287.1	0
13294.7	0
13302.3	0
13310	0
13317.6	0
13325.2	0
13332.8	1
13340.5	0
13348.1	0
13355.7	0
13363.3	0
13371	0
13378.6	0
13386.2	1
13393.8	1
13401.4	0
13409.1	0
13416.7	1
13424.3	0
13431.9	0
13439.6	0
13447.2	0
13454.8	0
13462.4	1
13470.1	0
13477.7	0
13485.3	0
13492.9	0
13500.5	0
13508.2	0
13515.8	0
13523.4	0
13531	0
13538.7	0
13546.3	0
13553.9	0
13561.5	0
13569.2	0
13576.8	0
13584.4	0
13592	0
13599.6	0
13607.3	0
13614.9	0
13622.5	0
13630.1	0
13637.8	0
13645.4	1
13653	0
13660.6	0
13668.3	0
13675.9	0
13683.5	0
13691.1	0
13698.7	0
13706.4	0
13714	0
13721.6	0
13729.2	0
13736.9	0
13744.5	0
13752.1	1
13759.7	1
13767.4	0
13775	0
13782.6	0
13790.2	0
13797.9	0
13805.5	0
13813.1	0
13820.7	0
13828.3	0
13836	0
13843.6	0
13851.2	0
13858.8	0
13866.5	0
13874.1	0
13881.7	0
13889.3	0
13897	0
13904.6	0
13912.2	1
13919.8	0
13927.4	0
13935.1	1
13942.7	0
13950.3	0
13957.9	0
13965.6	0
13973.2	0
13980.8	0
13988.4	0
13996.1	1
14003.7	0
14011.3	0
14018.9	0
14026.5	0
14034.2	0
14041.8	0
14049.4	0
14057	0
14064.7	0
14072.3	0
14079.9	0
14087.5	0
14095.2	0
14102.8	0
14110.4	0
14118	0
14125.6	0
14133.3	0
14140.9	0
14148.5	0
14156.1	0
14163.8	0
14171.4	0
14179	0
14186.6	0
14194.3	1
14201.9	0
14209.5	0
14217.1	0
14224.7	1
14232.4	0
14240	0
14247.6	0
14255.2	0
14262.9	0
14270.5	0
14278.1	0
14285.7	0
14293.4	0
14301	0
14308.6	0
14316.2	1
14323.8	0
14331.5	0
14339.1	0
14346.7	0
14354.3	0
14362	0
14369.6	0
14377.2	0
14384.8	0
14392.5	0
14400.1	0
14407.7	0
14415.3	0
14422.9	0
14430.6	0
14438.2	0
14445.8	0
14453.4	0
14461.1	0
14468.7	0
14476.3	0
14483.9	0
14491.6	0
14499.2	0
14506.8	1
14514.4	0
14522	0
14529.7	0
14537.3	0
14544.9	0
14552.5	0
14560.2	0
14567.8	0
14575.4	0
14583	0
14590.7	0
14598.3	0
14605.9	1
14613.5	0
14621.1	0
14628.8	0
14636.4	0
14644	0
14651.6	0
14659.3	1
14666.9	0
14674.5	0
14682.1	0
14689.8	0
14697.4	0
14705	0
14712.6	0
14720.2	0
14727.9	0
14735.5	0
14743.1	1
14750.7	0
14758.4	0
14766	0
14773.6	0
14781.2	0
14788.9	0
14796.5	0
14804.1	0
14811.7	0
14819.3	0
14827	0
14834.6	0
14842.2	0
14849.8	1
14857.5	0
14865.1	0
14872.7	0
14880.3	0
14888	0
14895.6	0
14903.2	0
14910.8	0
14918.4	1
14926.1	0
14933.7	0
14941.3	0
14948.9	0
14956.6	0
14964.2	0
14971.8	0
14979.4	0
14987.1	0
14994.7	0
15002.3	0
15009.9	0
15017.5	0
15025.2	0
15032.8	0
15040.4	0
15048	0
15055.7	0
15063.3	0
15070.9	0
15078.5	0
15086.2	0
15093.8	0
15101.4	0
15109	0
15116.7	0
15124.3	0
15131.9	0
15139.5	0
15147.1	0
15154.8	0
15162.4	0
15170	0
15177.6	0
15185.3	0
15192.9	0
15200.5	0
15208.1	0
15215.8	0
15223.4	0
15231	0
15238.6	0
15246.2	0
15253.9	0
15261.5	0
15269.1	0
15276.7	0
15284.4	0
15292	0
15299.6	1
15307.2	0
15314.9	1
15322.5	0
15330.1	0
15337.7	0
15345.3	0
15353	0
15360.6	0
15368.2	1
15375.8	0
15383.5	0
15391.1	0
15398.7	0
15406.3	0
15414	0
15421.6	0
15429.2	0
15436.8	0
15444.4	0
15452.1	0
15459.7	0
15467.3	0
15474.9	0
15482.6	0
15490.2	1
15497.8	1
15505.4	0
15513.1	0
15520.7	0
15528.3	0
15535.9	1
15543.5	0
15551.2	0
15558.8	0
15566.4	0
15574	0
15581.7	0
15589.3	0
15596.9	0
15604.5	0
15612.2	0
15619.8	0
15627.4	0
15635	0
15642.6	0
15650.3	0
15657.9	0
15665.5	0
15673.1	0
15680.8	0
15688.4	0
15696	0
15703.6	0
15711.3	1
15718.9	0
15726.5	0
15734.1	0
15741.7	0
15749.4	0
15757	0
15764.6	0
15772.2	0
15779.9	0
15787.5	0
15795.1	0
15802.7	0
15810.4	0
15818	0
15825.6	0
15833.2	0
15840.8	0
15848.5	0
15856.1	0
15863.7	0
15871.3	0
15879	0
15886.6	0
15894.2	0
15901.8	0
15909.5	1
15917.1	0
15924.7	0
15932.3	0
15939.9	0
15947.6	0
15955.2	0
15962.8	0
15970.4	0
15978.1	0
15985.7	1
15993.3	0
16000.9	0
16008.6	0
16016.2	0
16023.8	0
16031.4	0
16039	0
16046.7	0
16054.3	0
16061.9	0
16069.5	0
16077.2	0
16084.8	0
16092.4	0
16100	0
16107.7	0
16115.3	0
16122.9	0
16130.5	0
16138.1	0
16145.8	0
16153.4	0
16161	0
16168.6	0
16176.3	0
16183.9	0
16191.5	0
16199.1	0
16206.8	0
16214.4	0
16222	0
16229.6	0
16237.2	0
16244.9	0
16252.5	0
16260.1	0
16267.7	0
16275.4	0
16283	0
16290.6	0
16298.2	0
16305.9	0
16313.5	0
16321.1	0
16328.7	0
16336.3	0
16344	0
16351.6	0
16359.2	0
16366.8	0
16374.5	0
16382.1	0
16389.7	0
16397.3	0
16405	0
16412.6	0
16420.2	1
16427.8	0
16435.5	0
16443.1	0
16450.7	0
16458.3	0
16465.9	0
16473.6	0
16481.2	0
16488.8	0
16496.4	0
16504.1	0
16511.7	0
16519.3	0
16526.9	0
16534.6	0
16542.2	0
16549.8	0
16557.4	0
16565	0
16572.7	0
16580.3	0
16587.9	0
16595.5	0
16603.2	0
16610.8	0
16618.4	0
16626	0
16633.7	0
16641.3	0
16648.9	0
16656.5	0
16664.1	0
16671.8	0
16679.4	0
16687	0
16694.6	0
16702.3	0
16709.9	0
16717.5	0
16725.1	0
16732.8	0
16740.4	0
16748	0
16755.6	0
16763.2	0
16770.9	0
16778.5	0
16786.1	0
16793.7	0
16801.4	0
16809	0
16816.6	0
16824.2	0
16831.9	0
16839.5	0
16847.1	0
16854.7	0
16862.3	0
16870	0
16877.6	0
16885.2	0
16892.8	0
16900.5	0
16908.1	0
16915.7	0
16923.3	0
16931	0
16938.6	0
16946.2	0
16953.8	0
16961.4	0
16969.1	0
16976.7	0
16984.3	0
16991.9	0
16999.6	0
17007.2	0
17014.8	0
17022.4	0
17030.1	0
17037.7	0
17045.3	0
17052.9	0
17060.5	0
17068.2	0
17075.8	0
17083.4	0
17091	0
17098.7	0
17106.3	0
17113.9	0
17121.5	0
17129.2	0
17136.8	1
17144.4	0
17152	0
17159.6	0
17167.3	0
17174.9	0
17182.5	0
17190.1	0
17197.8	0
17205.4	0
17213	0
17220.6	0
17228.3	0
17235.9	0
17243.5	0
17251.1	0
17258.7	0
17266.4	0
17274	0
17281.6	0
17289.2	0
17296.9	0
17304.5	0
17312.1	0
17319.7	0
17327.4	0
17335	0
17342.6	0
17350.2	0
17357.8	0
17365.5	0
17373.1	0
17380.7	0
17388.3	0
17396	0
17403.6	0
17411.2	0
17418.8	0
17426.5	0
17434.1	0
17441.7	0
17449.3	0
17456.9	0
17464.6	0
17472.2	0
17479.8	0
17487.4	0
17495.1	0
17502.7	0
17510.3	0
17517.9	0
17525.6	0
17533.2	0
17540.8	0
17548.4	0
17556	0
17563.7	0
17571.3	0
17578.9	0
17586.5	0
17594.2	0
17601.8	0
17609.4	0
17617	0
17624.7	0
17632.3	0
17639.9	0
17647.5	0
17655.1	0
17662.8	0
17670.4	0
17678	0
17685.6	0
17693.3	0
17700.9	0
17708.5	0
17716.1	0
17723.8	1
17731.4	0
17739	0
17746.6	0
17754.3	0
17761.9	0
17769.5	0
17777.1	0
17784.7	0
17792.4	0
17800	0
17807.6	0
17815.2	0
17822.9	0
17830.5	0
17838.1	0
17845.7	0
17853.4	0
17861	0
17868.6	0
17876.2	0
17883.8	0
17891.5	0
17899.1	0
17906.7	0
17914.3	0
17922	0
17929.6	0
17937.2	0
17944.8	0
17952.5	0
17960.1	0
17967.7	0
17975.3	0
17982.9	0
17990.6	0
17998.2	0
18005.8	0
18013.4	0
18021.1	0
18028.7	0
18036.3	0
18043.9	0
18051.6	0
18059.2	0
18066.8	0
18074.4	0
18082	0
18089.7	0
18097.3	1
18104.9	0
18112.5	0
18120.2	0
18127.8	0
18135.4	0
18143	0
18150.7	0
18158.3	0
18165.9	0
18173.5	0
18181.1	0
18188.8	0
18196.4	0
18204	0
18211.6	0
18219.3	0
18226.9	0
18234.5	0
18242.1	0
18249.8	0
18257.4	0
18265	0
18272.6	0
18280.2	0
18287.9	0
18295.5	0
18303.1	0
18310.7	0
18318.4	0
18326	0
18333.6	0
18341.2	0
18348.9	0
18356.5	0
18364.1	1
18371.7	0
18379.3	0
18387	0
18394.6	0
18402.2	0
18409.8	0
18417.5	0
18425.1	0
18432.7	0
18440.3	0
18448	0
18455.6	0
18463.2	0
18470.8	0
18478.4	0
18486.1	0
18493.7	0
18501.3	0
18508.9	0
18516.6	0
18524.2	0
18531.8	0
18539.4	0
18547.1	0
18554.7	0
18562.3	0
18569.9	0
18577.5	0
18585.2	0
18592.8	0
18600.4	0
18608	0
18615.7	0
18623.3	0
18630.9	0
18638.5	0
18646.2	0
18653.8	0
18661.4	0
18669	0
18676.6	0
18684.3	0
18691.9	0
18699.5	0
18707.1	0
18714.8	0
18722.4	0
18730	0
18737.6	0
18745.3	0
18752.9	0
18760.5	0
18768.1	0
18775.7	0
18783.4	0
18791	0
18798.6	0
18806.2	0
18813.9	0
18821.5	0
18829.1	0
18836.7	0
18844.4	0
18852	0
18859.6	0
18867.2	0
18874.8	0
18882.5	0
18890.1	0
18897.7	0
18905.3	0
18913	0
18920.6	0
18928.2	0
18935.8	0
18943.5	0
18951.1	0
18958.7	0
18966.3	0
18974	0
18981.6	0
18989.2	0
18996.8	0
19004.4	0
19012.1	0
19019.7	0
19027.3	0
19034.9	0
19042.6	0
19050.2	0
19057.8	0
19065.4	0
19073.1	0
19080.7	0
19088.3	0
19095.9	0
19103.5	0
19111.2	0
19118.8	0
19126.4	0
19134	0
19141.7	1
19149.3	0
19156.9	0
19164.5	0
19172.2	0
19179.8	0
19187.4	0
19195	0
19202.6	0
19210.3	0
19217.9	0
19225.5	0
19233.1	0
19240.8	0
19248.4	0
19256	0
19263.6	0
19271.3	0
19278.9	0
19286.5	0
19294.1	0
19301.7	0
19309.4	0
19317	0
19324.6	0
19332.2	0
19339.9	0
19347.5	0
19355.1	0
19362.7	0
19370.4	0
19378	0
19385.6	0
19393.2	0
19400.8	0
19408.5	0
19416.1	0
19423.7	0
19431.3	0
19439	0
19446.6	0
19454.2	0
19461.8	0
19469.5	0
19477.1	0
19484.7	0
19492.3	0
19499.9	0
19507.6	0
19515.2	0
19522.8	0
19530.4	0
19538.1	0
19545.7	0
19553.3	0
19560.9	0
19568.6	0
19576.2	0
19583.8	0
19591.4	0
19599	0
19606.7	0
19614.3	0
19621.9	0
19629.5	0
19637.2	0
19644.8	0
19652.4	0
19660	0
19667.7	0
19675.3	0
19682.9	0
19690.5	0
19698.1	0
19705.8	0
19713.4	0
19721	0
19728.6	0
19736.3	0
19743.9	0
19751.5	0
19759.1	0
19766.8	0
19774.4	0
19782	0
19789.6	0
19797.2	1
19804.9	0
19812.5	0
19820.1	0
19827.7	0
19835.4	0
19843	0
19850.6	0
19858.2	0
19865.9	0
19873.5	0
19881.1	0
19888.7	0
19896.3	0
19904	0
19911.6	0
19919.2	0
19926.8	0
19934.5	0
19942.1	0
19949.7	0
19957.3	0
19965	0
19972.6	0
19980.2	0
19987.8	0
19995.4	0
20003.1	0
20010.7	0
20018.3	0
20025.9	0
20033.6	0
20041.2	0
20048.8	0
20056.4	0
20064.1	0
20071.7	0
20079.3	0
20086.9	0
20094.5	0
20102.2	0
20109.8	0
20117.4	0
20125	0
20132.7	0
20140.3	0
20147.9	0
20155.5	0
20163.2	0
20170.8	0
20178.4	0
20186	0
20193.6	0
20201.3	0
20208.9	0
20216.5	0
20224.1	0
20231.8	0
20239.4	0
20247	0
20254.6	0
20262.3	0
20269.9	0
20277.5	0
20285.1	0
20292.8	0
20300.4	0
20308	0
20315.6	0
20323.2	0
20330.9	1
20338.5	0
20346.1	0
20353.7	0
20361.4	0
20369	0
20376.6	0
20384.2	0
20391.9	0
20399.5	0
20407.1	0
20414.7	0
20422.3	0
20430	0
20437.6	0
20445.2	0
20452.8	0
20460.5	0
20468.1	0
20475.7	0
20483.3	0
20491	0
20498.6	0
20506.2	0
20513.8	0
20521.4	0
20529.1	0
20536.7	0
20544.3	0
20551.9	0
20559.6	0
20567.2	0
20574.8	1
20582.4	0
20590.1	0
20597.7	0
20605.3	0
20612.9	0
20620.5	0
20628.2	0
20635.8	0
20643.4	0
20651	0
20658.7	0
20666.3	0
20673.9	0
20681.5	0
20689.2	0
20696.8	0
20704.4	0
20712	0
20719.6	0
20727.3	0
20734.9	0
20742.5	0
20750.1	0
20757.8	0
20765.4	0
20773	0
20780.6	0
20788.3	0
20795.9	0
20803.5	0
20811.1	0
20818.7	0
20826.4	0
20834	0
20841.6	0
20849.2	0
20856.9	0
20864.5	0
20872.1	0
20879.7	0
20887.4	0
20895	0
20902.6	0
20910.2	0
20917.8	0
20925.5	0
20933.1	0
20940.7	0
20948.3	0
20956	0
20963.6	0
20971.2	0
20978.8	0
20986.5	0
20994.1	0
21001.7	0
21009.3	0
21016.9	0
21024.6	0
21032.2	0
21039.8	0
21047.4	0
21055.1	0
21062.7	0
21070.3	0
21077.9	0
21085.6	0
21093.2	0
21100.8	0
21108.4	0
21116	0
21123.7	0
21131.3	0
21138.9	0
21146.5	0
21154.2	1
21161.8	0
21169.4	0
21177	0
21184.7	0
21192.3	0
21199.9	0
21207.5	0
21215.1	0
21222.8	0
21230.4	0
21238	0
21245.6	0
21253.3	0
21260.9	0
21268.5	0
21276.1	0
21283.8	0
21291.4	0
21299	1
21306.6	0
21314.2	0
21321.9	0
21329.5	0
21337.1	0
21344.7	0
21352.4	0
21360	0
21367.6	0
21375.2	0
21382.9	0
21390.5	0
21398.1	0
21405.7	0
21413.3	0
21421	0
21428.6	1
21436.2	0
21443.8	0
21451.5	0
21459.1	0
21466.7	0
21474.3	0
21482	0
21489.6	0
21497.2	0
21504.8	0
21512.4	0
21520.1	0
21527.7	0
21535.3	0
21542.9	0
21550.6	0
21558.2	0
21565.8	0
21573.4	0
21581.1	0
21588.7	0
21596.3	0
21603.9	0
21611.6	0
21619.2	0
21626.8	0
21634.4	0
21642	0
21649.7	0
21657.3	0
21664.9	0
21672.5	0
21680.2	0
21687.8	0
21695.4	0
21703	0
21710.7	0
21718.3	0
21725.9	0
21733.5	0
21741.1	0
21748.8	0
21756.4	0
21764	0
21771.6	0
21779.3	0
21786.9	0
21794.5	0
21802.1	0
21809.8	0
21817.4	0
21825	0
21832.6	0
21840.2	0
21847.9	0
21855.5	0
21863.1	0
21870.7	0
21878.4	0
21886	0
21893.6	0
21901.2	0
21908.9	0
21916.5	0
21924.1	0
21931.7	0
21939.3	0
21947	0
21954.6	0
21962.2	0
21969.8	0
21977.5	0
21985.1	0
21992.7	0
22000.3	0
22008	0
22015.6	0
22023.2	0
22030.8	0
22038.4	0
22046.1	0
22053.7	0
22061.3	0
22068.9	0
22076.6	0
22084.2	0
22091.8	0
22099.4	0
22107.1	0
22114.7	0
22122.3	0
22129.9	0
22137.5	0
22145.2	0
22152.8	0
22160.4	0
22168	0
22175.7	0
22183.3	0
22190.9	0
22198.5	0
22206.2	0
22213.8	0
22221.4	0
22229	0
22236.6	0
22244.3	0
22251.9	0
22259.5	0
22267.1	0
22274.8	0
22282.4	0
22290	0
22297.6	0
22305.3	0
22312.9	0
22320.5	0
22328.1	0
22335.7	0
22343.4	0
22351	0
22358.6	0
22366.2	0
22373.9	0
22381.5	0
22389.1	0
22396.7	0
22404.4	0
22412	0
22419.6	0
22427.2	0
22434.8	0
22442.5	0
22450.1	0
22457.7	0
22465.3	0
22473	0
22480.6	0
22488.2	0
22495.8	0
22503.5	0
22511.1	0
22518.7	0
22526.3	0
22533.9	0
22541.6	0
22549.2	0
22556.8	0
22564.4	0
22572.1	0
22579.7	0
22587.3	0
22594.9	0
22602.6	0
22610.2	0
22617.8	0
22625.4	0
22633	0
22640.7	0
22648.3	0
22655.9	0
22663.5	0
22671.2	0
22678.8	0
22686.4	0
22694	0
22701.7	0
22709.3	0
22716.9	0
22724.5	0
22732.1	0
22739.8	0
22747.4	1
22755	0
22762.6	0
22770.3	0
22777.9	0
22785.5	0
22793.1	0
22800.8	0
22808.4	0
22816	0
22823.6	0
22831.2	0
22838.9	0
22846.5	0
22854.1	0
22861.7	0
22869.4	0
22877	0
22884.6	0
22892.2	0
22899.9	0
22907.5	0
22915.1	0
22922.7	0
22930.4	0
22938	0
22945.6	0
22953.2	0
22960.8	0
22968.5	0
22976.1	0
22983.7	0
22991.3	0
22999	0
23006.6	0
23014.2	0
23021.8	0
23029.5	0
23037.1	0
23044.7	0
23052.3	0
23059.9	0
23067.6	0
23075.2	0
23082.8	0
23090.4	0
23098.1	0
23105.7	0
23113.3	0
23120.9	0
23128.6	0
23136.2	0
23143.8	0
23151.4	0
23159	0
23166.7	0
23174.3	0
23181.9	0
23189.5	0
23197.2	0
23204.8	0
23212.4	0
23220	0
23227.7	0
23235.3	0
23242.9	0
23250.5	0
23258.1	0
23265.8	0
23273.4	0
23281	0
23288.6	0
23296.3	0
23303.9	0
23311.5	0
23319.1	0
23326.8	0
23334.4	0
23342	0
23349.6	0
23357.2	0
23364.9	0
23372.5	0
23380.1	0
23387.7	0
23395.4	0
23403	0
23410.6	0
23418.2	0
23425.9	0
23433.5	0
23441.1	0
23448.7	0
23456.3	0
23464	0
23471.6	0
23479.2	0
23486.8	0
23494.5	0
23502.1	0
23509.7	0
23517.3	0
23525	0
23532.6	0
23540.2	0
23547.8	0
23555.4	0
23563.1	0
23570.7	0
23578.3	0
23585.9	0
23593.6	0
23601.2	0
23608.8	0
23616.4	0
23624.1	0
23631.7	0
23639.3	0
23646.9	0
23654.5	0
23662.2	0
23669.8	0
23677.4	0
23685	0
23692.7	0
23700.3	0
23707.9	0
23715.5	0
23723.2	0
23730.8	0
23738.4	0
23746	0
23753.6	0
23761.3	0
23768.9	0
23776.5	0
23784.1	0
23791.8	0
23799.4	0
23807	0
23814.6	0
23822.3	0
23829.9	0
23837.5	0
23845.1	0
23852.7	0
23860.4	0
23868	0
23875.6	0
23883.2	0
23890.9	0
23898.5	0
23906.1	0
23913.7	0
23921.4	0
23929	0
23936.6	0
23944.2	0
23951.8	0
23959.5	0
23967.1	0
23974.7	0
23982.3	0
23990	0
23997.6	0
24005.2	0
24012.8	0
24020.5	0
24028.1	0
24035.7	0
24043.3	0
24050.9	0
24058.6	0
24066.2	0
24073.8	0
24081.4	0
24089.1	0
24096.7	0
24104.3	0
24111.9	0
24119.6	0
24127.2	0
24134.8	0
24142.4	0
24150	0
24157.7	0
24165.3	0
24172.9	0
24180.5	0
24188.2	0
24195.8	0
24203.4	0
24211	0
24218.7	0
24226.3	0
24233.9	0
24241.5	0
24249.2	0
24256.8	0
24264.4	0
24272	0
24279.6	0
24287.3	0
24294.9	0
24302.5	0
24310.1	0
24317.8	0
24325.4	0
24333	0
24340.6	0
24348.3	0
24355.9	0
24363.5	0
24371.1	0
24378.7	0
24386.4	0
24394	0
24401.6	0
24409.2	0
24416.9	0
24424.5	0
24432.1	0
24439.7	0
24447.4	0
24455	0
24462.6	0
24470.2	0
24477.8	0
24485.5	0
24493.1	0
24500.7	0
24508.3	0
24516	0
24523.6	0
24531.2	0
24538.8	0
24546.5	1
24554.1	0
24561.7	0
24569.3	0
24576.9	0
24584.6	0
24592.2	0
24599.8	0
24607.4	0
24615.1	0
24622.7	0
24630.3	0
24637.9	0
24645.6	0
24653.2	0
24660.8	0
24668.4	0
24676	0
24683.7	0
24691.3	0
24698.9	0
24706.5	0
24714.2	0
24721.8	0
24729.4	0
24737	0
24744.7	0
24752.3	0
24759.9	0
24767.5	0
24775.1	0
24782.8	0
24790.4	0
24798	0
24805.6	0
24813.3	0
24820.9	0
24828.5	0
24836.1	0
24843.8	0
24851.4	0
24859	0
24866.6	0
24874.2	0
24881.9	0
24889.5	0
24897.1	0
24904.7	0
24912.4	0
24920	0
24927.6	0
24935.2	0
24942.9	0
24950.5	0
24958.1	0
24965.7	0
24973.3	0
24981	0
24988.6	0
24996.2	0
25003.8	0
25011.5	0
25019.1	0
25026.7	0
25034.3	0
25042	0
25049.6	0
25057.2	0
25064.8	0
25072.4	0
25080.1	0
25087.7	0
25095.3	0
25102.9	0
25110.6	0
25118.2	0
25125.8	0
25133.4	0
25141.1	0
25148.7	0
25156.3	0
25163.9	0
25171.5	0
25179.2	0
25186.8	0
25194.4	0
25202	0
25209.7	0
25217.3	0
25224.9	0
25232.5	0
25240.2	0
25247.8	0
25255.4	0
25263	0
25270.6	0
25278.3	0
25285.9	0
25293.5	0
25301.1	0
25308.8	0
25316.4	0
25324	0
25331.6	0
25339.3	0
25346.9	0
25354.5	0
25362.1	0
25369.7	0
25377.4	0
25385	0
25392.6	0
25400.2	0
25407.9	0
25415.5	0
25423.1	0
25430.7	0
25438.4	0
25446	0
25453.6	0
25461.2	0
25468.8	0
25476.5	0
25484.1	0
25491.7	0
25499.3	0
25507	0
25514.6	0
25522.2	0
25529.8	0
25537.5	0
25545.1	0
25552.7	0
25560.3	0
25568	0
25575.6	0
25583.2	0
25590.8	0
25598.4	0
25606.1	0
25613.7	0
25621.3	0
25628.9	0
25636.6	0
25644.2	0
25651.8	0
25659.4	0
25667.1	0
25674.7	0
25682.3	0
25689.9	0
25697.5	0
25705.2	0
25712.8	0
25720.4	0
25728	0
25735.7	0
25743.3	0
25750.9	0
25758.5	0
25766.2	0
25773.8	0
25781.4	0
25789	0
25796.6	0
25804.3	0
25811.9	0
25819.5	0
25827.1	0
25834.8	0
25842.4	0
25850	0
25857.6	0
25865.3	0
25872.9	0
25880.5	0
25888.1	0
25895.7	0
25903.4	0
25911	0
25918.6	0
25926.2	0
25933.9	0
25941.5	0
25949.1	0
25956.7	0
25964.4	0
25972	0
25979.6	0
25987.2	0
25994.8	0
26002.5	0
26010.1	0
26017.7	0
26025.3	0
26033	0
26040.6	0
26048.2	0
26055.8	0
26063.5	0
26071.1	0
26078.7	0
26086.3	0
26093.9	0
26101.6	0
26109.2	0
26116.8	0
26124.4	0
26132.1	0
26139.7	0
26147.3	0
26154.9	0
26162.6	0
26170.2	0
26177.8	0
26185.4	0
26193	0
26200.7	0
26208.3	0
26215.9	0
26223.5	0
26231.2	0
26238.8	0
26246.4	0
26254	0
26261.7	0
26269.3	0
26276.9	0
26284.5	0
26292.1	0
26299.8	0
26307.4	0
26315	0
26322.6	0
26330.3	0
26337.9	0
26345.5	0
26353.1	0
26360.8	0
26368.4	0
26376	0
26383.6	0
26391.2	0
26398.9	0
26406.5	0
26414.1	0
26421.7	0
26429.4	0
26437	0
26444.6	0
26452.2	0
26459.9	0
26467.5	0
26475.1	0
26482.7	0
26490.3	0
26498	0
26505.6	0
26513.2	0
26520.8	0
26528.5	0
26536.1	0
26543.7	0
26551.3	0
26559	0
26566.6	0
26574.2	0
26581.8	0
26589.4	0
26597.1	0
26604.7	0
26612.3	0
26619.9	0
26627.6	0
26635.2	0
26642.8	0
26650.4	0
26658.1	0
26665.7	0
26673.3	0
26680.9	0
26688.5	0
26696.2	0
26703.8	0
26711.4	0
26719	0
26726.7	0
26734.3	0
26741.9	0
26749.5	0
26757.2	0
26764.8	0
26772.4	0
26780	0
26787.6	0
26795.3	0
26802.9	0
26810.5	0
26818.1	0
26825.8	0
26833.4	0
26841	0
26848.6	0
26856.3	0
26863.9	0
26871.5	0
26879.1	0
26886.8	0
26894.4	0
26902	0
26909.6	0
26917.2	0
26924.9	0
26932.5	0
26940.1	0
26947.7	0
26955.4	0
26963	0
26970.6	0
26978.2	0
26985.9	0
26993.5	0
27001.1	0
27008.7	0
27016.3	0
27024	0
27031.6	0
27039.2	0
27046.8	0
27054.5	0
27062.1	0
27069.7	0
27077.3	0
27085	0
27092.6	0
27100.2	0
27107.8	0
27115.4	0
27123.1	0
27130.7	0
27138.3	0
27145.9	0
27153.6	0
27161.2	0
27168.8	0
27176.4	0
27184.1	0
27191.7	0
27199.3	0
27206.9	0
27214.5	0
27222.2	0
27229.8	0
27237.4	0
27245	0
27252.7	0
27260.3	0
27267.9	0
27275.5	0
27283.2	0
27290.8	0
27298.4	0
27306	0
27313.6	0
27321.3	0
27328.9	0
27336.5	0
27344.1	0
27351.8	0
27359.4	0
27367	0
27374.6	0
27382.3	0
27389.9	0
27397.5	0
27405.1	0
27412.7	0
27420.4	0
27428	0
27435.6	0
27443.2	0
27450.9	0
27458.5	0
27466.1	0
27473.7	0
27481.4	0
27489	0
27496.6	0
27504.2	0
27511.8	0
27519.5	0
27527.1	0
27534.7	0
27542.3	0
27550	0
27557.6	0
27565.2	0
27572.8	0
27580.5	0
27588.1	0
27595.7	0
27603.3	0
27610.9	0
27618.6	0
27626.2	0
27633.8	0
27641.4	0
27649.1	0
27656.7	0
27664.3	0
27671.9	0
27679.6	0
27687.2	0
27694.8	0
27702.4	0
27710	0
27717.7	0
27725.3	0
27732.9	0
27740.5	0
27748.2	0
27755.8	0
27763.4	0
27771	0
27778.7	0
27786.3	0
27793.9	0
27801.5	0
27809.1	0
27816.8	0
27824.4	0
27832	0
27839.6	0
27847.3	0
27854.9	0
27862.5	0
27870.1	0
27877.8	0
27885.4	0
27893	0
27900.6	0
27908.2	0
27915.9	0
27923.5	0
27931.1	0
27938.7	0
27946.4	0
27954	0
27961.6	0
27969.2	0
27976.9	0
27984.5	0
27992.1	0
27999.7	0
28007.3	0
28015	0
28022.6	0
28030.2	0
28037.8	0
28045.5	0
28053.1	0
28060.7	0
28068.3	0
28076	0
28083.6	0
28091.2	0
28098.8	0
28106.4	0
28114.1	0
28121.7	0
28129.3	0
28136.9	0
28144.6	0
28152.2	0
28159.8	0
28167.4	0
28175.1	0
28182.7	0
28190.3	0
28197.9	0
28205.6	0
28213.2	0
28220.8	0
28228.4	0
28236	0
28243.7	0
28251.3	0
28258.9	0
28266.5	0
28274.2	0
28281.8	0
28289.4	0
28297	0
28304.7	0
28312.3	0
28319.9	0
28327.5	0
28335.1	0
28342.8	0
28350.4	0
28358	0
28365.6	0
28373.3	0
28380.9	0
28388.5	0
28396.1	0
28403.8	0
28411.4	0
28419	0
28426.6	0
28434.2	0
28441.9	0
28449.5	0
28457.1	0
28464.7	0
28472.4	0
28480	0
28487.6	0
28495.2	0
28502.9	0
28510.5	0
28518.1	0
28525.7	0
28533.3	0
28541	0
28548.6	0
28556.2	0
28563.8	0
28571.5	0
28579.1	0
28586.7	0
28594.3	0
28602	0
28609.6	0
28617.2	0
28624.8	0
28632.4	0
28640.1	0
28647.7	0
28655.3	0
28662.9	0
28670.6	0
28678.2	0
28685.8	0
28693.4	0
28701.1	0
28708.7	0
28716.3	0
28723.9	0
28731.5	0
28739.2	0
28746.8	0
28754.4	0
28762	0
28769.7	0
28777.3	0
28784.9	0
28792.5	0
28800.2	0
28807.8	0
28815.4	0
28823	0
28830.6	0
28838.3	0
28845.9	0
28853.5	0
28861.1	0
28868.8	0
28876.4	0
28884	0
28891.6	0
28899.3	0
28906.9	0
28914.5	0
28922.1	0
28929.7	0
28937.4	0
28945	0
28952.6	0
28960.2	0
28967.9	0
28975.5	0
28983.1	0
28990.7	0
28998.4	0
29006	0
29013.6	0
29021.2	0
29028.8	0
29036.5	0
29044.1	0
29051.7	0
29059.3	0
29067	0
29074.6	0
29082.2	0
29089.8	0
29097.5	0
29105.1	0
29112.7	0
29120.3	0
29127.9	0
29135.6	0
29143.2	0
29150.8	0
29158.4	0
29166.1	0
29173.7	0
29181.3	0
29188.9	0
29196.6	0
29204.2	0
29211.8	0
29219.4	0
29227	0
29234.7	0
29242.3	0
29249.9	0
29257.5	0
29265.2	0
29272.8	0
29280.4	0
29288	0
29295.7	0
29303.3	0
29310.9	0
29318.5	0
29326.1	0
29333.8	0
29341.4	0
29349	0
29356.6	0
29364.3	0
29371.9	0
29379.5	0
29387.1	0
29394.8	0
29402.4	0
29410	0
29417.6	0
29425.2	0
29432.9	0
29440.5	0
29448.1	0
29455.7	0
29463.4	0
29471	0
29478.6	0
29486.2	0
29493.9	0
29501.5	0
29509.1	0
29516.7	0
29524.4	0
29532	0
29539.6	0
29547.2	0
29554.8	0
29562.5	0
29570.1	0
29577.7	0
29585.3	0
29593	0
29600.6	0
29608.2	0
29615.8	0
29623.5	0
29631.1	0
29638.7	0
29646.3	0
29653.9	0
29661.6	0
29669.2	0
29676.8	0
29684.4	0
29692.1	0
29699.7	0
29707.3	0
29714.9	0
29722.6	0
29730.2	0
29737.8	0
29745.4	0
29753	0
29760.7	0
29768.3	0
29775.9	0
29783.5	0
29791.2	0
29798.8	0
29806.4	0
29814	0
29821.7	0
29829.3	0
29836.9	0
29844.5	0
29852.1	0
29859.8	0
29867.4	0
29875	0
29882.6	0
29890.3	0
29897.9	0
29905.5	0
29913.1	0
29920.8	0
29928.4	0
29936	0
29943.6	0
29951.2	0
29958.9	0
29966.5	0
29974.1	0
29981.7	0
29989.4	0
29997	0
30004.6	0
30012.2	0
30019.9	0
30027.5	0
30035.1	0
30042.7	0
30050.3	0
30058	0
30065.6	0
30073.2	0
30080.8	0
30088.5	0
30096.1	0
30103.7	0
30111.3	0
30119	0
30126.6	0
30134.2	0
30141.8	0
30149.4	0
30157.1	0
30164.7	0
30172.3	0
30179.9	0
30187.6	0
30195.2	0
30202.8	0
30210.4	0
30218.1	0
30225.7	0
30233.3	0
30240.9	0
30248.5	0
30256.2	0
30263.8	0
30271.4	0
30279	0
30286.7	0
30294.3	0
30301.9	0
30309.5	0
30317.2	0
30324.8	0
30332.4	0
30340	0
30347.6	0
30355.3	0
30362.9	0
30370.5	0
30378.1	0
30385.8	0
30393.4	0
30401	0
30408.6	0
30416.3	0
30423.9	0
30431.5	0
30439.1	0
30446.7	0
30454.4	0
30462	0
30469.6	0
30477.2	0
30484.9	0
30492.5	0
30500.1	0
30507.7	0
30515.4	0
30523	0
30530.6	0
30538.2	0
30545.8	0
30553.5	0
30561.1	0
30568.7	0
30576.3	0
30584	0
30591.6	0
30599.2	0
30606.8	0
30614.5	0
30622.1	0
30629.7	0
30637.3	0
30644.9	0
30652.6	0
30660.2	0
30667.8	0
30675.4	0
30683.1	0
30690.7	0
30698.3	0
30705.9	0
30713.6	0
30721.2	0
30728.8	0
30736.4	0
30744	0
30751.7	0
30759.3	0
30766.9	0
30774.5	0
30782.2	0
30789.8	0
30797.4	0
30805	0
30812.7	0
30820.3	0
30827.9	0
30835.5	0
30843.2	0
30850.8	0
30858.4	0
30866	0
30873.6	0
30881.3	0
30888.9	0
30896.5	0
30904.1	0
30911.8	0
30919.4	0
30927	0
30934.6	0
30942.3	0
30949.9	0
30957.5	0
30965.1	0
30972.7	0
30980.4	0
30988	0
30995.6	0
31003.2	0
31010.9	0
31018.5	0
31026.1	0
31033.7	0
31041.4	0
31049	0
31056.6	0
31064.2	0
31071.8	0
31079.5	0
31087.1	0
31094.7	0
31102.3	0
31110	0
31117.6	0
31125.2	0
31132.8	0
31140.5	0
31148.1	0
31155.7	0
31163.3	0
31170.9	0
31178.6	0
31186.2	0
31193.8	0
31201.4	0
31209.1	0
31216.7	0
31224.3	1
