# [<k> (h/Mpc)]	[<P_0(k)> (Mpc/h)^3]	[ErrorBar (Mpc/h)^3]	nModes	[<P_2(k)> (Mpc/h)^3]
3.476422e-02	1.499683e+04	4.159371e+03	13.000000	0.000000e+00
5.890282e-02	1.098217e+04	1.911750e+03	33.000000	0.000000e+00
8.378087e-02	6.474418e+03	7.284290e+02	79.000000	0.000000e+00
1.087368e-01	4.976188e+03	4.600487e+02	117.000000	0.000000e+00
1.341836e-01	3.721304e+03	2.599072e+02	205.000000	0.000000e+00
1.581206e-01	2.746542e+03	1.791647e+02	235.000000	0.000000e+00
1.826843e-01	2.127051e+03	1.107298e+02	369.000000	0.000000e+00
2.073525e-01	1.961743e+03	9.427534e+01	433.000000	0.000000e+00
2.322407e-01	1.713086e+03	7.082741e+01	585.000000	0.000000e+00
2.568838e-01	1.444154e+03	5.542155e+01	679.000000	0.000000e+00
2.811185e-01	1.310229e+03	4.595173e+01	813.000000	0.000000e+00
3.057758e-01	1.160447e+03	3.697490e+01	985.000000	0.000000e+00
3.308750e-01	1.120173e+03	3.256813e+01	1183.000000	0.000000e+00
3.553459e-01	1.038535e+03	2.915349e+01	1269.000000	0.000000e+00
3.797184e-01	8.890822e+02	2.267801e+01	1537.000000	0.000000e+00
4.042043e-01	8.663738e+02	2.130929e+01	1653.000000	0.000000e+00
4.287408e-01	7.822745e+02	1.765627e+01	1963.000000	0.000000e+00
4.533372e-01	7.659172e+02	1.663074e+01	2121.000000	0.000000e+00
4.779960e-01	7.191453e+02	1.463990e+01	2413.000000	0.000000e+00
5.026630e-01	6.825539e+02	1.329678e+01	2635.000000	0.000000e+00
5.271488e-01	6.173796e+02	1.151019e+01	2877.000000	0.000000e+00
5.515428e-01	6.012512e+02	1.068058e+01	3169.000000	0.000000e+00
5.762241e-01	5.662441e+02	9.561715e+00	3507.000000	0.000000e+00
6.007286e-01	5.701283e+02	9.391908e+00	3685.000000	0.000000e+00
6.252569e-01	5.416095e+02	8.392257e+00	4165.000000	0.000000e+00
6.499966e-01	5.262338e+02	7.954090e+00	4377.000000	0.000000e+00
6.746858e-01	4.930907e+02	7.076723e+00	4855.000000	0.000000e+00
6.991271e-01	4.861366e+02	6.924348e+00	4929.000000	0.000000e+00
7.235757e-01	4.680945e+02	6.265814e+00	5581.000000	0.000000e+00
7.479714e-01	4.515611e+02	5.992121e+00	5679.000000	0.000000e+00
7.726133e-01	4.406400e+02	5.514466e+00	6385.000000	0.000000e+00
7.972413e-01	4.222638e+02	5.216315e+00	6553.000000	0.000000e+00
8.218513e-01	4.146551e+02	4.912410e+00	7125.000000	0.000000e+00
8.464491e-01	3.976671e+02	4.608175e+00	7447.000000	0.000000e+00
8.709767e-01	3.907024e+02	4.387699e+00	7929.000000	0.000000e+00
8.955547e-01	3.760208e+02	4.114249e+00	8353.000000	0.000000e+00
9.199772e-01	3.677578e+02	3.925892e+00	8775.000000	0.000000e+00
9.444963e-01	3.662351e+02	3.795030e+00	9313.000000	0.000000e+00
9.690846e-01	3.571700e+02	3.600438e+00	9841.000000	0.000000e+00
9.935517e-01	3.492303e+02	3.459422e+00	10191.000000	0.000000e+00
1.018099e+00	3.412829e+02	3.269347e+00	10897.000000	0.000000e+00
1.042679e+00	3.324021e+02	3.126838e+00	11301.000000	0.000000e+00
1.067353e+00	3.233877e+02	2.949042e+00	12025.000000	0.000000e+00
1.092004e+00	3.146635e+02	2.823144e+00	12423.000000	0.000000e+00
1.116549e+00	3.082745e+02	2.701565e+00	13021.000000	0.000000e+00
1.140967e+00	3.044521e+02	2.629575e+00	13405.000000	0.000000e+00
1.165410e+00	2.942053e+02	2.464840e+00	14247.000000	0.000000e+00
1.189942e+00	2.844209e+02	2.349623e+00	14653.000000	0.000000e+00
1.214340e+00	2.837173e+02	2.291248e+00	15333.000000	0.000000e+00
1.238824e+00	2.774125e+02	2.196642e+00	15949.000000	0.000000e+00
1.263616e+00	2.685152e+02	2.055853e+00	17059.000000	0.000000e+00
1.288278e+00	2.644184e+02	2.022236e+00	17097.000000	0.000000e+00
1.312698e+00	2.579172e+02	1.924273e+00	17965.000000	0.000000e+00
1.337129e+00	2.521777e+02	1.852496e+00	18531.000000	0.000000e+00
1.361846e+00	2.498776e+02	1.781706e+00	19669.000000	0.000000e+00
1.386459e+00	2.437805e+02	1.728418e+00	19893.000000	0.000000e+00
1.410760e+00	2.379759e+02	1.662704e+00	20485.000000	0.000000e+00
1.435294e+00	2.378475e+02	1.612720e+00	21751.000000	0.000000e+00
1.459966e+00	2.304649e+02	1.546466e+00	22209.000000	0.000000e+00
1.484553e+00	2.267717e+02	1.493958e+00	23041.000000	0.000000e+00
1.509059e+00	2.241881e+02	1.456535e+00	23691.000000	0.000000e+00
1.533565e+00	2.176664e+02	1.391841e+00	24457.000000	0.000000e+00
1.558284e+00	2.172023e+02	1.352321e+00	25797.000000	0.000000e+00
1.582818e+00	2.126010e+02	1.328056e+00	25627.000000	0.000000e+00
1.607259e+00	2.083709e+02	1.263040e+00	27217.000000	0.000000e+00
1.631809e+00	2.041043e+02	1.229700e+00	27549.000000	0.000000e+00
1.656366e+00	2.000519e+02	1.178551e+00	28813.000000	0.000000e+00
1.680925e+00	1.979567e+02	1.155391e+00	29355.000000	0.000000e+00
1.705257e+00	1.930523e+02	1.116133e+00	29917.000000	0.000000e+00
1.729806e+00	1.904749e+02	1.070608e+00	31653.000000	0.000000e+00
1.754462e+00	1.870053e+02	1.046193e+00	31951.000000	0.000000e+00
1.778992e+00	1.820167e+02	1.001044e+00	33061.000000	0.000000e+00
1.803411e+00	1.792701e+02	9.780423e-01	33597.000000	0.000000e+00
1.827963e+00	1.782182e+02	9.499469e-01	35197.000000	0.000000e+00
1.852647e+00	1.731733e+02	9.149555e-01	35823.000000	0.000000e+00
1.877249e+00	1.715420e+02	8.924194e-01	36949.000000	0.000000e+00
1.901733e+00	1.674912e+02	8.671318e-01	37309.000000	0.000000e+00
1.926241e+00	1.643848e+02	8.315958e-01	39075.000000	0.000000e+00
1.950830e+00	1.623223e+02	8.180482e-01	39373.000000	0.000000e+00
1.975308e+00	1.609352e+02	7.964262e-01	40833.000000	0.000000e+00
1.999729e+00	1.583486e+02	7.800993e-01	41203.000000	0.000000e+00
2.024419e+00	1.542236e+02	7.378444e-01	43689.000000	0.000000e+00
2.049126e+00	1.516904e+02	7.271910e-01	43513.000000	0.000000e+00
2.073508e+00	1.506041e+02	7.144377e-01	44437.000000	0.000000e+00
2.097846e+00	1.482367e+02	6.937940e-01	45651.000000	0.000000e+00
2.122473e+00	1.450720e+02	6.657410e-01	47485.000000	0.000000e+00
2.147106e+00	1.430016e+02	6.529755e-01	47961.000000	0.000000e+00
2.171601e+00	1.409633e+02	6.358542e-01	49147.000000	0.000000e+00
2.196158e+00	1.382671e+02	6.163495e-01	50325.000000	0.000000e+00
2.220735e+00	1.365216e+02	6.007178e-01	51649.000000	0.000000e+00
2.245251e+00	1.348015e+02	5.902759e-01	52153.000000	0.000000e+00
2.269729e+00	1.329399e+02	5.723842e-01	53943.000000	0.000000e+00
2.294271e+00	1.310738e+02	5.604464e-01	54697.000000	0.000000e+00
2.318928e+00	1.283596e+02	5.388459e-01	56745.000000	0.000000e+00
2.343538e+00	1.264932e+02	5.297894e-01	57007.000000	0.000000e+00
2.368026e+00	1.248944e+02	5.165468e-01	58461.000000	0.000000e+00
2.392423e+00	1.215227e+02	5.001273e-01	59041.000000	0.000000e+00
2.416863e+00	1.198460e+02	4.851825e-01	61015.000000	0.000000e+00
2.441509e+00	1.191209e+02	4.759623e-01	62637.000000	0.000000e+00
2.466080e+00	1.169213e+02	4.652020e-01	63169.000000	0.000000e+00
2.490575e+00	1.151521e+02	4.530423e-01	64605.000000	0.000000e+00
2.515186e+00	1.137547e+02	4.411648e-01	66487.000000	0.000000e+00
2.539777e+00	1.125922e+02	4.348746e-01	67033.000000	0.000000e+00
2.564215e+00	1.110722e+02	4.251897e-01	68241.000000	0.000000e+00
2.588707e+00	1.094301e+02	4.136336e-01	69991.000000	0.000000e+00
2.613337e+00	1.074143e+02	4.016928e-01	71505.000000	0.000000e+00
2.637925e+00	1.068870e+02	3.963973e-01	72709.000000	0.000000e+00
2.662420e+00	1.041962e+02	3.844041e-01	73473.000000	0.000000e+00
2.686963e+00	1.027025e+02	3.731234e-01	75763.000000	0.000000e+00
2.711515e+00	1.021970e+02	3.700725e-01	76261.000000	0.000000e+00
2.735982e+00	1.002079e+02	3.588365e-01	77985.000000	0.000000e+00
2.760573e+00	9.889247e+01	3.496137e-01	80011.000000	0.000000e+00
2.785237e+00	9.714938e+01	3.413292e-01	81009.000000	0.000000e+00
2.809671e+00	9.656660e+01	3.380487e-01	81601.000000	0.000000e+00
2.834151e+00	9.471211e+01	3.266304e-01	84081.000000	0.000000e+00
2.858722e+00	9.345562e+01	3.202508e-01	85159.000000	0.000000e+00
2.883250e+00	9.279526e+01	3.152128e-01	86665.000000	0.000000e+00
2.907819e+00	9.098289e+01	3.061108e-01	88341.000000	0.000000e+00
2.932335e+00	9.003061e+01	3.009744e-01	89479.000000	0.000000e+00
2.956914e+00	8.854185e+01	2.926767e-01	91521.000000	0.000000e+00
2.981449e+00	8.725274e+01	2.870016e-01	92425.000000	0.000000e+00
3.005876e+00	8.645263e+01	2.826110e-01	93579.000000	0.000000e+00
3.030403e+00	8.536804e+01	2.750932e-01	96301.000000	0.000000e+00
3.055041e+00	8.402168e+01	2.688684e-01	97657.000000	0.000000e+00
3.079692e+00	8.300922e+01	2.632985e-01	99393.000000	0.000000e+00
3.104241e+00	8.194954e+01	2.588949e-01	100195.000000	0.000000e+00
3.128710e+00	8.123934e+01	2.547339e-01	101709.000000	0.000000e+00
3.153123e+00	8.019955e+01	2.498671e-01	103021.000000	0.000000e+00
3.177619e+00	7.903066e+01	2.431920e-01	105607.000000	0.000000e+00
3.202185e+00	7.842808e+01	2.399759e-01	106809.000000	0.000000e+00
3.226708e+00	7.704319e+01	2.337725e-01	108613.000000	0.000000e+00
3.251321e+00	7.607045e+01	2.285511e-01	110781.000000	0.000000e+00
3.275882e+00	7.501486e+01	2.245079e-01	111643.000000	0.000000e+00
3.300393e+00	7.435867e+01	2.205596e-01	113661.000000	0.000000e+00
3.324955e+00	7.331495e+01	2.159491e-01	115261.000000	0.000000e+00
3.349528e+00	7.269424e+01	2.120935e-01	117475.000000	0.000000e+00
3.374087e+00	7.183850e+01	2.087861e-01	118389.000000	0.000000e+00
3.398541e+00	7.080089e+01	2.043735e-01	120013.000000	0.000000e+00
3.423011e+00	7.003377e+01	2.005891e-01	121899.000000	0.000000e+00
3.447546e+00	6.892631e+01	1.956453e-01	124117.000000	0.000000e+00
3.472176e+00	6.832677e+01	1.919799e-01	126669.000000	0.000000e+00
3.496772e+00	6.753338e+01	1.895323e-01	126961.000000	0.000000e+00
3.521302e+00	6.682446e+01	1.854126e-01	129895.000000	0.000000e+00
3.545845e+00	6.571270e+01	1.819320e-01	130461.000000	0.000000e+00
3.570351e+00	6.541223e+01	1.791471e-01	133321.000000	0.000000e+00
3.594817e+00	6.430803e+01	1.759238e-01	133623.000000	0.000000e+00
3.619340e+00	6.403219e+01	1.727366e-01	137413.000000	0.000000e+00
3.643921e+00	6.309029e+01	1.696852e-01	138241.000000	0.000000e+00
3.668501e+00	6.222468e+01	1.657346e-01	140961.000000	0.000000e+00
3.693083e+00	6.147000e+01	1.629782e-01	142255.000000	0.000000e+00
3.717636e+00	6.048092e+01	1.592900e-01	144165.000000	0.000000e+00
3.742123e+00	6.016994e+01	1.578133e-01	145369.000000	0.000000e+00
3.766623e+00	5.954503e+01	1.546802e-01	148191.000000	0.000000e+00
3.791211e+00	5.891801e+01	1.520279e-01	150193.000000	0.000000e+00
3.815740e+00	5.808076e+01	1.492310e-01	151477.000000	0.000000e+00
3.840250e+00	5.745216e+01	1.465164e-01	153759.000000	0.000000e+00
3.864816e+00	5.718441e+01	1.447261e-01	156121.000000	0.000000e+00
3.889416e+00	5.660124e+01	1.422928e-01	158229.000000	0.000000e+00
3.913984e+00	5.579315e+01	1.396519e-01	159613.000000	0.000000e+00
3.938439e+00	5.491746e+01	1.369300e-01	160851.000000	0.000000e+00
3.962856e+00	5.451688e+01	1.350533e-01	162949.000000	0.000000e+00
3.987408e+00	5.380494e+01	1.317179e-01	166861.000000	0.000000e+00
4.011951e+00	5.334789e+01	1.305654e-01	166947.000000	0.000000e+00
4.036502e+00	5.282003e+01	1.278037e-01	170809.000000	0.000000e+00
4.061101e+00	5.239729e+01	1.263260e-01	172041.000000	0.000000e+00
4.085632e+00	5.181744e+01	1.242910e-01	173809.000000	0.000000e+00
4.110226e+00	5.140110e+01	1.220467e-01	177375.000000	0.000000e+00
4.134760e+00	5.075169e+01	1.206402e-01	176977.000000	0.000000e+00
4.159247e+00	5.029406e+01	1.182722e-01	180829.000000	0.000000e+00
4.183807e+00	4.958534e+01	1.160441e-01	182583.000000	0.000000e+00
4.208321e+00	4.908965e+01	1.144082e-01	184105.000000	0.000000e+00
4.232839e+00	4.864689e+01	1.124072e-01	187293.000000	0.000000e+00
4.257376e+00	4.834227e+01	1.113957e-01	188329.000000	0.000000e+00
4.281944e+00	4.753885e+01	1.083649e-01	192451.000000	0.000000e+00
4.306505e+00	4.718970e+01	1.075316e-01	192585.000000	0.000000e+00
4.331033e+00	4.655446e+01	1.051244e-01	196117.000000	0.000000e+00
4.355617e+00	4.611630e+01	1.035845e-01	198207.000000	0.000000e+00
4.380161e+00	4.578653e+01	1.024851e-01	199597.000000	0.000000e+00
4.404676e+00	4.552277e+01	1.011475e-01	202557.000000	0.000000e+00
4.429249e+00	4.489855e+01	9.920133e-02	204847.000000	0.000000e+00
4.453772e+00	4.465391e+01	9.830299e-02	206341.000000	0.000000e+00
4.478282e+00	4.400164e+01	9.619897e-02	209217.000000	0.000000e+00
4.502777e+00	4.373384e+01	9.532052e-02	210505.000000	0.000000e+00
4.527289e+00	4.337421e+01	9.369610e-02	214299.000000	0.000000e+00
4.551889e+00	4.266654e+01	9.168394e-02	216565.000000	0.000000e+00
4.576426e+00	4.241784e+01	9.088635e-02	217821.000000	0.000000e+00
4.600893e+00	4.193184e+01	8.937157e-02	220135.000000	0.000000e+00
4.625467e+00	4.148071e+01	8.758438e-02	224305.000000	0.000000e+00
4.650035e+00	4.138787e+01	8.727017e-02	224913.000000	0.000000e+00
4.674541e+00	4.083917e+01	8.557761e-02	227737.000000	0.000000e+00
4.699104e+00	4.023822e+01	8.375059e-02	230835.000000	0.000000e+00
4.723670e+00	4.003145e+01	8.297195e-02	232777.000000	0.000000e+00
4.748182e+00	3.971160e+01	8.202688e-02	234381.000000	0.000000e+00
4.772682e+00	3.934483e+01	8.070756e-02	237655.000000	0.000000e+00
4.797203e+00	3.899017e+01	7.970184e-02	239317.000000	0.000000e+00
4.821755e+00	3.862006e+01	7.825832e-02	243537.000000	0.000000e+00
4.846361e+00	3.835863e+01	7.746026e-02	245227.000000	0.000000e+00
4.870915e+00	3.787475e+01	7.616666e-02	247269.000000	0.000000e+00
4.895426e+00	3.762642e+01	7.530935e-02	249625.000000	0.000000e+00
4.919952e+00	3.743006e+01	7.451265e-02	252337.000000	0.000000e+00
4.944496e+00	3.695066e+01	7.312461e-02	255339.000000	0.000000e+00
4.969013e+00	3.656642e+01	7.220519e-02	256465.000000	0.000000e+00
4.993562e+00	3.632902e+01	7.107330e-02	261273.000000	0.000000e+00
5.018138e+00	3.597893e+01	7.025486e-02	262267.000000	0.000000e+00
5.042642e+00	3.565312e+01	6.930047e-02	264681.000000	0.000000e+00
5.067215e+00	3.521531e+01	6.788652e-02	269089.000000	0.000000e+00
5.091775e+00	3.511825e+01	6.766623e-02	269353.000000	0.000000e+00
5.116309e+00	3.483484e+01	6.654430e-02	274035.000000	0.000000e+00
5.140838e+00	3.446990e+01	6.581857e-02	274273.000000	0.000000e+00
5.165333e+00	3.423977e+01	6.487912e-02	278517.000000	0.000000e+00
5.189818e+00	3.398487e+01	6.428980e-02	279439.000000	0.000000e+00
5.214351e+00	3.361652e+01	6.299637e-02	284757.000000	0.000000e+00
5.238947e+00	3.343556e+01	6.247673e-02	286405.000000	0.000000e+00
5.263479e+00	3.305705e+01	6.154232e-02	288523.000000	0.000000e+00
5.288002e+00	3.279487e+01	6.072530e-02	291657.000000	0.000000e+00
5.312546e+00	3.242452e+01	5.976192e-02	294373.000000	0.000000e+00
5.337121e+00	3.229816e+01	5.918304e-02	297825.000000	0.000000e+00
5.361672e+00	3.203445e+01	5.854804e-02	299371.000000	0.000000e+00
5.386196e+00	3.175558e+01	5.772664e-02	302613.000000	0.000000e+00
5.410715e+00	3.152197e+01	5.711167e-02	304633.000000	0.000000e+00
5.435244e+00	3.121660e+01	5.620035e-02	308527.000000	0.000000e+00
5.459823e+00	3.090684e+01	5.538888e-02	311361.000000	0.000000e+00
5.484389e+00	3.073110e+01	5.483318e-02	314101.000000	0.000000e+00
5.508889e+00	3.049261e+01	5.435092e-02	314757.000000	0.000000e+00
5.533464e+00	3.024263e+01	5.328447e-02	322135.000000	0.000000e+00
5.558036e+00	2.999856e+01	5.302010e-02	320125.000000	0.000000e+00
5.582484e+00	2.969926e+01	5.212346e-02	324657.000000	0.000000e+00
5.606956e+00	2.941652e+01	5.148676e-02	326431.000000	0.000000e+00
5.631560e+00	2.926521e+01	5.066788e-02	333609.000000	0.000000e+00
5.656168e+00	2.898064e+01	5.022098e-02	333001.000000	0.000000e+00
5.680698e+00	2.875674e+01	4.955813e-02	336705.000000	0.000000e+00
5.705204e+00	2.855662e+01	4.908673e-02	338443.000000	0.000000e+00
5.729704e+00	2.844767e+01	4.863162e-02	342181.000000	0.000000e+00
5.754232e+00	2.805908e+01	4.776037e-02	345153.000000	0.000000e+00
5.778772e+00	2.782436e+01	4.712481e-02	348619.000000	0.000000e+00
5.803342e+00	2.760355e+01	4.656355e-02	351429.000000	0.000000e+00
5.827902e+00	2.737116e+01	4.595758e-02	354709.000000	0.000000e+00
5.852409e+00	2.724544e+01	4.567532e-02	355815.000000	0.000000e+00
5.876957e+00	2.705286e+01	4.498095e-02	361717.000000	0.000000e+00
5.901534e+00	2.686668e+01	4.460191e-02	362845.000000	0.000000e+00
5.926030e+00	2.663637e+01	4.407790e-02	365181.000000	0.000000e+00
5.950548e+00	2.654969e+01	4.365645e-02	369847.000000	0.000000e+00
5.975137e+00	2.620604e+01	4.289960e-02	373161.000000	0.000000e+00
5.999657e+00	2.598119e+01	4.249032e-02	373885.000000	0.000000e+00
6.024161e+00	2.590630e+01	4.208169e-02	378987.000000	0.000000e+00
6.048714e+00	2.567909e+01	4.158716e-02	381277.000000	0.000000e+00
6.073267e+00	2.552169e+01	4.110647e-02	385477.000000	0.000000e+00
6.097868e+00	2.529345e+01	4.056205e-02	388845.000000	0.000000e+00
6.122369e+00	2.510347e+01	4.026929e-02	388615.000000	0.000000e+00
6.146867e+00	2.489151e+01	3.960098e-02	395085.000000	0.000000e+00
6.171452e+00	2.478928e+01	3.932424e-02	397381.000000	0.000000e+00
6.195974e+00	2.455758e+01	3.883521e-02	399871.000000	0.000000e+00
6.220444e+00	2.436848e+01	3.845825e-02	401493.000000	0.000000e+00
6.244986e+00	2.426580e+01	3.794604e-02	408937.000000	0.000000e+00
6.269588e+00	2.395340e+01	3.741846e-02	409791.000000	0.000000e+00
6.294124e+00	2.380317e+01	3.703827e-02	413017.000000	0.000000e+00
6.318633e+00	2.366258e+01	3.669781e-02	415761.000000	0.000000e+00
6.343202e+00	2.348451e+01	3.620013e-02	420865.000000	0.000000e+00
6.367770e+00	2.332842e+01	3.587854e-02	422767.000000	0.000000e+00
6.392288e+00	2.318956e+01	3.555355e-02	425421.000000	0.000000e+00
6.416837e+00	2.301893e+01	3.508214e-02	430525.000000	0.000000e+00
6.441383e+00	2.284709e+01	3.477124e-02	431739.000000	0.000000e+00
6.465913e+00	2.268540e+01	3.433538e-02	436525.000000	0.000000e+00
6.490433e+00	2.259457e+01	3.412636e-02	438357.000000	0.000000e+00
6.514946e+00	2.233333e+01	3.357803e-02	442381.000000	0.000000e+00
6.539518e+00	2.223001e+01	3.322879e-02	447559.000000	0.000000e+00
6.564059e+00	2.202543e+01	3.291629e-02	447741.000000	0.000000e+00
6.588587e+00	2.193496e+01	3.255961e-02	453853.000000	0.000000e+00
6.613110e+00	2.172580e+01	3.222862e-02	454431.000000	0.000000e+00
6.637622e+00	2.160006e+01	3.184890e-02	459961.000000	0.000000e+00
6.662172e+00	2.140699e+01	3.146832e-02	462769.000000	0.000000e+00
6.686693e+00	2.128127e+01	3.118293e-02	465759.000000	0.000000e+00
6.711227e+00	2.112302e+01	3.081251e-02	469957.000000	0.000000e+00
6.735777e+00	2.095655e+01	3.045569e-02	473481.000000	0.000000e+00
6.760323e+00	2.086767e+01	3.023839e-02	476245.000000	0.000000e+00
6.784855e+00	2.068772e+01	2.985073e-02	480303.000000	0.000000e+00
6.809427e+00	2.060094e+01	2.959425e-02	484573.000000	0.000000e+00
6.833979e+00	2.049193e+01	2.937951e-02	486493.000000	0.000000e+00
6.858503e+00	2.034585e+01	2.904739e-02	490611.000000	0.000000e+00
6.883055e+00	2.020916e+01	2.874528e-02	494269.000000	0.000000e+00
6.907584e+00	2.005444e+01	2.843881e-02	497277.000000	0.000000e+00
6.932134e+00	1.995742e+01	2.817661e-02	501685.000000	0.000000e+00
6.956669e+00	1.974834e+01	2.781360e-02	504135.000000	0.000000e+00
6.981221e+00	1.962728e+01	2.750665e-02	509149.000000	0.000000e+00
7.005753e+00	1.950028e+01	2.728913e-02	510625.000000	0.000000e+00
7.030233e+00	1.934150e+01	2.696631e-02	514443.000000	0.000000e+00
7.054782e+00	1.929554e+01	2.675725e-02	520033.000000	0.000000e+00
7.079343e+00	1.916041e+01	2.649973e-02	522789.000000	0.000000e+00
7.103883e+00	1.898983e+01	2.618331e-02	526009.000000	0.000000e+00
7.128424e+00	1.889137e+01	2.593767e-02	530475.000000	0.000000e+00
7.152965e+00	1.878293e+01	2.572779e-02	532993.000000	0.000000e+00
7.177501e+00	1.861482e+01	2.538972e-02	537529.000000	0.000000e+00
7.202013e+00	1.850676e+01	2.519172e-02	539691.000000	0.000000e+00
7.226577e+00	1.839364e+01	2.487816e-02	546637.000000	0.000000e+00
7.251125e+00	1.830606e+01	2.475246e-02	546957.000000	0.000000e+00
7.275651e+00	1.821821e+01	2.450635e-02	552655.000000	0.000000e+00
7.300226e+00	1.805312e+01	2.419631e-02	556681.000000	0.000000e+00
7.324759e+00	1.797222e+01	2.404859e-02	558501.000000	0.000000e+00
7.349299e+00	1.780378e+01	2.370273e-02	564193.000000	0.000000e+00
7.373825e+00	1.771431e+01	2.355528e-02	565551.000000	0.000000e+00
7.398312e+00	1.758349e+01	2.329332e-02	569833.000000	0.000000e+00
7.422892e+00	1.754285e+01	2.308692e-02	577389.000000	0.000000e+00
7.447442e+00	1.733346e+01	2.283228e-02	576331.000000	0.000000e+00
7.471956e+00	1.727855e+01	2.263225e-02	582853.000000	0.000000e+00
7.496499e+00	1.714724e+01	2.240184e-02	585897.000000	0.000000e+00
7.521014e+00	1.709298e+01	2.227891e-02	588637.000000	0.000000e+00
7.545557e+00	1.696162e+01	2.198454e-02	595251.000000	0.000000e+00
7.570086e+00	1.683337e+01	2.180735e-02	595849.000000	0.000000e+00
7.594613e+00	1.675064e+01	2.158449e-02	602253.000000	0.000000e+00
7.619172e+00	1.659753e+01	2.132339e-02	605863.000000	0.000000e+00
7.643756e+00	1.654813e+01	2.117256e-02	610873.000000	0.000000e+00
7.668263e+00	1.645327e+01	2.106016e-02	610353.000000	0.000000e+00
7.692777e+00	1.636936e+01	2.081251e-02	618607.000000	0.000000e+00
7.717371e+00	1.625722e+01	2.061040e-02	622185.000000	0.000000e+00
7.741929e+00	1.615898e+01	2.043580e-02	625237.000000	0.000000e+00
7.766457e+00	1.605133e+01	2.025448e-02	628029.000000	0.000000e+00
7.790953e+00	1.596422e+01	2.008158e-02	631975.000000	0.000000e+00
7.815489e+00	1.586135e+01	1.986514e-02	637525.000000	0.000000e+00
7.840050e+00	1.576312e+01	1.967617e-02	641805.000000	0.000000e+00
7.864588e+00	1.566932e+01	1.952083e-02	644323.000000	0.000000e+00
7.889126e+00	1.556831e+01	1.931919e-02	649389.000000	0.000000e+00
7.913643e+00	1.548318e+01	1.917932e-02	651709.000000	0.000000e+00
7.938181e+00	1.538266e+01	1.895905e-02	658309.000000	0.000000e+00
7.962760e+00	1.534405e+01	1.885003e-02	662607.000000	0.000000e+00
7.987311e+00	1.521447e+01	1.866789e-02	664237.000000	0.000000e+00
8.011811e+00	1.507412e+01	1.844118e-02	668169.000000	0.000000e+00
8.036325e+00	1.504863e+01	1.833543e-02	673615.000000	0.000000e+00
8.060868e+00	1.492345e+01	1.812870e-02	677649.000000	0.000000e+00
8.085446e+00	1.486897e+01	1.797988e-02	683893.000000	0.000000e+00
8.109989e+00	1.477689e+01	1.786837e-02	683905.000000	0.000000e+00
8.134471e+00	1.470510e+01	1.771761e-02	688851.000000	0.000000e+00
8.159038e+00	1.458989e+01	1.747337e-02	697189.000000	0.000000e+00
8.183598e+00	1.452861e+01	1.741173e-02	696249.000000	0.000000e+00
8.208073e+00	1.446805e+01	1.727543e-02	701395.000000	0.000000e+00
8.232590e+00	1.439530e+01	1.712638e-02	706497.000000	0.000000e+00
8.257144e+00	1.428955e+01	1.693136e-02	712285.000000	0.000000e+00
8.281710e+00	1.418862e+01	1.677204e-02	715663.000000	0.000000e+00
8.306271e+00	1.411017e+01	1.662834e-02	720057.000000	0.000000e+00
8.330826e+00	1.406572e+01	1.652408e-02	724585.000000	0.000000e+00
8.355374e+00	1.396645e+01	1.637729e-02	727257.000000	0.000000e+00
8.379901e+00	1.388891e+01	1.622573e-02	732703.000000	0.000000e+00
8.404418e+00	1.381443e+01	1.611536e-02	734829.000000	0.000000e+00
8.428928e+00	1.371603e+01	1.593715e-02	740689.000000	0.000000e+00
8.453504e+00	1.361560e+01	1.574317e-02	747979.000000	0.000000e+00
8.478051e+00	1.356722e+01	1.569778e-02	746973.000000	0.000000e+00
8.502580e+00	1.350471e+01	1.552831e-02	756349.000000	0.000000e+00
8.527138e+00	1.344906e+01	1.546142e-02	756633.000000	0.000000e+00
8.551634e+00	1.335274e+01	1.530056e-02	761599.000000	0.000000e+00
8.576156e+00	1.328377e+01	1.516613e-02	767173.000000	0.000000e+00
8.600697e+00	1.320644e+01	1.503783e-02	771261.000000	0.000000e+00
8.625259e+00	1.313308e+01	1.489384e-02	777535.000000	0.000000e+00
8.649836e+00	1.305640e+01	1.477747e-02	780633.000000	0.000000e+00
8.674376e+00	1.298564e+01	1.465897e-02	784729.000000	0.000000e+00
8.698927e+00	1.292583e+01	1.454502e-02	789747.000000	0.000000e+00
8.723450e+00	1.286085e+01	1.445228e-02	791893.000000	0.000000e+00
8.747957e+00	1.276809e+01	1.429593e-02	797677.000000	0.000000e+00
8.772521e+00	1.271257e+01	1.417391e-02	804429.000000	0.000000e+00
8.797047e+00	1.261980e+01	1.406954e-02	804535.000000	0.000000e+00
8.821541e+00	1.257610e+01	1.396603e-02	810861.000000	0.000000e+00
8.846076e+00	1.251962e+01	1.385669e-02	816325.000000	0.000000e+00
8.870641e+00	1.247193e+01	1.375284e-02	822399.000000	0.000000e+00
8.895170e+00	1.241585e+01	1.369012e-02	822505.000000	0.000000e+00
8.919713e+00	1.230433e+01	1.348419e-02	832657.000000	0.000000e+00
8.944263e+00	1.226820e+01	1.345102e-02	831861.000000	0.000000e+00
8.968772e+00	1.219786e+01	1.331423e-02	839335.000000	0.000000e+00
8.993334e+00	1.213249e+01	1.320075e-02	844701.000000	0.000000e+00
9.017895e+00	1.207387e+01	1.311181e-02	847945.000000	0.000000e+00
9.042430e+00	1.201675e+01	1.301170e-02	852915.000000	0.000000e+00
9.066970e+00	1.193847e+01	1.289768e-02	856789.000000	0.000000e+00
9.091538e+00	1.190746e+01	1.280371e-02	864901.000000	0.000000e+00
9.116063e+00	1.182955e+01	1.273797e-02	862455.000000	0.000000e+00
9.140573e+00	1.174746e+01	1.256948e-02	873481.000000	0.000000e+00
9.165140e+00	1.172950e+01	1.253334e-02	875841.000000	0.000000e+00
9.189653e+00	1.164127e+01	1.241846e-02	878749.000000	0.000000e+00
9.214176e+00	1.157419e+01	1.229276e-02	886507.000000	0.000000e+00
9.238722e+00	1.152186e+01	1.221907e-02	889137.000000	0.000000e+00
9.263252e+00	1.148156e+01	1.213495e-02	895213.000000	0.000000e+00
9.287810e+00	1.141283e+01	1.202575e-02	900663.000000	0.000000e+00
9.312363e+00	1.135477e+01	1.194075e-02	904261.000000	0.000000e+00
9.336898e+00	1.130904e+01	1.186085e-02	909117.000000	0.000000e+00
9.361428e+00	1.126324e+01	1.178808e-02	912937.000000	0.000000e+00
9.385969e+00	1.119936e+01	1.167607e-02	920011.000000	0.000000e+00
9.410496e+00	1.113126e+01	1.159727e-02	921249.000000	0.000000e+00
9.435027e+00	1.108776e+01	1.149732e-02	930025.000000	0.000000e+00
9.459577e+00	1.103430e+01	1.142787e-02	932307.000000	0.000000e+00
9.484080e+00	1.098631e+01	1.135628e-02	935905.000000	0.000000e+00
9.508599e+00	1.092892e+01	1.124919e-02	943869.000000	0.000000e+00
9.533177e+00	1.090557e+01	1.119203e-02	949465.000000	0.000000e+00
9.557740e+00	1.083969e+01	1.110475e-02	952831.000000	0.000000e+00
9.582283e+00	1.079341e+01	1.102937e-02	957669.000000	0.000000e+00
9.606825e+00	1.072485e+01	1.093221e-02	962425.000000	0.000000e+00
9.631356e+00	1.069285e+01	1.087371e-02	967011.000000	0.000000e+00
9.655881e+00	1.063415e+01	1.078995e-02	971329.000000	0.000000e+00
9.680426e+00	1.058073e+01	1.069493e-02	978757.000000	0.000000e+00
9.704942e+00	1.053924e+01	1.065214e-02	978915.000000	0.000000e+00
9.729497e+00	1.047697e+01	1.052140e-02	991573.000000	0.000000e+00
9.754046e+00	1.043948e+01	1.049724e-02	989025.000000	0.000000e+00
9.778535e+00	1.036973e+01	1.039215e-02	995689.000000	0.000000e+00
9.803103e+00	1.033208e+01	1.029914e-02	1006407.000000	0.000000e+00
9.827649e+00	1.029446e+01	1.027753e-02	1003297.000000	0.000000e+00
9.852180e+00	1.024431e+01	1.016546e-02	1015573.000000	0.000000e+00
9.876731e+00	1.019996e+01	1.012354e-02	1015155.000000	0.000000e+00
9.901284e+00	1.014279e+01	1.001772e-02	1025125.000000	0.000000e+00
9.925835e+00	1.009661e+01	9.966767e-03	1026225.000000	0.000000e+00
9.950350e+00	1.004672e+01	9.892659e-03	1031389.000000	0.000000e+00
9.974902e+00	1.000978e+01	9.815137e-03	1040055.000000	0.000000e+00
9.999429e+00	9.968763e+00	9.779950e-03	1038985.000000	0.000000e+00
1.002392e+01	9.918725e+00	9.690428e-03	1047673.000000	0.000000e+00
1.004849e+01	9.900867e+00	9.637219e-03	1055463.000000	0.000000e+00
1.007303e+01	9.849636e+00	9.584148e-03	1056169.000000	0.000000e+00
1.009756e+01	9.801189e+00	9.499645e-03	1064493.000000	0.000000e+00
1.012209e+01	9.756743e+00	9.447208e-03	1066603.000000	0.000000e+00
1.014664e+01	9.721940e+00	9.371159e-03	1076265.000000	0.000000e+00
1.017120e+01	9.678913e+00	9.320527e-03	1078381.000000	0.000000e+00
1.019572e+01	9.632820e+00	9.258797e-03	1082425.000000	0.000000e+00
1.022025e+01	9.604191e+00	9.197227e-03	1090455.000000	0.000000e+00
1.024479e+01	9.564180e+00	9.146348e-03	1093453.000000	0.000000e+00
1.026933e+01	9.515449e+00	9.071236e-03	1100337.000000	0.000000e+00
1.029386e+01	9.476245e+00	9.017853e-03	1104247.000000	0.000000e+00
1.031842e+01	9.438580e+00	8.950044e-03	1112149.000000	0.000000e+00
1.034296e+01	9.408648e+00	8.910819e-03	1114857.000000	0.000000e+00
1.036749e+01	9.379839e+00	8.862984e-03	1120033.000000	0.000000e+00
1.039203e+01	9.337009e+00	8.792694e-03	1127643.000000	0.000000e+00
1.041655e+01	9.309006e+00	8.763627e-03	1128337.000000	0.000000e+00
1.044111e+01	9.258599e+00	8.665284e-03	1141629.000000	0.000000e+00
1.046570e+01	9.219276e+00	8.626539e-03	1142143.000000	0.000000e+00
1.049021e+01	9.172980e+00	8.572980e-03	1144873.000000	0.000000e+00
1.051473e+01	9.142776e+00	8.510270e-03	1154169.000000	0.000000e+00
1.053925e+01	9.113151e+00	8.479573e-03	1155019.000000	0.000000e+00
1.056380e+01	9.077982e+00	8.399244e-03	1168149.000000	0.000000e+00
1.058835e+01	9.048062e+00	8.376970e-03	1166641.000000	0.000000e+00
1.061283e+01	9.001627e+00	8.319203e-03	1170789.000000	0.000000e+00
1.063739e+01	8.973576e+00	8.240873e-03	1185727.000000	0.000000e+00
1.066197e+01	8.938957e+00	8.214840e-03	1184065.000000	0.000000e+00
1.068650e+01	8.921391e+00	8.173196e-03	1191465.000000	0.000000e+00
1.071103e+01	8.873425e+00	8.118922e-03	1194499.000000	0.000000e+00
1.073555e+01	8.846135e+00	8.068897e-03	1201929.000000	0.000000e+00
1.076011e+01	8.820360e+00	8.020110e-03	1209517.000000	0.000000e+00
1.078466e+01	8.795308e+00	7.987722e-03	1212429.000000	0.000000e+00
1.080918e+01	8.757967e+00	7.939214e-03	1216891.000000	0.000000e+00
1.083370e+01	8.722216e+00	7.887983e-03	1222705.000000	0.000000e+00
1.085823e+01	8.695029e+00	7.837912e-03	1230669.000000	0.000000e+00
1.088282e+01	8.655108e+00	7.775066e-03	1239187.000000	0.000000e+00
1.090737e+01	8.642064e+00	7.767969e-03	1237713.000000	0.000000e+00
1.093189e+01	8.596519e+00	7.698966e-03	1246753.000000	0.000000e+00
1.095642e+01	8.573158e+00	7.667314e-03	1250245.000000	0.000000e+00
1.098096e+01	8.552822e+00	7.619124e-03	1260111.000000	0.000000e+00
1.100552e+01	8.524724e+00	7.588573e-03	1261945.000000	0.000000e+00
1.103005e+01	8.484194e+00	7.532477e-03	1268661.000000	0.000000e+00
1.105458e+01	8.463352e+00	7.497968e-03	1274083.000000	0.000000e+00
1.107911e+01	8.434113e+00	7.456483e-03	1279413.000000	0.000000e+00
1.110366e+01	8.412500e+00	7.414174e-03	1287433.000000	0.000000e+00
1.112821e+01	8.385890e+00	7.380119e-03	1291135.000000	0.000000e+00
1.115273e+01	8.350096e+00	7.336111e-03	1295541.000000	0.000000e+00
1.117726e+01	8.337010e+00	7.303796e-03	1302937.000000	0.000000e+00
1.120181e+01	8.307709e+00	7.259473e-03	1309641.000000	0.000000e+00
1.122634e+01	8.281898e+00	7.229312e-03	1312399.000000	0.000000e+00
1.125085e+01	8.282220e+00	7.212002e-03	1318809.000000	0.000000e+00
1.127541e+01	8.233099e+00	7.140105e-03	1329589.000000	0.000000e+00
1.129999e+01	8.220244e+00	7.123254e-03	1331719.000000	0.000000e+00
1.132451e+01	8.204823e+00	7.100550e-03	1335225.000000	0.000000e+00
1.134903e+01	8.177060e+00	7.054201e-03	1343689.000000	0.000000e+00
1.137357e+01	8.160916e+00	7.028556e-03	1348173.000000	0.000000e+00
1.139811e+01	8.143100e+00	6.992305e-03	1356247.000000	0.000000e+00
1.142265e+01	8.113211e+00	6.959865e-03	1358889.000000	0.000000e+00
1.144718e+01	8.104287e+00	6.930993e-03	1367221.000000	0.000000e+00
1.147174e+01	8.080002e+00	6.893048e-03	1374043.000000	0.000000e+00
1.149628e+01	8.054999e+00	6.863655e-03	1377273.000000	0.000000e+00
1.152079e+01	8.045884e+00	6.845627e-03	1381405.000000	0.000000e+00
1.154533e+01	8.014567e+00	6.790487e-03	1393023.000000	0.000000e+00
1.156988e+01	7.995199e+00	6.771953e-03	1393897.000000	0.000000e+00
1.159441e+01	7.987682e+00	6.743792e-03	1402921.000000	0.000000e+00
1.161895e+01	7.955063e+00	6.704831e-03	1407705.000000	0.000000e+00
1.164349e+01	7.942582e+00	6.678961e-03	1414183.000000	0.000000e+00
1.166804e+01	7.925589e+00	6.651501e-03	1419789.000000	0.000000e+00
1.169259e+01	7.911566e+00	6.622143e-03	1427341.000000	0.000000e+00
1.171712e+01	7.904606e+00	6.612756e-03	1428879.000000	0.000000e+00
1.174164e+01	7.861461e+00	6.555204e-03	1438249.000000	0.000000e+00
1.176619e+01	7.871921e+00	6.547748e-03	1445365.000000	0.000000e+00
1.179072e+01	7.840187e+00	6.518521e-03	1446621.000000	0.000000e+00
1.181525e+01	7.831612e+00	6.487171e-03	1457443.000000	0.000000e+00
1.183979e+01	7.814924e+00	6.465337e-03	1461057.000000	0.000000e+00
1.186435e+01	7.802550e+00	6.435328e-03	1470049.000000	0.000000e+00
1.188889e+01	7.797298e+00	6.423655e-03	1473411.000000	0.000000e+00
1.191343e+01	7.785191e+00	6.399575e-03	1479913.000000	0.000000e+00
1.193797e+01	7.783909e+00	6.383709e-03	1486789.000000	0.000000e+00
1.196251e+01	7.761487e+00	6.354861e-03	1491687.000000	0.000000e+00
1.198703e+01	7.747075e+00	6.331514e-03	1497133.000000	0.000000e+00
1.201156e+01	7.733704e+00	6.303917e-03	1505061.000000	0.000000e+00
1.203612e+01	7.737339e+00	6.293463e-03	1511485.000000	0.000000e+00
1.206065e+01	7.715245e+00	6.267284e-03	1515447.000000	0.000000e+00
1.208515e+01	7.716532e+00	6.259294e-03	1519825.000000	0.000000e+00
1.210971e+01	7.700306e+00	6.213763e-03	1535701.000000	0.000000e+00
1.213428e+01	7.698782e+00	6.219921e-03	1532055.000000	0.000000e+00
1.215881e+01	7.683860e+00	6.181682e-03	1545061.000000	0.000000e+00
1.218336e+01	7.672730e+00	6.171633e-03	1545609.000000	0.000000e+00
1.220787e+01	7.677834e+00	6.162134e-03	1552441.000000	0.000000e+00
1.223242e+01	7.673538e+00	6.136162e-03	1563859.000000	0.000000e+00
1.225696e+01	7.667213e+00	6.131665e-03	1563573.000000	0.000000e+00
1.228148e+01	7.665814e+00	6.110943e-03	1573621.000000	0.000000e+00
1.230602e+01	7.663934e+00	6.099633e-03	1578687.000000	0.000000e+00
1.233056e+01	7.659692e+00	6.082913e-03	1585621.000000	0.000000e+00
1.235512e+01	7.657181e+00	6.062579e-03	1595229.000000	0.000000e+00
1.237965e+01	7.649756e+00	6.060295e-03	1593337.000000	0.000000e+00
1.240419e+01	7.644982e+00	6.025563e-03	1609747.000000	0.000000e+00
1.242874e+01	7.648519e+00	6.033251e-03	1607133.000000	0.000000e+00
1.245325e+01	7.651747e+00	6.018670e-03	1616293.000000	0.000000e+00
1.247780e+01	7.643299e+00	5.991086e-03	1627611.000000	0.000000e+00
1.250235e+01	7.656304e+00	6.003431e-03	1626445.000000	0.000000e+00
1.252688e+01	7.655573e+00	5.979703e-03	1639065.000000	0.000000e+00
1.255143e+01	7.660255e+00	5.978682e-03	1641631.000000	0.000000e+00
1.257596e+01	7.662357e+00	5.973997e-03	1645109.500000	0.000000e+00
1.260049e+01	7.631488e+00	5.955100e-03	1642254.000000	0.000000e+00
1.262503e+01	7.608587e+00	5.942881e-03	1639132.000000	0.000000e+00
1.264958e+01	7.587357e+00	5.930313e-03	1636914.000000	0.000000e+00
1.267411e+01	7.561953e+00	5.921736e-03	1630684.000000	0.000000e+00
1.269864e+01	7.531180e+00	5.901189e-03	1628722.000000	0.000000e+00
1.272316e+01	7.505327e+00	5.888710e-03	1624422.000000	0.000000e+00
1.274773e+01	7.493926e+00	5.874617e-03	1627270.000000	0.000000e+00
1.277225e+01	7.468917e+00	5.882423e-03	1612140.000000	0.000000e+00
1.279677e+01	7.443762e+00	5.849133e-03	1619578.000000	0.000000e+00
1.282133e+01	7.429952e+00	5.855604e-03	1610010.000000	0.000000e+00
1.284587e+01	7.404395e+00	5.834206e-03	1610704.000000	0.000000e+00
1.287043e+01	7.379548e+00	5.824475e-03	1605262.000000	0.000000e+00
1.289495e+01	7.361699e+00	5.821099e-03	1599360.000000	0.000000e+00
1.291951e+01	7.350008e+00	5.807187e-03	1601932.000000	0.000000e+00
1.294403e+01	7.322040e+00	5.809343e-03	1588584.000000	0.000000e+00
1.296853e+01	7.308373e+00	5.792904e-03	1591654.000000	0.000000e+00
1.299309e+01	7.277416e+00	5.773131e-03	1589028.000000	0.000000e+00
1.301763e+01	7.257234e+00	5.771208e-03	1581280.000000	0.000000e+00
1.304217e+01	7.234272e+00	5.753374e-03	1581046.000000	0.000000e+00
1.306670e+01	7.229679e+00	5.760834e-03	1574952.000000	0.000000e+00
1.309123e+01	7.218036e+00	5.757947e-03	1571458.000000	0.000000e+00
1.311579e+01	7.193590e+00	5.738913e-03	1571202.000000	0.000000e+00
1.314034e+01	7.178372e+00	5.739041e-03	1564492.000000	0.000000e+00
1.316488e+01	7.156749e+00	5.728850e-03	1560618.000000	0.000000e+00
1.318940e+01	7.126299e+00	5.713052e-03	1555936.000000	0.000000e+00
1.321393e+01	7.124464e+00	5.718299e-03	1552282.000000	0.000000e+00
1.323848e+01	7.090354e+00	5.691776e-03	1551816.000000	0.000000e+00
1.326302e+01	7.077459e+00	5.697965e-03	1542820.000000	0.000000e+00
1.328757e+01	7.060171e+00	5.681050e-03	1544448.000000	0.000000e+00
1.331210e+01	7.044323e+00	5.686311e-03	1534678.000000	0.000000e+00
1.333662e+01	7.006649e+00	5.658478e-03	1533280.000000	0.000000e+00
1.336117e+01	7.003516e+00	5.660010e-03	1531080.000000	0.000000e+00
1.338570e+01	6.979187e+00	5.655086e-03	1523110.000000	0.000000e+00
1.341022e+01	6.964599e+00	5.646733e-03	1521240.000000	0.000000e+00
1.343476e+01	6.946318e+00	5.640007e-03	1516876.000000	0.000000e+00
1.345932e+01	6.928396e+00	5.627811e-03	1515606.000000	0.000000e+00
1.348389e+01	6.916613e+00	5.626636e-03	1511086.000000	0.000000e+00
1.350843e+01	6.885183e+00	5.616758e-03	1502656.000000	0.000000e+00
1.353293e+01	6.878246e+00	5.618436e-03	1498734.000000	0.000000e+00
1.355748e+01	6.862168e+00	5.605699e-03	1498522.000000	0.000000e+00
1.358203e+01	6.844300e+00	5.603858e-03	1491708.000000	0.000000e+00
1.360658e+01	6.827626e+00	5.594194e-03	1489582.000000	0.000000e+00
1.363111e+01	6.814624e+00	5.600209e-03	1480728.000000	0.000000e+00
1.365563e+01	6.801672e+00	5.589853e-03	1480576.000000	0.000000e+00
1.368019e+01	6.785695e+00	5.585613e-03	1475866.000000	0.000000e+00
1.370473e+01	6.769664e+00	5.584391e-03	1469544.000000	0.000000e+00
1.372924e+01	6.749937e+00	5.578941e-03	1463848.000000	0.000000e+00
1.375380e+01	6.736525e+00	5.561631e-03	1467126.000000	0.000000e+00
1.377836e+01	6.730216e+00	5.580361e-03	1454566.000000	0.000000e+00
1.380287e+01	6.706251e+00	5.566149e-03	1451610.000000	0.000000e+00
1.382737e+01	6.684359e+00	5.559081e-03	1445818.000000	0.000000e+00
1.385191e+01	6.683111e+00	5.557662e-03	1446016.000000	0.000000e+00
1.387648e+01	6.667419e+00	5.555546e-03	1440330.000000	0.000000e+00
1.390103e+01	6.647179e+00	5.546558e-03	1436242.000000	0.000000e+00
1.392557e+01	6.634475e+00	5.551958e-03	1427976.000000	0.000000e+00
1.395012e+01	6.620700e+00	5.538619e-03	1428910.000000	0.000000e+00
1.397464e+01	6.616124e+00	5.561112e-03	1415416.000000	0.000000e+00
1.399917e+01	6.583898e+00	5.523867e-03	1420626.000000	0.000000e+00
1.402372e+01	6.589662e+00	5.552478e-03	1408486.000000	0.000000e+00
1.404824e+01	6.567236e+00	5.536432e-03	1407036.000000	0.000000e+00
1.407278e+01	6.557746e+00	5.537511e-03	1402426.000000	0.000000e+00
1.409731e+01	6.541371e+00	5.537628e-03	1395372.000000	0.000000e+00
1.412183e+01	6.526766e+00	5.530883e-03	1392538.000000	0.000000e+00
1.414639e+01	6.511025e+00	5.521924e-03	1390330.000000	0.000000e+00
1.417094e+01	6.505705e+00	5.537001e-03	1380510.000000	0.000000e+00
1.419546e+01	6.487367e+00	5.524027e-03	1379194.000000	0.000000e+00
1.422001e+01	6.477200e+00	5.529009e-03	1372398.000000	0.000000e+00
1.424455e+01	6.467526e+00	5.527284e-03	1369156.000000	0.000000e+00
1.426908e+01	6.457757e+00	5.535755e-03	1360848.000000	0.000000e+00
1.429362e+01	6.443400e+00	5.523294e-03	1360924.000000	0.000000e+00
1.431818e+01	6.432792e+00	5.531395e-03	1352476.000000	0.000000e+00
1.434273e+01	6.428284e+00	5.533274e-03	1349664.000000	0.000000e+00
1.436724e+01	6.419847e+00	5.548409e-03	1338790.000000	0.000000e+00
1.439177e+01	6.413473e+00	5.536015e-03	1342122.000000	0.000000e+00
1.441633e+01	6.393187e+00	5.541085e-03	1331206.000000	0.000000e+00
1.444087e+01	6.380550e+00	5.534669e-03	1329024.000000	0.000000e+00
1.446541e+01	6.379770e+00	5.548922e-03	1321882.000000	0.000000e+00
1.448996e+01	6.363270e+00	5.539905e-03	1319338.000000	0.000000e+00
1.451448e+01	6.349063e+00	5.549532e-03	1308900.000000	0.000000e+00
1.453902e+01	6.347485e+00	5.545565e-03	1310122.000000	0.000000e+00
1.456356e+01	6.324764e+00	5.547437e-03	1299882.000000	0.000000e+00
1.458809e+01	6.328364e+00	5.558211e-03	1296322.000000	0.000000e+00
1.461262e+01	6.315835e+00	5.556176e-03	1292140.000000	0.000000e+00
1.463716e+01	6.302482e+00	5.561093e-03	1284408.000000	0.000000e+00
1.466171e+01	6.295846e+00	5.557929e-03	1283164.000000	0.000000e+00
1.468625e+01	6.290404e+00	5.574050e-03	1273548.000000	0.000000e+00
1.471078e+01	6.286511e+00	5.578680e-03	1269862.000000	0.000000e+00
1.473534e+01	6.265586e+00	5.566277e-03	1267050.000000	0.000000e+00
1.475987e+01	6.264091e+00	5.590693e-03	1255408.000000	0.000000e+00
1.478439e+01	6.257154e+00	5.584382e-03	1255462.000000	0.000000e+00
1.480894e+01	6.248142e+00	5.595675e-03	1246800.000000	0.000000e+00
1.483348e+01	6.228499e+00	5.583680e-03	1244302.000000	0.000000e+00
1.485802e+01	6.229107e+00	5.604934e-03	1235124.000000	0.000000e+00
1.488256e+01	6.221600e+00	5.602936e-03	1233028.000000	0.000000e+00
1.490708e+01	6.207542e+00	5.613813e-03	1222710.000000	0.000000e+00
1.493162e+01	6.206347e+00	5.614348e-03	1222006.000000	0.000000e+00
1.495618e+01	6.204719e+00	5.627276e-03	1215760.000000	0.000000e+00
1.498071e+01	6.189051e+00	5.633757e-03	1206846.000000	0.000000e+00
1.500525e+01	6.186092e+00	5.636648e-03	1204456.000000	0.000000e+00
1.502980e+01	6.184032e+00	5.650764e-03	1197648.000000	0.000000e+00
1.505434e+01	6.166029e+00	5.650946e-03	1190608.000000	0.000000e+00
1.507886e+01	6.170698e+00	5.665967e-03	1186098.000000	0.000000e+00
1.510342e+01	6.167256e+00	5.674520e-03	1181206.000000	0.000000e+00
1.512796e+01	6.139766e+00	5.669668e-03	1172704.000000	0.000000e+00
1.515246e+01	6.155927e+00	5.697442e-03	1167420.000000	0.000000e+00
1.517700e+01	6.141771e+00	5.694554e-03	1163236.000000	0.000000e+00
1.520157e+01	6.137851e+00	5.700862e-03	1159182.000000	0.000000e+00
1.522611e+01	6.129180e+00	5.721493e-03	1147588.000000	0.000000e+00
1.525063e+01	6.133729e+00	5.729065e-03	1146256.000000	0.000000e+00
1.527518e+01	6.117447e+00	5.734587e-03	1137984.000000	0.000000e+00
1.529972e+01	6.116979e+00	5.746680e-03	1133026.000000	0.000000e+00
1.532424e+01	6.115925e+00	5.765089e-03	1125414.000000	0.000000e+00
1.534877e+01	6.108773e+00	5.769606e-03	1121026.000000	0.000000e+00
1.537332e+01	6.105645e+00	5.781301e-03	1115352.000000	0.000000e+00
1.539786e+01	6.091049e+00	5.787195e-03	1107766.000000	0.000000e+00
1.542240e+01	6.099854e+00	5.806452e-03	1103614.000000	0.000000e+00
1.544694e+01	6.098974e+00	5.827559e-03	1095318.000000	0.000000e+00
1.547149e+01	6.092147e+00	5.832523e-03	1091008.000000	0.000000e+00
1.549603e+01	6.091474e+00	5.850500e-03	1084074.000000	0.000000e+00
1.552054e+01	6.089545e+00	5.875574e-03	1074160.000000	0.000000e+00
1.554506e+01	6.092152e+00	5.880598e-03	1073244.000000	0.000000e+00
1.556963e+01	6.082432e+00	5.889589e-03	1066558.000000	0.000000e+00
1.559418e+01	6.071264e+00	5.902716e-03	1057924.000000	0.000000e+00
1.561873e+01	6.069297e+00	5.911637e-03	1054050.000000	0.000000e+00
1.564327e+01	6.082163e+00	5.951800e-03	1044286.000000	0.000000e+00
1.566780e+01	6.076912e+00	5.954307e-03	1041606.000000	0.000000e+00
1.569233e+01	6.078475e+00	5.986980e-03	1030798.000000	0.000000e+00
1.571685e+01	6.078260e+00	5.996217e-03	1027552.000000	0.000000e+00
1.574141e+01	6.069468e+00	6.005731e-03	1021338.000000	0.000000e+00
1.576595e+01	6.065202e+00	6.025154e-03	1013338.000000	0.000000e+00
1.579049e+01	6.076530e+00	6.051810e-03	1008186.000000	0.000000e+00
1.581502e+01	6.064805e+00	6.066643e-03	999394.000000	0.000000e+00
1.583955e+01	6.080560e+00	6.096744e-03	994698.000000	0.000000e+00
1.586407e+01	6.071580e+00	6.111237e-03	987064.000000	0.000000e+00
1.588861e+01	6.072016e+00	6.130391e-03	981046.000000	0.000000e+00
1.591315e+01	6.077130e+00	6.153357e-03	975378.000000	0.000000e+00
1.593770e+01	6.071443e+00	6.170841e-03	968044.000000	0.000000e+00
1.596225e+01	6.083975e+00	6.204624e-03	961488.000000	0.000000e+00
1.598677e+01	6.090359e+00	6.237785e-03	953290.000000	0.000000e+00
1.601131e+01	6.098266e+00	6.259761e-03	949068.000000	0.000000e+00
1.603586e+01	6.084374e+00	6.272330e-03	940966.000000	0.000000e+00
1.606040e+01	6.095972e+00	6.307557e-03	934036.000000	0.000000e+00
1.608493e+01	6.094149e+00	6.327386e-03	927636.000000	0.000000e+00
1.610947e+01	6.100842e+00	6.361245e-03	919804.000000	0.000000e+00
1.613400e+01	6.107452e+00	6.388373e-03	913986.000000	0.000000e+00
1.615854e+01	6.106404e+00	6.409836e-03	907564.000000	0.000000e+00
1.618310e+01	6.114643e+00	6.443681e-03	900480.000000	0.000000e+00
1.620765e+01	6.125114e+00	6.480205e-03	893410.000000	0.000000e+00
1.623216e+01	6.122660e+00	6.514264e-03	883384.000000	0.000000e+00
1.625669e+01	6.121611e+00	6.522029e-03	880980.000000	0.000000e+00
1.628123e+01	6.136628e+00	6.574472e-03	871240.000000	0.000000e+00
1.630580e+01	6.130759e+00	6.582631e-03	867420.000000	0.000000e+00
1.633036e+01	6.145507e+00	6.636454e-03	857518.000000	0.000000e+00
1.635486e+01	6.154252e+00	6.680602e-03	848632.000000	0.000000e+00
1.637939e+01	6.161774e+00	6.700708e-03	845610.000000	0.000000e+00
1.640395e+01	6.158546e+00	6.734268e-03	836326.000000	0.000000e+00
1.642848e+01	6.167375e+00	6.772422e-03	829302.000000	0.000000e+00
1.645298e+01	6.184967e+00	6.828155e-03	820480.000000	0.000000e+00
1.647753e+01	6.175590e+00	6.832225e-03	817020.000000	0.000000e+00
1.650209e+01	6.181441e+00	6.875181e-03	808372.000000	0.000000e+00
1.652660e+01	6.187083e+00	6.924817e-03	798280.000000	0.000000e+00
1.655114e+01	6.211467e+00	6.963625e-03	795642.000000	0.000000e+00
1.657571e+01	6.192361e+00	6.983492e-03	786262.000000	0.000000e+00
1.660025e+01	6.208790e+00	7.039661e-03	777876.000000	0.000000e+00
1.662478e+01	6.231553e+00	7.090381e-03	772420.000000	0.000000e+00
1.664931e+01	6.222026e+00	7.125789e-03	762426.000000	0.000000e+00
1.667386e+01	6.253008e+00	7.178049e-03	758866.000000	0.000000e+00
1.669842e+01	6.256709e+00	7.232914e-03	748282.000000	0.000000e+00
1.672293e+01	6.253912e+00	7.265882e-03	740844.000000	0.000000e+00
1.674748e+01	6.269700e+00	7.308455e-03	735940.000000	0.000000e+00
1.677204e+01	6.272472e+00	7.362300e-03	725856.000000	0.000000e+00
1.679655e+01	6.296397e+00	7.427383e-03	718642.000000	0.000000e+00
1.682107e+01	6.296962e+00	7.464808e-03	711582.000000	0.000000e+00
1.684563e+01	6.317228e+00	7.524937e-03	704770.000000	0.000000e+00
1.687018e+01	6.321400e+00	7.572412e-03	696880.000000	0.000000e+00
1.689472e+01	6.329212e+00	7.631130e-03	687894.000000	0.000000e+00
1.691924e+01	6.341435e+00	7.680085e-03	681778.000000	0.000000e+00
1.694378e+01	6.348930e+00	7.741964e-03	672510.000000	0.000000e+00
1.696830e+01	6.359789e+00	7.793870e-03	665854.000000	0.000000e+00
1.699283e+01	6.365398e+00	7.849453e-03	657616.000000	0.000000e+00
1.701740e+01	6.370561e+00	7.890911e-03	651780.000000	0.000000e+00
1.704195e+01	6.389065e+00	7.973671e-03	642034.000000	0.000000e+00
1.706646e+01	6.395160e+00	8.037800e-03	633036.000000	0.000000e+00
1.709097e+01	6.415376e+00	8.097254e-03	627724.000000	0.000000e+00
1.711553e+01	6.424426e+00	8.164061e-03	619236.000000	0.000000e+00
1.714008e+01	6.430210e+00	8.227579e-03	610810.000000	0.000000e+00
1.716463e+01	6.432344e+00	8.271362e-03	604762.000000	0.000000e+00
1.718918e+01	6.436397e+00	8.352944e-03	593754.000000	0.000000e+00
1.721369e+01	6.475078e+00	8.445939e-03	587752.000000	0.000000e+00
1.723823e+01	6.447917e+00	8.475331e-03	578796.000000	0.000000e+00
1.726278e+01	6.482493e+00	8.571772e-03	571930.000000	0.000000e+00
1.728731e+01	6.453518e+00	8.601205e-03	562956.000000	0.000000e+00
1.731188e+01	6.485706e+00	8.696836e-03	556150.000000	0.000000e+00
1.733641e+01	6.485415e+00	8.774223e-03	546334.000000	0.000000e+00
1.736091e+01	6.490972e+00	8.852838e-03	537594.000000	0.000000e+00
1.738543e+01	6.507537e+00	8.918955e-03	532360.000000	0.000000e+00
1.741000e+01	6.507295e+00	9.006794e-03	521988.000000	0.000000e+00
1.743456e+01	6.534822e+00	9.098141e-03	515896.000000	0.000000e+00
1.745909e+01	6.506265e+00	9.152739e-03	505314.000000	0.000000e+00
1.748363e+01	6.509422e+00	9.218092e-03	498658.000000	0.000000e+00
1.750818e+01	6.498443e+00	9.282865e-03	490066.000000	0.000000e+00
1.753269e+01	6.510182e+00	9.396932e-03	479970.000000	0.000000e+00
1.755722e+01	6.514906e+00	9.458436e-03	474436.000000	0.000000e+00
1.758176e+01	6.493536e+00	9.533044e-03	463980.000000	0.000000e+00
1.760629e+01	6.494871e+00	9.609816e-03	456784.000000	0.000000e+00
1.763083e+01	6.522328e+00	9.740614e-03	448366.000000	0.000000e+00
1.765539e+01	6.467486e+00	9.751188e-03	439902.000000	0.000000e+00
1.767993e+01	6.471651e+00	9.855913e-03	431158.000000	0.000000e+00
1.770446e+01	6.479852e+00	9.965725e-03	422778.000000	0.000000e+00
1.772897e+01	6.459537e+00	1.004430e-02	413584.000000	0.000000e+00
1.775351e+01	6.428234e+00	1.008249e-02	406488.000000	0.000000e+00
1.777808e+01	6.390207e+00	1.013228e-02	397754.500000	0.000000e+00
1.780261e+01	6.394979e+00	1.025135e-02	389149.000000	0.000000e+00
1.782713e+01	6.397285e+00	1.034790e-02	382197.000000	0.000000e+00
1.785169e+01	6.371548e+00	1.039599e-02	375628.000000	0.000000e+00
1.787623e+01	6.375931e+00	1.051395e-02	367752.000000	0.000000e+00
1.790076e+01	6.367084e+00	1.058365e-02	361918.000000	0.000000e+00
1.792530e+01	6.347500e+00	1.065140e-02	355134.000000	0.000000e+00
1.794985e+01	6.351478e+00	1.075646e-02	348667.000000	0.000000e+00
1.797440e+01	6.377192e+00	1.088957e-02	342955.000000	0.000000e+00
1.799891e+01	6.344366e+00	1.094957e-02	335724.000000	0.000000e+00
1.802344e+01	6.346082e+00	1.102981e-02	331036.000000	0.000000e+00
1.804802e+01	6.355438e+00	1.114084e-02	325428.000000	0.000000e+00
1.807255e+01	6.358764e+00	1.127162e-02	318253.000000	0.000000e+00
1.809707e+01	6.346553e+00	1.132524e-02	314037.000000	0.000000e+00
1.812164e+01	6.370234e+00	1.147559e-02	308149.000000	0.000000e+00
1.814617e+01	6.327663e+00	1.150947e-02	302257.000000	0.000000e+00
1.817068e+01	6.368268e+00	1.168309e-02	297117.000000	0.000000e+00
1.819523e+01	6.375619e+00	1.178560e-02	292645.000000	0.000000e+00
1.821979e+01	6.371773e+00	1.189281e-02	287046.000000	0.000000e+00
1.824431e+01	6.385011e+00	1.203800e-02	281329.000000	0.000000e+00
1.826883e+01	6.355451e+00	1.206887e-02	277306.000000	0.000000e+00
1.829337e+01	6.377792e+00	1.222432e-02	272202.000000	0.000000e+00
1.831793e+01	6.405076e+00	1.237900e-02	267718.000000	0.000000e+00
1.834250e+01	6.394929e+00	1.247030e-02	262977.000000	0.000000e+00
1.836701e+01	6.400784e+00	1.262428e-02	257071.000000	0.000000e+00
1.839152e+01	6.391670e+00	1.268863e-02	253746.000000	0.000000e+00
1.841609e+01	6.405089e+00	1.282944e-02	249250.000000	0.000000e+00
1.844064e+01	6.430695e+00	1.301392e-02	244174.000000	0.000000e+00
1.846515e+01	6.430376e+00	1.312349e-02	240090.000000	0.000000e+00
1.848971e+01	6.398888e+00	1.317193e-02	235999.000000	0.000000e+00
1.851428e+01	6.435340e+00	1.336681e-02	231786.000000	0.000000e+00
1.853881e+01	6.445532e+00	1.352662e-02	227059.000000	0.000000e+00
1.856328e+01	6.443344e+00	1.366361e-02	222378.000000	0.000000e+00
1.858784e+01	6.466002e+00	1.377946e-02	220195.000000	0.000000e+00
1.861244e+01	6.463332e+00	1.393911e-02	215002.000000	0.000000e+00
1.863693e+01	6.469124e+00	1.409877e-02	210537.000000	0.000000e+00
1.866143e+01	6.479325e+00	1.423182e-02	207271.000000	0.000000e+00
1.868601e+01	6.474301e+00	1.433888e-02	203871.000000	0.000000e+00
1.871055e+01	6.502434e+00	1.456693e-02	199258.000000	0.000000e+00
1.873503e+01	6.543151e+00	1.480476e-02	195331.000000	0.000000e+00
1.875958e+01	6.497603e+00	1.479255e-02	192939.000000	0.000000e+00
1.878417e+01	6.537566e+00	1.506196e-02	188395.000000	0.000000e+00
1.880870e+01	6.555464e+00	1.524184e-02	184983.000000	0.000000e+00
1.883322e+01	6.532523e+00	1.534543e-02	181219.000000	0.000000e+00
1.885775e+01	6.560235e+00	1.555454e-02	177879.000000	0.000000e+00
1.888231e+01	6.561680e+00	1.570198e-02	174631.000000	0.000000e+00
1.890684e+01	6.599662e+00	1.596438e-02	170899.000000	0.000000e+00
1.893134e+01	6.611888e+00	1.615778e-02	167451.000000	0.000000e+00
1.895590e+01	6.600685e+00	1.625592e-02	164875.000000	0.000000e+00
1.898046e+01	6.650169e+00	1.658077e-02	160863.000000	0.000000e+00
1.900495e+01	6.648519e+00	1.674738e-02	157600.000000	0.000000e+00
1.902946e+01	6.630962e+00	1.685076e-02	154851.000000	0.000000e+00
1.905406e+01	6.703551e+00	1.718752e-02	152119.000000	0.000000e+00
1.907863e+01	6.698346e+00	1.738740e-02	148411.000000	0.000000e+00
1.910311e+01	6.713593e+00	1.763429e-02	144942.000000	0.000000e+00
1.912765e+01	6.716127e+00	1.775890e-02	143023.000000	0.000000e+00
1.915226e+01	6.778001e+00	1.813707e-02	139659.000000	0.000000e+00
1.917678e+01	6.803729e+00	1.843294e-02	136240.000000	0.000000e+00
1.920124e+01	6.854750e+00	1.876648e-02	133419.000000	0.000000e+00
1.922581e+01	6.786044e+00	1.872092e-02	131395.000000	0.000000e+00
1.925040e+01	6.851487e+00	1.915618e-02	127924.000000	0.000000e+00
1.927489e+01	6.866330e+00	1.941944e-02	125019.000000	0.000000e+00
1.929941e+01	6.868593e+00	1.960440e-02	122752.000000	0.000000e+00
1.932402e+01	6.924466e+00	1.996203e-02	120327.000000	0.000000e+00
1.934855e+01	6.949597e+00	2.034622e-02	116668.000000	0.000000e+00
1.937298e+01	6.978175e+00	2.064739e-02	114223.000000	0.000000e+00
1.939755e+01	6.951838e+00	2.069962e-02	112791.000000	0.000000e+00
1.942217e+01	6.995821e+00	2.115947e-02	109312.000000	0.000000e+00
1.944667e+01	7.018764e+00	2.146501e-02	106920.000000	0.000000e+00
1.947113e+01	7.052226e+00	2.186750e-02	104005.000000	0.000000e+00
1.949570e+01	7.047782e+00	2.198100e-02	102804.000000	0.000000e+00
1.952032e+01	7.094111e+00	2.247505e-02	99631.000000	0.000000e+00
1.954482e+01	7.138673e+00	2.290815e-02	97108.000000	0.000000e+00
1.956930e+01	7.187540e+00	2.332744e-02	94935.000000	0.000000e+00
1.959391e+01	7.200978e+00	2.359417e-02	93148.000000	0.000000e+00
1.961850e+01	7.213217e+00	2.399770e-02	90348.000000	0.000000e+00
1.964294e+01	7.202438e+00	2.432049e-02	87703.000000	0.000000e+00
1.966740e+01	7.290633e+00	2.484987e-02	86076.000000	0.000000e+00
1.969204e+01	7.299288e+00	2.512518e-02	84400.000000	0.000000e+00
1.971660e+01	7.344831e+00	2.575454e-02	81331.000000	0.000000e+00
1.974103e+01	7.385456e+00	2.620142e-02	79452.000000	0.000000e+00
1.976563e+01	7.463654e+00	2.669680e-02	78160.000000	0.000000e+00
1.979032e+01	7.433958e+00	2.701026e-02	75750.000000	0.000000e+00
1.981482e+01	7.517361e+00	2.779503e-02	73147.000000	0.000000e+00
1.983914e+01	7.519993e+00	2.825947e-02	70812.000000	0.000000e+00
1.986374e+01	7.585954e+00	2.854284e-02	70636.000000	0.000000e+00
1.988844e+01	7.525678e+00	2.895005e-02	67576.000000	0.000000e+00
1.991292e+01	7.609372e+00	2.968089e-02	65727.000000	0.000000e+00
1.993736e+01	7.684441e+00	3.043826e-02	63736.000000	0.000000e+00
1.996197e+01	7.688647e+00	3.070844e-02	62688.000000	0.000000e+00
1.998658e+01	7.722883e+00	3.146463e-02	60244.000000	0.000000e+00
2.001095e+01	7.757087e+00	3.218958e-02	58072.000000	0.000000e+00
2.003547e+01	7.870799e+00	3.283864e-02	57447.000000	0.000000e+00
2.006019e+01	7.926048e+00	3.367759e-02	55390.000000	0.000000e+00
2.008472e+01	7.940376e+00	3.437295e-02	53364.000000	0.000000e+00
2.010903e+01	7.951076e+00	3.511581e-02	51268.000000	0.000000e+00
2.013363e+01	8.031115e+00	3.551228e-02	51144.000000	0.000000e+00
2.015842e+01	8.088312e+00	3.662458e-02	48772.000000	0.000000e+00
2.018288e+01	8.134847e+00	3.759210e-02	46828.000000	0.000000e+00
2.020721e+01	8.175896e+00	3.838322e-02	45372.000000	0.000000e+00
2.023181e+01	8.226411e+00	3.897985e-02	44539.000000	0.000000e+00
2.025650e+01	8.223033e+00	3.978473e-02	42720.000000	0.000000e+00
2.028095e+01	8.365472e+00	4.134641e-02	40936.000000	0.000000e+00
2.030542e+01	8.384051e+00	4.193179e-02	39978.000000	0.000000e+00
2.033011e+01	8.442008e+00	4.296424e-02	38608.000000	0.000000e+00
2.035466e+01	8.427715e+00	4.387769e-02	36892.000000	0.000000e+00
2.037892e+01	8.513903e+00	4.537410e-02	35208.000000	0.000000e+00
2.040348e+01	8.510350e+00	4.547674e-02	35020.000000	0.000000e+00
2.042837e+01	8.626014e+00	4.721925e-02	33372.000000	0.000000e+00
2.045281e+01	8.727727e+00	4.923773e-02	31420.000000	0.000000e+00
2.047697e+01	8.843428e+00	5.076397e-02	30348.000000	0.000000e+00
2.050165e+01	8.909656e+00	5.140567e-02	30040.000000	0.000000e+00
2.052659e+01	8.849173e+00	5.239225e-02	28528.000000	0.000000e+00
2.055100e+01	8.946459e+00	5.483159e-02	26622.000000	0.000000e+00
2.057510e+01	9.038215e+00	5.629129e-02	25780.000000	0.000000e+00
2.059985e+01	9.153460e+00	5.737522e-02	25452.000000	0.000000e+00
2.062477e+01	9.138587e+00	5.901392e-02	23980.000000	0.000000e+00
2.064904e+01	9.355135e+00	6.278190e-02	22204.000000	0.000000e+00
2.067328e+01	9.361367e+00	6.322362e-02	21924.000000	0.000000e+00
2.069813e+01	9.410816e+00	6.486055e-02	21052.000000	0.000000e+00
2.072282e+01	9.557607e+00	6.804679e-02	19728.000000	0.000000e+00
2.074689e+01	9.531382e+00	7.042722e-02	18316.000000	0.000000e+00
2.077148e+01	9.700951e+00	7.128044e-02	18522.000000	0.000000e+00
2.079650e+01	9.766156e+00	7.477993e-02	17056.000000	0.000000e+00
2.082086e+01	9.723514e+00	7.711006e-02	15901.000000	0.000000e+00
2.084494e+01	9.982125e+00	8.114744e-02	15132.000000	0.000000e+00
2.086988e+01	1.003488e+01	8.189081e-02	15016.000000	0.000000e+00
2.089484e+01	9.966018e+00	8.558385e-02	13560.000000	0.000000e+00
2.091874e+01	1.007512e+01	9.034620e-02	12436.000000	0.000000e+00
2.094286e+01	1.027830e+01	9.263118e-02	12312.000000	0.000000e+00
2.096835e+01	1.046806e+01	9.549623e-02	12016.000000	0.000000e+00
2.099333e+01	1.045781e+01	1.024784e-01	10414.000000	0.000000e+00
2.101635e+01	1.063617e+01	1.104345e-01	9276.000000	0.000000e+00
2.104066e+01	1.077637e+01	1.079744e-01	9961.000000	0.000000e+00
2.106684e+01	1.082335e+01	1.126699e-01	9228.000000	0.000000e+00
2.109169e+01	1.093454e+01	1.243525e-01	7732.000000	0.000000e+00
2.111385e+01	1.109755e+01	1.350151e-01	6756.000000	0.000000e+00
2.113864e+01	1.103910e+01	1.253473e-01	7756.000000	0.000000e+00
2.116547e+01	1.129899e+01	1.368193e-01	6820.000000	0.000000e+00
2.118998e+01	1.134266e+01	1.549578e-01	5358.000000	0.000000e+00
2.121167e+01	1.189752e+01	1.683742e-01	4993.000000	0.000000e+00
2.123701e+01	1.165348e+01	1.568506e-01	5520.000000	0.000000e+00
2.126409e+01	1.197810e+01	1.730332e-01	4792.000000	0.000000e+00
2.128812e+01	1.217807e+01	2.077553e-01	3436.000000	0.000000e+00
2.130920e+01	1.213185e+01	2.056542e-01	3480.000000	0.000000e+00
2.133536e+01	1.214984e+01	1.991777e-01	3721.000000	0.000000e+00
2.136298e+01	1.239893e+01	2.215509e-01	3132.000000	0.000000e+00
2.138535e+01	1.264697e+01	3.002684e-01	1774.000000	0.000000e+00
2.140616e+01	1.241615e+01	2.528124e-01	2412.000000	0.000000e+00
2.143360e+01	1.280560e+01	2.722747e-01	2212.000000	0.000000e+00
2.146162e+01	1.334376e+01	3.113320e-01	1837.000000	0.000000e+00
2.148292e+01	1.296715e+01	4.539411e-01	816.000000	0.000000e+00
2.150387e+01	1.338552e+01	3.613750e-01	1372.000000	0.000000e+00
2.153200e+01	1.394369e+01	4.219552e-01	1092.000000	0.000000e+00
2.156014e+01	1.442541e+01	4.965430e-01	844.000000	0.000000e+00
2.158178e+01	1.440629e+01	7.824422e-01	339.000000	0.000000e+00
2.160234e+01	1.392554e+01	6.037486e-01	532.000000	0.000000e+00
2.163046e+01	1.433138e+01	7.511684e-01	364.000000	0.000000e+00
2.165853e+01	1.509023e+01	9.993751e-01	228.000000	0.000000e+00
2.168066e+01	1.662647e+01	1.945982e+00	73.000000	0.000000e+00
2.170037e+01	1.852492e+01	2.021234e+00	84.000000	0.000000e+00
2.172766e+01	1.235426e+01	2.334735e+00	28.000000	0.000000e+00
2.175143e+01	1.344006e+01	7.759624e+00	3.000000	0.000000e+00
