# [<k> (h/Mpc)]	[<P_0(k)> (Mpc/h)^3]	[ErrorBar (Mpc/h)^3]	nModes	[<P_2(k)> (Mpc/h)^3]
3.476422e-02	1.500026e+04	4.160324e+03	13.000000	0.000000e+00
5.890282e-02	1.097953e+04	1.911291e+03	33.000000	0.000000e+00
8.378087e-02	6.475816e+03	7.285862e+02	79.000000	0.000000e+00
1.087368e-01	4.976366e+03	4.600652e+02	117.000000	0.000000e+00
1.341836e-01	3.721227e+03	2.599018e+02	205.000000	0.000000e+00
1.581206e-01	2.746647e+03	1.791715e+02	235.000000	0.000000e+00
1.826843e-01	2.127059e+03	1.107303e+02	369.000000	0.000000e+00
2.073525e-01	1.961801e+03	9.427812e+01	433.000000	0.000000e+00
2.322407e-01	1.713247e+03	7.083403e+01	585.000000	0.000000e+00
2.568838e-01	1.444155e+03	5.542160e+01	679.000000	0.000000e+00
2.811185e-01	1.310297e+03	4.595412e+01	813.000000	0.000000e+00
3.057758e-01	1.160303e+03	3.697034e+01	985.000000	0.000000e+00
3.308750e-01	1.120352e+03	3.257332e+01	1183.000000	0.000000e+00
3.553459e-01	1.038663e+03	2.915708e+01	1269.000000	0.000000e+00
3.797184e-01	8.891807e+02	2.268053e+01	1537.000000	0.000000e+00
4.042043e-01	8.665171e+02	2.131281e+01	1653.000000	0.000000e+00
4.287408e-01	7.822101e+02	1.765482e+01	1963.000000	0.000000e+00
4.533372e-01	7.659657e+02	1.663179e+01	2121.000000	0.000000e+00
4.779960e-01	7.192392e+02	1.464181e+01	2413.000000	0.000000e+00
5.026630e-01	6.825814e+02	1.329732e+01	2635.000000	0.000000e+00
5.271488e-01	6.174412e+02	1.151133e+01	2877.000000	0.000000e+00
5.515428e-01	6.012663e+02	1.068085e+01	3169.000000	0.000000e+00
5.762241e-01	5.663097e+02	9.562822e+00	3507.000000	0.000000e+00
6.007286e-01	5.701504e+02	9.392272e+00	3685.000000	0.000000e+00
6.252569e-01	5.416155e+02	8.392350e+00	4165.000000	0.000000e+00
6.499966e-01	5.263058e+02	7.955177e+00	4377.000000	0.000000e+00
6.746858e-01	4.930751e+02	7.076499e+00	4855.000000	0.000000e+00
6.991271e-01	4.861601e+02	6.924683e+00	4929.000000	0.000000e+00
7.235757e-01	4.681759e+02	6.266905e+00	5581.000000	0.000000e+00
7.479714e-01	4.516358e+02	5.993113e+00	5679.000000	0.000000e+00
7.726133e-01	4.406573e+02	5.514683e+00	6385.000000	0.000000e+00
7.972413e-01	4.223729e+02	5.217662e+00	6553.000000	0.000000e+00
8.218513e-01	4.146498e+02	4.912346e+00	7125.000000	0.000000e+00
8.464491e-01	3.977373e+02	4.608989e+00	7447.000000	0.000000e+00
8.709767e-01	3.907309e+02	4.388019e+00	7929.000000	0.000000e+00
8.955547e-01	3.760115e+02	4.114148e+00	8353.000000	0.000000e+00
9.199772e-01	3.677974e+02	3.926315e+00	8775.000000	0.000000e+00
9.444963e-01	3.662966e+02	3.795667e+00	9313.000000	0.000000e+00
9.690846e-01	3.572041e+02	3.600782e+00	9841.000000	0.000000e+00
9.935517e-01	3.493283e+02	3.460392e+00	10191.000000	0.000000e+00
1.018099e+00	3.413188e+02	3.269691e+00	10897.000000	0.000000e+00
1.042679e+00	3.324757e+02	3.127530e+00	11301.000000	0.000000e+00
1.067353e+00	3.234664e+02	2.949760e+00	12025.000000	0.000000e+00
1.092004e+00	3.146778e+02	2.823273e+00	12423.000000	0.000000e+00
1.116549e+00	3.083336e+02	2.702083e+00	13021.000000	0.000000e+00
1.140967e+00	3.045119e+02	2.630091e+00	13405.000000	0.000000e+00
1.165410e+00	2.942682e+02	2.465367e+00	14247.000000	0.000000e+00
1.189942e+00	2.844850e+02	2.350153e+00	14653.000000	0.000000e+00
1.214340e+00	2.837896e+02	2.291832e+00	15333.000000	0.000000e+00
1.238824e+00	2.774573e+02	2.196997e+00	15949.000000	0.000000e+00
1.263616e+00	2.685969e+02	2.056478e+00	17059.000000	0.000000e+00
1.288278e+00	2.645083e+02	2.022923e+00	17097.000000	0.000000e+00
1.312698e+00	2.579614e+02	1.924603e+00	17965.000000	0.000000e+00
1.337129e+00	2.522623e+02	1.853117e+00	18531.000000	0.000000e+00
1.361846e+00	2.499396e+02	1.782149e+00	19669.000000	0.000000e+00
1.386459e+00	2.438512e+02	1.728919e+00	19893.000000	0.000000e+00
1.410760e+00	2.380095e+02	1.662939e+00	20485.000000	0.000000e+00
1.435294e+00	2.378932e+02	1.613030e+00	21751.000000	0.000000e+00
1.459966e+00	2.305386e+02	1.546960e+00	22209.000000	0.000000e+00
1.484553e+00	2.268385e+02	1.494398e+00	23041.000000	0.000000e+00
1.509059e+00	2.242461e+02	1.456912e+00	23691.000000	0.000000e+00
1.533565e+00	2.177255e+02	1.392219e+00	24457.000000	0.000000e+00
1.558284e+00	2.172912e+02	1.352875e+00	25797.000000	0.000000e+00
1.582818e+00	2.126780e+02	1.328537e+00	25627.000000	0.000000e+00
1.607259e+00	2.084012e+02	1.263223e+00	27217.000000	0.000000e+00
1.631809e+00	2.041801e+02	1.230157e+00	27549.000000	0.000000e+00
1.656366e+00	2.001214e+02	1.178961e+00	28813.000000	0.000000e+00
1.680925e+00	1.980197e+02	1.155759e+00	29355.000000	0.000000e+00
1.705257e+00	1.931343e+02	1.116607e+00	29917.000000	0.000000e+00
1.729806e+00	1.905120e+02	1.070816e+00	31653.000000	0.000000e+00
1.754462e+00	1.870887e+02	1.046659e+00	31951.000000	0.000000e+00
1.778992e+00	1.820792e+02	1.001388e+00	33061.000000	0.000000e+00
1.803411e+00	1.793277e+02	9.783567e-01	33597.000000	0.000000e+00
1.827963e+00	1.783035e+02	9.504015e-01	35197.000000	0.000000e+00
1.852647e+00	1.732673e+02	9.154524e-01	35823.000000	0.000000e+00
1.877249e+00	1.715976e+02	8.927088e-01	36949.000000	0.000000e+00
1.901733e+00	1.675921e+02	8.676544e-01	37309.000000	0.000000e+00
1.926241e+00	1.644856e+02	8.321057e-01	39075.000000	0.000000e+00
1.950830e+00	1.623904e+02	8.183915e-01	39373.000000	0.000000e+00
1.975308e+00	1.610404e+02	7.969466e-01	40833.000000	0.000000e+00
1.999729e+00	1.583889e+02	7.802976e-01	41203.000000	0.000000e+00
2.024419e+00	1.543335e+02	7.383700e-01	43689.000000	0.000000e+00
2.049126e+00	1.517739e+02	7.275915e-01	43513.000000	0.000000e+00
2.073508e+00	1.506903e+02	7.148467e-01	44437.000000	0.000000e+00
2.097846e+00	1.483241e+02	6.942030e-01	45651.000000	0.000000e+00
2.122473e+00	1.451511e+02	6.661040e-01	47485.000000	0.000000e+00
2.147106e+00	1.431127e+02	6.534826e-01	47961.000000	0.000000e+00
2.171601e+00	1.410443e+02	6.362197e-01	49147.000000	0.000000e+00
2.196158e+00	1.383700e+02	6.168081e-01	50325.000000	0.000000e+00
2.220735e+00	1.366367e+02	6.012243e-01	51649.000000	0.000000e+00
2.245251e+00	1.348989e+02	5.907023e-01	52153.000000	0.000000e+00
2.269729e+00	1.330380e+02	5.728067e-01	53943.000000	0.000000e+00
2.294271e+00	1.311815e+02	5.609070e-01	54697.000000	0.000000e+00
2.318928e+00	1.284725e+02	5.393197e-01	56745.000000	0.000000e+00
2.343538e+00	1.265930e+02	5.302073e-01	57007.000000	0.000000e+00
2.368026e+00	1.250136e+02	5.170400e-01	58461.000000	0.000000e+00
2.392423e+00	1.216069e+02	5.004740e-01	59041.000000	0.000000e+00
2.416863e+00	1.199564e+02	4.856294e-01	61015.000000	0.000000e+00
2.441509e+00	1.192105e+02	4.763202e-01	62637.000000	0.000000e+00
2.466080e+00	1.170305e+02	4.656365e-01	63169.000000	0.000000e+00
2.490575e+00	1.152830e+02	4.535573e-01	64605.000000	0.000000e+00
2.515186e+00	1.138435e+02	4.415094e-01	66487.000000	0.000000e+00
2.539777e+00	1.127132e+02	4.353418e-01	67033.000000	0.000000e+00
2.564215e+00	1.111725e+02	4.255735e-01	68241.000000	0.000000e+00
2.588707e+00	1.095384e+02	4.140427e-01	69991.000000	0.000000e+00
2.613337e+00	1.075306e+02	4.021274e-01	71505.000000	0.000000e+00
2.637925e+00	1.069984e+02	3.968104e-01	72709.000000	0.000000e+00
2.662420e+00	1.043038e+02	3.848009e-01	73473.000000	0.000000e+00
2.686963e+00	1.028248e+02	3.735675e-01	75763.000000	0.000000e+00
2.711515e+00	1.022979e+02	3.704379e-01	76261.000000	0.000000e+00
2.735982e+00	1.003225e+02	3.592466e-01	77985.000000	0.000000e+00
2.760573e+00	9.900461e+01	3.500101e-01	80011.000000	0.000000e+00
2.785237e+00	9.723977e+01	3.416467e-01	81009.000000	0.000000e+00
2.809671e+00	9.667611e+01	3.384320e-01	81601.000000	0.000000e+00
2.834151e+00	9.483642e+01	3.270591e-01	84081.000000	0.000000e+00
2.858722e+00	9.354462e+01	3.205557e-01	85159.000000	0.000000e+00
2.883250e+00	9.290958e+01	3.156012e-01	86665.000000	0.000000e+00
2.907819e+00	9.109382e+01	3.064840e-01	88341.000000	0.000000e+00
2.932335e+00	9.013964e+01	3.013390e-01	89479.000000	0.000000e+00
2.956914e+00	8.865790e+01	2.930604e-01	91521.000000	0.000000e+00
2.981449e+00	8.736549e+01	2.873725e-01	92425.000000	0.000000e+00
3.005876e+00	8.656972e+01	2.829937e-01	93579.000000	0.000000e+00
3.030403e+00	8.548441e+01	2.754682e-01	96301.000000	0.000000e+00
3.055041e+00	8.414267e+01	2.692555e-01	97657.000000	0.000000e+00
3.079692e+00	8.313162e+01	2.636868e-01	99393.000000	0.000000e+00
3.104241e+00	8.204734e+01	2.592039e-01	100195.000000	0.000000e+00
3.128710e+00	8.134383e+01	2.550615e-01	101709.000000	0.000000e+00
3.153123e+00	8.031251e+01	2.502190e-01	103021.000000	0.000000e+00
3.177619e+00	7.914797e+01	2.435530e-01	105607.000000	0.000000e+00
3.202185e+00	7.854171e+01	2.403236e-01	106809.000000	0.000000e+00
3.226708e+00	7.716495e+01	2.341419e-01	108613.000000	0.000000e+00
3.251321e+00	7.618695e+01	2.289011e-01	110781.000000	0.000000e+00
3.275882e+00	7.513296e+01	2.248613e-01	111643.000000	0.000000e+00
3.300393e+00	7.447725e+01	2.209113e-01	113661.000000	0.000000e+00
3.324955e+00	7.343287e+01	2.162964e-01	115261.000000	0.000000e+00
3.349528e+00	7.281437e+01	2.124440e-01	117475.000000	0.000000e+00
3.374087e+00	7.195703e+01	2.091306e-01	118389.000000	0.000000e+00
3.398541e+00	7.092186e+01	2.047227e-01	120013.000000	0.000000e+00
3.423011e+00	7.016471e+01	2.009642e-01	121899.000000	0.000000e+00
3.447546e+00	6.904381e+01	1.959788e-01	124117.000000	0.000000e+00
3.472176e+00	6.844457e+01	1.923109e-01	126669.000000	0.000000e+00
3.496772e+00	6.765435e+01	1.898718e-01	126961.000000	0.000000e+00
3.521302e+00	6.694014e+01	1.857336e-01	129895.000000	0.000000e+00
3.545845e+00	6.583736e+01	1.822771e-01	130461.000000	0.000000e+00
3.570351e+00	6.552636e+01	1.794596e-01	133321.000000	0.000000e+00
3.594817e+00	6.443246e+01	1.762642e-01	133623.000000	0.000000e+00
3.619340e+00	6.416428e+01	1.730930e-01	137413.000000	0.000000e+00
3.643921e+00	6.321638e+01	1.700244e-01	138241.000000	0.000000e+00
3.668501e+00	6.234443e+01	1.660536e-01	140961.000000	0.000000e+00
3.693083e+00	6.160036e+01	1.633238e-01	142255.000000	0.000000e+00
3.717636e+00	6.059959e+01	1.596025e-01	144165.000000	0.000000e+00
3.742123e+00	6.029390e+01	1.581385e-01	145369.000000	0.000000e+00
3.766623e+00	5.966152e+01	1.549828e-01	148191.000000	0.000000e+00
3.791211e+00	5.904888e+01	1.523656e-01	150193.000000	0.000000e+00
3.815740e+00	5.821283e+01	1.495703e-01	151477.000000	0.000000e+00
3.840250e+00	5.756980e+01	1.468164e-01	153759.000000	0.000000e+00
3.864816e+00	5.729955e+01	1.450175e-01	156121.000000	0.000000e+00
3.889416e+00	5.672242e+01	1.425974e-01	158229.000000	0.000000e+00
3.913984e+00	5.592430e+01	1.399801e-01	159613.000000	0.000000e+00
3.938439e+00	5.503645e+01	1.372267e-01	160851.000000	0.000000e+00
3.962856e+00	5.464395e+01	1.353681e-01	162949.000000	0.000000e+00
3.987408e+00	5.393822e+01	1.320442e-01	166861.000000	0.000000e+00
4.011951e+00	5.347925e+01	1.308869e-01	166947.000000	0.000000e+00
4.036502e+00	5.295410e+01	1.281280e-01	170809.000000	0.000000e+00
4.061101e+00	5.252449e+01	1.266327e-01	172041.000000	0.000000e+00
4.085632e+00	5.195359e+01	1.246176e-01	173809.000000	0.000000e+00
4.110226e+00	5.153499e+01	1.223647e-01	177375.000000	0.000000e+00
4.134760e+00	5.086892e+01	1.209189e-01	176977.000000	0.000000e+00
4.159247e+00	5.042756e+01	1.185861e-01	180829.000000	0.000000e+00
4.183807e+00	4.971224e+01	1.163411e-01	182583.000000	0.000000e+00
4.208321e+00	4.920546e+01	1.146781e-01	184105.000000	0.000000e+00
4.232839e+00	4.877976e+01	1.127143e-01	187293.000000	0.000000e+00
4.257376e+00	4.847123e+01	1.116929e-01	188329.000000	0.000000e+00
4.281944e+00	4.765719e+01	1.086346e-01	192451.000000	0.000000e+00
4.306505e+00	4.732427e+01	1.078382e-01	192585.000000	0.000000e+00
4.331033e+00	4.668421e+01	1.054174e-01	196117.000000	0.000000e+00
4.355617e+00	4.623668e+01	1.038549e-01	198207.000000	0.000000e+00
4.380161e+00	4.591919e+01	1.027820e-01	199597.000000	0.000000e+00
4.404676e+00	4.565778e+01	1.014475e-01	202557.000000	0.000000e+00
4.429249e+00	4.502918e+01	9.948996e-02	204847.000000	0.000000e+00
4.453772e+00	4.479086e+01	9.860447e-02	206341.000000	0.000000e+00
4.478282e+00	4.413039e+01	9.648045e-02	209217.000000	0.000000e+00
4.502777e+00	4.386173e+01	9.559926e-02	210505.000000	0.000000e+00
4.527289e+00	4.351568e+01	9.400171e-02	214299.000000	0.000000e+00
4.551889e+00	4.279472e+01	9.195938e-02	216565.000000	0.000000e+00
4.576426e+00	4.255721e+01	9.118497e-02	217821.000000	0.000000e+00
4.600893e+00	4.206413e+01	8.965352e-02	220135.000000	0.000000e+00
4.625467e+00	4.160929e+01	8.785589e-02	224305.000000	0.000000e+00
4.650035e+00	4.151946e+01	8.754764e-02	224913.000000	0.000000e+00
4.674541e+00	4.098045e+01	8.587364e-02	227737.000000	0.000000e+00
4.699104e+00	4.036822e+01	8.402119e-02	230835.000000	0.000000e+00
4.723670e+00	4.016152e+01	8.324153e-02	232777.000000	0.000000e+00
4.748182e+00	3.985279e+01	8.231852e-02	234381.000000	0.000000e+00
4.772682e+00	3.946984e+01	8.096398e-02	237655.000000	0.000000e+00
4.797203e+00	3.912465e+01	7.997674e-02	239317.000000	0.000000e+00
4.821755e+00	3.875605e+01	7.853388e-02	243537.000000	0.000000e+00
4.846361e+00	3.849676e+01	7.773919e-02	245227.000000	0.000000e+00
4.870915e+00	3.800365e+01	7.642588e-02	247269.000000	0.000000e+00
4.895426e+00	3.776090e+01	7.557851e-02	249625.000000	0.000000e+00
4.919952e+00	3.756807e+01	7.478741e-02	252337.000000	0.000000e+00
4.944496e+00	3.708844e+01	7.339728e-02	255339.000000	0.000000e+00
4.969013e+00	3.670169e+01	7.247230e-02	256465.000000	0.000000e+00
4.993562e+00	3.646775e+01	7.134469e-02	261273.000000	0.000000e+00
5.018138e+00	3.610889e+01	7.050863e-02	262267.000000	0.000000e+00
5.042642e+00	3.578639e+01	6.955951e-02	264681.000000	0.000000e+00
5.067215e+00	3.534875e+01	6.814376e-02	269089.000000	0.000000e+00
5.091775e+00	3.525482e+01	6.792937e-02	269353.000000	0.000000e+00
5.116309e+00	3.497513e+01	6.681228e-02	274035.000000	0.000000e+00
5.140838e+00	3.460943e+01	6.608500e-02	274273.000000	0.000000e+00
5.165333e+00	3.437523e+01	6.513579e-02	278517.000000	0.000000e+00
5.189818e+00	3.412234e+01	6.454986e-02	279439.000000	0.000000e+00
5.214351e+00	3.374687e+01	6.324065e-02	284757.000000	0.000000e+00
5.238947e+00	3.357172e+01	6.273115e-02	286405.000000	0.000000e+00
5.263479e+00	3.319337e+01	6.179611e-02	288523.000000	0.000000e+00
5.288002e+00	3.293127e+01	6.097787e-02	291657.000000	0.000000e+00
5.312546e+00	3.255947e+01	6.001065e-02	294373.000000	0.000000e+00
5.337121e+00	3.243633e+01	5.943622e-02	297825.000000	0.000000e+00
5.361672e+00	3.217410e+01	5.880328e-02	299371.000000	0.000000e+00
5.386196e+00	3.188892e+01	5.796903e-02	302613.000000	0.000000e+00
5.410715e+00	3.166092e+01	5.736342e-02	304633.000000	0.000000e+00
5.435244e+00	3.135764e+01	5.645426e-02	308527.000000	0.000000e+00
5.459823e+00	3.104725e+01	5.564050e-02	311361.000000	0.000000e+00
5.484389e+00	3.087270e+01	5.508583e-02	314101.000000	0.000000e+00
5.508889e+00	3.063162e+01	5.459869e-02	314757.000000	0.000000e+00
5.533464e+00	3.037899e+01	5.352471e-02	322135.000000	0.000000e+00
5.558036e+00	3.013967e+01	5.326951e-02	320125.000000	0.000000e+00
5.582484e+00	2.984026e+01	5.237093e-02	324657.000000	0.000000e+00
5.606956e+00	2.955623e+01	5.173130e-02	326431.000000	0.000000e+00
5.631560e+00	2.940233e+01	5.090528e-02	333609.000000	0.000000e+00
5.656168e+00	2.911678e+01	5.045690e-02	333001.000000	0.000000e+00
5.680698e+00	2.889111e+01	4.978969e-02	336705.000000	0.000000e+00
5.705204e+00	2.870253e+01	4.933753e-02	338443.000000	0.000000e+00
5.729704e+00	2.859081e+01	4.887632e-02	342181.000000	0.000000e+00
5.754232e+00	2.820190e+01	4.800347e-02	345153.000000	0.000000e+00
5.778772e+00	2.796146e+01	4.735701e-02	348619.000000	0.000000e+00
5.803342e+00	2.775104e+01	4.681235e-02	351429.000000	0.000000e+00
5.827902e+00	2.751356e+01	4.619667e-02	354709.000000	0.000000e+00
5.852409e+00	2.739240e+01	4.592170e-02	355815.000000	0.000000e+00
5.876957e+00	2.719691e+01	4.522047e-02	361717.000000	0.000000e+00
5.901534e+00	2.700365e+01	4.482930e-02	362845.000000	0.000000e+00
5.926030e+00	2.678446e+01	4.432297e-02	365181.000000	0.000000e+00
5.950548e+00	2.669130e+01	4.388930e-02	369847.000000	0.000000e+00
5.975137e+00	2.635097e+01	4.313686e-02	373161.000000	0.000000e+00
5.999657e+00	2.612411e+01	4.272406e-02	373885.000000	0.000000e+00
6.024161e+00	2.604923e+01	4.231386e-02	378987.000000	0.000000e+00
6.048714e+00	2.582559e+01	4.182442e-02	381277.000000	0.000000e+00
6.073267e+00	2.566551e+01	4.133811e-02	385477.000000	0.000000e+00
6.097868e+00	2.543758e+01	4.079318e-02	388845.000000	0.000000e+00
6.122369e+00	2.524692e+01	4.049940e-02	388615.000000	0.000000e+00
6.146867e+00	2.503280e+01	3.982577e-02	395085.000000	0.000000e+00
6.171452e+00	2.493618e+01	3.955727e-02	397381.000000	0.000000e+00
6.195974e+00	2.469913e+01	3.905906e-02	399871.000000	0.000000e+00
6.220444e+00	2.450937e+01	3.868060e-02	401493.000000	0.000000e+00
6.244986e+00	2.441457e+01	3.817868e-02	408937.000000	0.000000e+00
6.269588e+00	2.409803e+01	3.764439e-02	409791.000000	0.000000e+00
6.294124e+00	2.394817e+01	3.726390e-02	413017.000000	0.000000e+00
6.318633e+00	2.381066e+01	3.692746e-02	415761.000000	0.000000e+00
6.343202e+00	2.362681e+01	3.641948e-02	420865.000000	0.000000e+00
6.367770e+00	2.347052e+01	3.609708e-02	422767.000000	0.000000e+00
6.392288e+00	2.333253e+01	3.577275e-02	425421.000000	0.000000e+00
6.416837e+00	2.316203e+01	3.530022e-02	430525.000000	0.000000e+00
6.441383e+00	2.299218e+01	3.499205e-02	431739.000000	0.000000e+00
6.465913e+00	2.283453e+01	3.456110e-02	436525.000000	0.000000e+00
6.490433e+00	2.274227e+01	3.434946e-02	438357.000000	0.000000e+00
6.514946e+00	2.247933e+01	3.379754e-02	442381.000000	0.000000e+00
6.539518e+00	2.237504e+01	3.344557e-02	447559.000000	0.000000e+00
6.564059e+00	2.217201e+01	3.313536e-02	447741.000000	0.000000e+00
6.588587e+00	2.207604e+01	3.276902e-02	453853.000000	0.000000e+00
6.613110e+00	2.187279e+01	3.244668e-02	454431.000000	0.000000e+00
6.637622e+00	2.174407e+01	3.206125e-02	459961.000000	0.000000e+00
6.662172e+00	2.155513e+01	3.168609e-02	462769.000000	0.000000e+00
6.686693e+00	2.142329e+01	3.139102e-02	465759.000000	0.000000e+00
6.711227e+00	2.126913e+01	3.102563e-02	469957.000000	0.000000e+00
6.735777e+00	2.110354e+01	3.066931e-02	473481.000000	0.000000e+00
6.760323e+00	2.101337e+01	3.044953e-02	476245.000000	0.000000e+00
6.784855e+00	2.083523e+01	3.006358e-02	480303.000000	0.000000e+00
6.809427e+00	2.074450e+01	2.980048e-02	484573.000000	0.000000e+00
6.833979e+00	2.063980e+01	2.959152e-02	486493.000000	0.000000e+00
6.858503e+00	2.049356e+01	2.925828e-02	490611.000000	0.000000e+00
6.883055e+00	2.035419e+01	2.895157e-02	494269.000000	0.000000e+00
6.907584e+00	2.019700e+01	2.864096e-02	497277.000000	0.000000e+00
6.932134e+00	2.010616e+01	2.838662e-02	501685.000000	0.000000e+00
6.956669e+00	1.989284e+01	2.801712e-02	504135.000000	0.000000e+00
6.981221e+00	1.977614e+01	2.771527e-02	509149.000000	0.000000e+00
7.005753e+00	1.964583e+01	2.749283e-02	510625.000000	0.000000e+00
7.030233e+00	1.949106e+01	2.717484e-02	514443.000000	0.000000e+00
7.054782e+00	1.944312e+01	2.696190e-02	520033.000000	0.000000e+00
7.079343e+00	1.930463e+01	2.669920e-02	522789.000000	0.000000e+00
7.103883e+00	1.913429e+01	2.638249e-02	526009.000000	0.000000e+00
7.128424e+00	1.904098e+01	2.614309e-02	530475.000000	0.000000e+00
7.152965e+00	1.892797e+01	2.592647e-02	532993.000000	0.000000e+00
7.177501e+00	1.875821e+01	2.558530e-02	537529.000000	0.000000e+00
7.202013e+00	1.865192e+01	2.538931e-02	539691.000000	0.000000e+00
7.226577e+00	1.853966e+01	2.507565e-02	546637.000000	0.000000e+00
7.251125e+00	1.845172e+01	2.494941e-02	546957.000000	0.000000e+00
7.275651e+00	1.836575e+01	2.470482e-02	552655.000000	0.000000e+00
7.300226e+00	1.819947e+01	2.439246e-02	556681.000000	0.000000e+00
7.324759e+00	1.811939e+01	2.424552e-02	558501.000000	0.000000e+00
7.349299e+00	1.795445e+01	2.390333e-02	564193.000000	0.000000e+00
7.373825e+00	1.786383e+01	2.375410e-02	565551.000000	0.000000e+00
7.398312e+00	1.773141e+01	2.348927e-02	569833.000000	0.000000e+00
7.422892e+00	1.769612e+01	2.328862e-02	577389.000000	0.000000e+00
7.447442e+00	1.748098e+01	2.302660e-02	576331.000000	0.000000e+00
7.471956e+00	1.742827e+01	2.282837e-02	582853.000000	0.000000e+00
7.496499e+00	1.729664e+01	2.259701e-02	585897.000000	0.000000e+00
7.521014e+00	1.724209e+01	2.247326e-02	588637.000000	0.000000e+00
7.545557e+00	1.711031e+01	2.217726e-02	595251.000000	0.000000e+00
7.570086e+00	1.698133e+01	2.199903e-02	595849.000000	0.000000e+00
7.594613e+00	1.690052e+01	2.177763e-02	602253.000000	0.000000e+00
7.619172e+00	1.674454e+01	2.151226e-02	605863.000000	0.000000e+00
7.643756e+00	1.669728e+01	2.136340e-02	610873.000000	0.000000e+00
7.668263e+00	1.660536e+01	2.125484e-02	610353.000000	0.000000e+00
7.692777e+00	1.651918e+01	2.100298e-02	618607.000000	0.000000e+00
7.717371e+00	1.640849e+01	2.080218e-02	622185.000000	0.000000e+00
7.741929e+00	1.631060e+01	2.062755e-02	625237.000000	0.000000e+00
7.766457e+00	1.620005e+01	2.044214e-02	628029.000000	0.000000e+00
7.790953e+00	1.611600e+01	2.027250e-02	631975.000000	0.000000e+00
7.815489e+00	1.600877e+01	2.004977e-02	637525.000000	0.000000e+00
7.840050e+00	1.591620e+01	1.986725e-02	641805.000000	0.000000e+00
7.864588e+00	1.582048e+01	1.970915e-02	644323.000000	0.000000e+00
7.889126e+00	1.571849e+01	1.950555e-02	649389.000000	0.000000e+00
7.913643e+00	1.563506e+01	1.936746e-02	651709.000000	0.000000e+00
7.938181e+00	1.553343e+01	1.914488e-02	658309.000000	0.000000e+00
7.962760e+00	1.549411e+01	1.903438e-02	662607.000000	0.000000e+00
7.987311e+00	1.536666e+01	1.885463e-02	664237.000000	0.000000e+00
8.011811e+00	1.522531e+01	1.862614e-02	668169.000000	0.000000e+00
8.036325e+00	1.520069e+01	1.852070e-02	673615.000000	0.000000e+00
8.060868e+00	1.507214e+01	1.830934e-02	677649.000000	0.000000e+00
8.085446e+00	1.502372e+01	1.816700e-02	683893.000000	0.000000e+00
8.109989e+00	1.493196e+01	1.805589e-02	683905.000000	0.000000e+00
8.134471e+00	1.485580e+01	1.789919e-02	688851.000000	0.000000e+00
8.159038e+00	1.474408e+01	1.765804e-02	697189.000000	0.000000e+00
8.183598e+00	1.467965e+01	1.759273e-02	696249.000000	0.000000e+00
8.208073e+00	1.461946e+01	1.745621e-02	701395.000000	0.000000e+00
8.232590e+00	1.454801e+01	1.730807e-02	706497.000000	0.000000e+00
8.257144e+00	1.444193e+01	1.711191e-02	712285.000000	0.000000e+00
8.281710e+00	1.434294e+01	1.695446e-02	715663.000000	0.000000e+00
8.306271e+00	1.426255e+01	1.680791e-02	720057.000000	0.000000e+00
8.330826e+00	1.421757e+01	1.670247e-02	724585.000000	0.000000e+00
8.355374e+00	1.412020e+01	1.655758e-02	727257.000000	0.000000e+00
8.379901e+00	1.404407e+01	1.640700e-02	732703.000000	0.000000e+00
8.404418e+00	1.396768e+01	1.629413e-02	734829.000000	0.000000e+00
8.428928e+00	1.387120e+01	1.611745e-02	740689.000000	0.000000e+00
8.453504e+00	1.376477e+01	1.591565e-02	747979.000000	0.000000e+00
8.478051e+00	1.372108e+01	1.587581e-02	746973.000000	0.000000e+00
8.502580e+00	1.365592e+01	1.570217e-02	756349.000000	0.000000e+00
8.527138e+00	1.360356e+01	1.563903e-02	756633.000000	0.000000e+00
8.551634e+00	1.350777e+01	1.547820e-02	761599.000000	0.000000e+00
8.576156e+00	1.343769e+01	1.534186e-02	767173.000000	0.000000e+00
8.600697e+00	1.336129e+01	1.521415e-02	771261.000000	0.000000e+00
8.625259e+00	1.328784e+01	1.506934e-02	777535.000000	0.000000e+00
8.649836e+00	1.320954e+01	1.495080e-02	780633.000000	0.000000e+00
8.674376e+00	1.313926e+01	1.483239e-02	784729.000000	0.000000e+00
8.698927e+00	1.307986e+01	1.471835e-02	789747.000000	0.000000e+00
8.723450e+00	1.301229e+01	1.462247e-02	791893.000000	0.000000e+00
8.747957e+00	1.292248e+01	1.446880e-02	797677.000000	0.000000e+00
8.772521e+00	1.286588e+01	1.434483e-02	804429.000000	0.000000e+00
8.797047e+00	1.277424e+01	1.424173e-02	804535.000000	0.000000e+00
8.821541e+00	1.273160e+01	1.413871e-02	810861.000000	0.000000e+00
8.846076e+00	1.267451e+01	1.402812e-02	816325.000000	0.000000e+00
8.870641e+00	1.262422e+01	1.392077e-02	822399.000000	0.000000e+00
8.895170e+00	1.257461e+01	1.386517e-02	822505.000000	0.000000e+00
8.919713e+00	1.245988e+01	1.365466e-02	832657.000000	0.000000e+00
8.944263e+00	1.242575e+01	1.362376e-02	831861.000000	0.000000e+00
8.968772e+00	1.235406e+01	1.348473e-02	839335.000000	0.000000e+00
8.993334e+00	1.228681e+01	1.336865e-02	844701.000000	0.000000e+00
9.017895e+00	1.223151e+01	1.328300e-02	847945.000000	0.000000e+00
9.042430e+00	1.217200e+01	1.317980e-02	852915.000000	0.000000e+00
9.066970e+00	1.209437e+01	1.306611e-02	856789.000000	0.000000e+00
9.091538e+00	1.206208e+01	1.296998e-02	864901.000000	0.000000e+00
9.116063e+00	1.198644e+01	1.290690e-02	862455.000000	0.000000e+00
9.140573e+00	1.190120e+01	1.273397e-02	873481.000000	0.000000e+00
9.165140e+00	1.188657e+01	1.270118e-02	875841.000000	0.000000e+00
9.189653e+00	1.179576e+01	1.258327e-02	878749.000000	0.000000e+00
9.214176e+00	1.172925e+01	1.245745e-02	886507.000000	0.000000e+00
9.238722e+00	1.167838e+01	1.238506e-02	889137.000000	0.000000e+00
9.263252e+00	1.163802e+01	1.230030e-02	895213.000000	0.000000e+00
9.287810e+00	1.157029e+01	1.219167e-02	900663.000000	0.000000e+00
9.312363e+00	1.151065e+01	1.210467e-02	904261.000000	0.000000e+00
9.336898e+00	1.146483e+01	1.202424e-02	909117.000000	0.000000e+00
9.361428e+00	1.142129e+01	1.195349e-02	912937.000000	0.000000e+00
9.385969e+00	1.135399e+01	1.183728e-02	920011.000000	0.000000e+00
9.410496e+00	1.129005e+01	1.176271e-02	921249.000000	0.000000e+00
9.435027e+00	1.124435e+01	1.165969e-02	930025.000000	0.000000e+00
9.459577e+00	1.119236e+01	1.159157e-02	932307.000000	0.000000e+00
9.484080e+00	1.114733e+01	1.152272e-02	935905.000000	0.000000e+00
9.508599e+00	1.108814e+01	1.141308e-02	943869.000000	0.000000e+00
9.533177e+00	1.106379e+01	1.135441e-02	949465.000000	0.000000e+00
9.557740e+00	1.099494e+01	1.126380e-02	952831.000000	0.000000e+00
9.582283e+00	1.095290e+01	1.119235e-02	957669.000000	0.000000e+00
9.606825e+00	1.088416e+01	1.109460e-02	962425.000000	0.000000e+00
9.631356e+00	1.085297e+01	1.103654e-02	967011.000000	0.000000e+00
9.655881e+00	1.079286e+01	1.095098e-02	971329.000000	0.000000e+00
9.680426e+00	1.073991e+01	1.085584e-02	978757.000000	0.000000e+00
9.704942e+00	1.070011e+01	1.081473e-02	978915.000000	0.000000e+00
9.729497e+00	1.063701e+01	1.068211e-02	991573.000000	0.000000e+00
9.754046e+00	1.059950e+01	1.065815e-02	989025.000000	0.000000e+00
9.778535e+00	1.052997e+01	1.055274e-02	995689.000000	0.000000e+00
9.803103e+00	1.049280e+01	1.045935e-02	1006407.000000	0.000000e+00
9.827649e+00	1.045546e+01	1.043827e-02	1003297.000000	0.000000e+00
9.852180e+00	1.040625e+01	1.032616e-02	1015573.000000	0.000000e+00
9.876731e+00	1.036159e+01	1.028395e-02	1015155.000000	0.000000e+00
9.901284e+00	1.030315e+01	1.017611e-02	1025125.000000	0.000000e+00
9.925835e+00	1.025888e+01	1.012695e-02	1026225.000000	0.000000e+00
9.950350e+00	1.020886e+01	1.005231e-02	1031389.000000	0.000000e+00
9.974902e+00	1.017160e+01	9.973809e-03	1040055.000000	0.000000e+00
9.999429e+00	1.013102e+01	9.939136e-03	1038985.000000	0.000000e+00
1.002392e+01	1.007852e+01	9.846540e-03	1047673.000000	0.000000e+00
1.004849e+01	1.006433e+01	9.796333e-03	1055463.000000	0.000000e+00
1.007303e+01	1.001416e+01	9.744237e-03	1056169.000000	0.000000e+00
1.009756e+01	9.960247e+00	9.653809e-03	1064493.000000	0.000000e+00
1.012209e+01	9.918948e+00	9.604267e-03	1066603.000000	0.000000e+00
1.014664e+01	9.884370e+00	9.527728e-03	1076265.000000	0.000000e+00
1.017120e+01	9.838189e+00	9.473906e-03	1078381.000000	0.000000e+00
1.019572e+01	9.793130e+00	9.412882e-03	1082425.000000	0.000000e+00
1.022025e+01	9.767323e+00	9.353447e-03	1090455.000000	0.000000e+00
1.024479e+01	9.728549e+00	9.303535e-03	1093453.000000	0.000000e+00
1.026933e+01	9.677119e+00	9.225358e-03	1100337.000000	0.000000e+00
1.029386e+01	9.638329e+00	9.172097e-03	1104247.000000	0.000000e+00
1.031842e+01	9.598814e+00	9.101984e-03	1112149.000000	0.000000e+00
1.034296e+01	9.574441e+00	9.067840e-03	1114857.000000	0.000000e+00
1.036749e+01	9.544794e+00	9.018850e-03	1120033.000000	0.000000e+00
1.039203e+01	9.501437e+00	8.947536e-03	1127643.000000	0.000000e+00
1.041655e+01	9.471362e+00	8.916471e-03	1128337.000000	0.000000e+00
1.044111e+01	9.424842e+00	8.820873e-03	1141629.000000	0.000000e+00
1.046570e+01	9.384278e+00	8.780932e-03	1142143.000000	0.000000e+00
1.049021e+01	9.339533e+00	8.728638e-03	1144873.000000	0.000000e+00
1.051473e+01	9.307470e+00	8.663571e-03	1154169.000000	0.000000e+00
1.053925e+01	9.282234e+00	8.636901e-03	1155019.000000	0.000000e+00
1.056380e+01	9.243346e+00	8.552244e-03	1168149.000000	0.000000e+00
1.058835e+01	9.216490e+00	8.532906e-03	1166641.000000	0.000000e+00
1.061283e+01	9.166875e+00	8.471922e-03	1170789.000000	0.000000e+00
1.063739e+01	9.143255e+00	8.396697e-03	1185727.000000	0.000000e+00
1.066197e+01	9.107666e+00	8.369881e-03	1184065.000000	0.000000e+00
1.068650e+01	9.090988e+00	8.328570e-03	1191465.000000	0.000000e+00
1.071103e+01	9.040875e+00	8.272134e-03	1194499.000000	0.000000e+00
1.073555e+01	9.013138e+00	8.221227e-03	1201929.000000	0.000000e+00
1.076011e+01	8.991466e+00	8.175692e-03	1209517.000000	0.000000e+00
1.078466e+01	8.960360e+00	8.137618e-03	1212429.000000	0.000000e+00
1.080918e+01	8.927138e+00	8.092569e-03	1216891.000000	0.000000e+00
1.083370e+01	8.889309e+00	8.039095e-03	1222705.000000	0.000000e+00
1.085823e+01	8.864936e+00	7.991071e-03	1230669.000000	0.000000e+00
1.088282e+01	8.821458e+00	7.924501e-03	1239187.000000	0.000000e+00
1.090737e+01	8.811053e+00	7.919866e-03	1237713.000000	0.000000e+00
1.093189e+01	8.761375e+00	7.846609e-03	1246753.000000	0.000000e+00
1.095642e+01	8.742037e+00	7.818349e-03	1250245.000000	0.000000e+00
1.098096e+01	8.722450e+00	7.770233e-03	1260111.000000	0.000000e+00
1.100552e+01	8.693612e+00	7.738914e-03	1261945.000000	0.000000e+00
1.103005e+01	8.653392e+00	7.682695e-03	1268661.000000	0.000000e+00
1.105458e+01	8.632666e+00	7.647969e-03	1274083.000000	0.000000e+00
1.107911e+01	8.606284e+00	7.608697e-03	1279413.000000	0.000000e+00
1.110366e+01	8.583684e+00	7.565043e-03	1287433.000000	0.000000e+00
1.112821e+01	8.557353e+00	7.531016e-03	1291135.000000	0.000000e+00
1.115273e+01	8.522995e+00	7.488014e-03	1295541.000000	0.000000e+00
1.117726e+01	8.509626e+00	7.455019e-03	1302937.000000	0.000000e+00
1.120181e+01	8.479651e+00	7.409721e-03	1309641.000000	0.000000e+00
1.122634e+01	8.454421e+00	7.379908e-03	1312399.000000	0.000000e+00
1.125085e+01	8.456836e+00	7.364054e-03	1318809.000000	0.000000e+00
1.127541e+01	8.407756e+00	7.291576e-03	1329589.000000	0.000000e+00
1.129999e+01	8.394369e+00	7.274142e-03	1331719.000000	0.000000e+00
1.132451e+01	8.379314e+00	7.251557e-03	1335225.000000	0.000000e+00
1.134903e+01	8.352144e+00	7.205242e-03	1343689.000000	0.000000e+00
1.137357e+01	8.335849e+00	7.179216e-03	1348173.000000	0.000000e+00
1.139811e+01	8.319844e+00	7.144071e-03	1356247.000000	0.000000e+00
1.142265e+01	8.291739e+00	7.113013e-03	1358889.000000	0.000000e+00
1.144718e+01	8.282673e+00	7.083553e-03	1367221.000000	0.000000e+00
1.147174e+01	8.255797e+00	7.043019e-03	1374043.000000	0.000000e+00
1.149628e+01	8.233421e+00	7.015688e-03	1377273.000000	0.000000e+00
1.152079e+01	8.222637e+00	6.996013e-03	1381405.000000	0.000000e+00
1.154533e+01	8.190977e+00	6.939954e-03	1393023.000000	0.000000e+00
1.156988e+01	8.174298e+00	6.923651e-03	1393897.000000	0.000000e+00
1.159441e+01	8.167917e+00	6.895959e-03	1402921.000000	0.000000e+00
1.161895e+01	8.135219e+00	6.856673e-03	1407705.000000	0.000000e+00
1.164349e+01	8.124109e+00	6.831608e-03	1414183.000000	0.000000e+00
1.166804e+01	8.108449e+00	6.804965e-03	1419789.000000	0.000000e+00
1.169259e+01	8.095779e+00	6.776333e-03	1427341.000000	0.000000e+00
1.171712e+01	8.089162e+00	6.767150e-03	1428879.000000	0.000000e+00
1.174164e+01	8.044924e+00	6.708183e-03	1438249.000000	0.000000e+00
1.176619e+01	8.057035e+00	6.701723e-03	1445365.000000	0.000000e+00
1.179072e+01	8.025397e+00	6.672508e-03	1446621.000000	0.000000e+00
1.181525e+01	8.015656e+00	6.639621e-03	1457443.000000	0.000000e+00
1.183979e+01	7.999061e+00	6.617675e-03	1461057.000000	0.000000e+00
1.186435e+01	7.990493e+00	6.590337e-03	1470049.000000	0.000000e+00
1.188889e+01	7.984501e+00	6.577878e-03	1473411.000000	0.000000e+00
1.191343e+01	7.971769e+00	6.552946e-03	1479913.000000	0.000000e+00
1.193797e+01	7.974845e+00	6.540299e-03	1486789.000000	0.000000e+00
1.196251e+01	7.950494e+00	6.509615e-03	1491687.000000	0.000000e+00
1.198703e+01	7.938915e+00	6.488300e-03	1497133.000000	0.000000e+00
1.201156e+01	7.926424e+00	6.461007e-03	1505061.000000	0.000000e+00
1.203612e+01	7.926508e+00	6.447331e-03	1511485.000000	0.000000e+00
1.206065e+01	7.907695e+00	6.423616e-03	1515447.000000	0.000000e+00
1.208515e+01	7.907634e+00	6.414308e-03	1519825.000000	0.000000e+00
1.210971e+01	7.891588e+00	6.368118e-03	1535701.000000	0.000000e+00
1.213428e+01	7.891109e+00	6.375304e-03	1532055.000000	0.000000e+00
1.215881e+01	7.877472e+00	6.337443e-03	1545061.000000	0.000000e+00
1.218336e+01	7.864989e+00	6.326279e-03	1545609.000000	0.000000e+00
1.220787e+01	7.873404e+00	6.319096e-03	1552441.000000	0.000000e+00
1.223242e+01	7.869688e+00	6.293014e-03	1563859.000000	0.000000e+00
1.225696e+01	7.863367e+00	6.288535e-03	1563573.000000	0.000000e+00
1.228148e+01	7.863621e+00	6.268628e-03	1573621.000000	0.000000e+00
1.230602e+01	7.862742e+00	6.257862e-03	1578687.000000	0.000000e+00
1.233056e+01	7.855795e+00	6.238648e-03	1585621.000000	0.000000e+00
1.235512e+01	7.856554e+00	6.220433e-03	1595229.000000	0.000000e+00
1.237965e+01	7.846487e+00	6.216149e-03	1593337.000000	0.000000e+00
1.240419e+01	7.847592e+00	6.185255e-03	1609747.000000	0.000000e+00
1.242874e+01	7.846831e+00	6.189683e-03	1607133.000000	0.000000e+00
1.245325e+01	7.851428e+00	6.175734e-03	1616293.000000	0.000000e+00
1.247780e+01	7.844123e+00	6.148499e-03	1627611.000000	0.000000e+00
1.250235e+01	7.856923e+00	6.160739e-03	1626445.000000	0.000000e+00
1.252688e+01	7.857571e+00	6.137482e-03	1639065.000000	0.000000e+00
1.255143e+01	7.864897e+00	6.138401e-03	1641631.000000	0.000000e+00
1.257596e+01	7.865241e+00	6.132177e-03	1645109.500000	0.000000e+00
1.260049e+01	7.834309e+00	6.113368e-03	1642254.000000	0.000000e+00
1.262503e+01	7.813289e+00	6.102769e-03	1639132.000000	0.000000e+00
1.264958e+01	7.790514e+00	6.089101e-03	1636914.000000	0.000000e+00
1.267411e+01	7.766247e+00	6.081718e-03	1630684.000000	0.000000e+00
1.269864e+01	7.736249e+00	6.061875e-03	1628722.000000	0.000000e+00
1.272316e+01	7.708002e+00	6.047730e-03	1624422.000000	0.000000e+00
1.274773e+01	7.696466e+00	6.033392e-03	1627270.000000	0.000000e+00
1.277225e+01	7.672583e+00	6.042828e-03	1612140.000000	0.000000e+00
1.279677e+01	7.648823e+00	6.010266e-03	1619578.000000	0.000000e+00
1.282133e+01	7.634333e+00	6.016679e-03	1610010.000000	0.000000e+00
1.284587e+01	7.607631e+00	5.994343e-03	1610704.000000	0.000000e+00
1.287043e+01	7.582715e+00	5.984830e-03	1605262.000000	0.000000e+00
1.289495e+01	7.564779e+00	5.981680e-03	1599360.000000	0.000000e+00
1.291951e+01	7.553457e+00	5.967930e-03	1601932.000000	0.000000e+00
1.294403e+01	7.526909e+00	5.971887e-03	1588584.000000	0.000000e+00
1.296853e+01	7.515201e+00	5.956845e-03	1591654.000000	0.000000e+00
1.299309e+01	7.480498e+00	5.934235e-03	1589028.000000	0.000000e+00
1.301763e+01	7.459244e+00	5.931853e-03	1581280.000000	0.000000e+00
1.304217e+01	7.436196e+00	5.913963e-03	1581046.000000	0.000000e+00
1.306670e+01	7.431858e+00	5.921936e-03	1574952.000000	0.000000e+00
1.309123e+01	7.421880e+00	5.920557e-03	1571458.000000	0.000000e+00
1.311579e+01	7.397770e+00	5.901804e-03	1571202.000000	0.000000e+00
1.314034e+01	7.384867e+00	5.904131e-03	1564492.000000	0.000000e+00
1.316488e+01	7.360953e+00	5.892312e-03	1560618.000000	0.000000e+00
1.318940e+01	7.331701e+00	5.877720e-03	1555936.000000	0.000000e+00
1.321393e+01	7.329842e+00	5.883141e-03	1552282.000000	0.000000e+00
1.323848e+01	7.295686e+00	5.856606e-03	1551816.000000	0.000000e+00
1.326302e+01	7.284032e+00	5.864273e-03	1542820.000000	0.000000e+00
1.328757e+01	7.266733e+00	5.847262e-03	1544448.000000	0.000000e+00
1.331210e+01	7.249936e+00	5.852286e-03	1534678.000000	0.000000e+00
1.333662e+01	7.215339e+00	5.827013e-03	1533280.000000	0.000000e+00
1.336117e+01	7.209501e+00	5.826480e-03	1531080.000000	0.000000e+00
1.338570e+01	7.186435e+00	5.823014e-03	1523110.000000	0.000000e+00
1.341022e+01	7.171592e+00	5.814558e-03	1521240.000000	0.000000e+00
1.343476e+01	7.154559e+00	5.809086e-03	1516876.000000	0.000000e+00
1.345932e+01	7.137686e+00	5.797814e-03	1515606.000000	0.000000e+00
1.348389e+01	7.125342e+00	5.796437e-03	1511086.000000	0.000000e+00
1.350843e+01	7.094798e+00	5.787756e-03	1502656.000000	0.000000e+00
1.353293e+01	7.087135e+00	5.789065e-03	1498734.000000	0.000000e+00
1.355748e+01	7.069437e+00	5.775017e-03	1498522.000000	0.000000e+00
1.358203e+01	7.053113e+00	5.774827e-03	1491708.000000	0.000000e+00
1.360658e+01	7.038573e+00	5.767032e-03	1489582.000000	0.000000e+00
1.363111e+01	7.025471e+00	5.773481e-03	1480728.000000	0.000000e+00
1.365563e+01	7.013779e+00	5.764169e-03	1480576.000000	0.000000e+00
1.368019e+01	6.994741e+00	5.757689e-03	1475866.000000	0.000000e+00
1.370473e+01	6.982902e+00	5.760294e-03	1469544.000000	0.000000e+00
1.372924e+01	6.959605e+00	5.752235e-03	1463848.000000	0.000000e+00
1.375380e+01	6.947360e+00	5.735696e-03	1467126.000000	0.000000e+00
1.377836e+01	6.941674e+00	5.755691e-03	1454566.000000	0.000000e+00
1.380287e+01	6.916097e+00	5.740320e-03	1451610.000000	0.000000e+00
1.382737e+01	6.894681e+00	5.733996e-03	1445818.000000	0.000000e+00
1.385191e+01	6.890967e+00	5.730515e-03	1446016.000000	0.000000e+00
1.387648e+01	6.880318e+00	5.732942e-03	1440330.000000	0.000000e+00
1.390103e+01	6.857930e+00	5.722413e-03	1436242.000000	0.000000e+00
1.392557e+01	6.845242e+00	5.728335e-03	1427976.000000	0.000000e+00
1.395012e+01	6.835820e+00	5.718580e-03	1428910.000000	0.000000e+00
1.397464e+01	6.831671e+00	5.742287e-03	1415416.000000	0.000000e+00
1.399917e+01	6.796317e+00	5.702086e-03	1420626.000000	0.000000e+00
1.402372e+01	6.803782e+00	5.732897e-03	1408486.000000	0.000000e+00
1.404824e+01	6.786086e+00	5.720932e-03	1407036.000000	0.000000e+00
1.407278e+01	6.771157e+00	5.717721e-03	1402426.000000	0.000000e+00
1.409731e+01	6.755591e+00	5.718977e-03	1395372.000000	0.000000e+00
1.412183e+01	6.744056e+00	5.715018e-03	1392538.000000	0.000000e+00
1.414639e+01	6.730672e+00	5.708204e-03	1390330.000000	0.000000e+00
1.417094e+01	6.720738e+00	5.720015e-03	1380510.000000	0.000000e+00
1.419546e+01	6.705859e+00	5.710074e-03	1379194.000000	0.000000e+00
1.422001e+01	6.693899e+00	5.713985e-03	1372398.000000	0.000000e+00
1.424455e+01	6.682918e+00	5.711362e-03	1369156.000000	0.000000e+00
1.426908e+01	6.678899e+00	5.725324e-03	1360848.000000	0.000000e+00
1.429362e+01	6.663309e+00	5.711800e-03	1360924.000000	0.000000e+00
1.431818e+01	6.653386e+00	5.721079e-03	1352476.000000	0.000000e+00
1.434273e+01	6.647815e+00	5.722240e-03	1349664.000000	0.000000e+00
1.436724e+01	6.643034e+00	5.741300e-03	1338790.000000	0.000000e+00
1.439177e+01	6.634047e+00	5.726412e-03	1342122.000000	0.000000e+00
1.441633e+01	6.615376e+00	5.733659e-03	1331206.000000	0.000000e+00
1.444087e+01	6.601002e+00	5.725896e-03	1329024.000000	0.000000e+00
1.446541e+01	6.602827e+00	5.742931e-03	1321882.000000	0.000000e+00
1.448996e+01	6.584814e+00	5.732783e-03	1319338.000000	0.000000e+00
1.451448e+01	6.576360e+00	5.748206e-03	1308900.000000	0.000000e+00
1.453902e+01	6.570372e+00	5.740294e-03	1310122.000000	0.000000e+00
1.456356e+01	6.550106e+00	5.745084e-03	1299882.000000	0.000000e+00
1.458809e+01	6.553659e+00	5.756088e-03	1296322.000000	0.000000e+00
1.461262e+01	6.540429e+00	5.753756e-03	1292140.000000	0.000000e+00
1.463716e+01	6.527214e+00	5.759388e-03	1284408.000000	0.000000e+00
1.466171e+01	6.524352e+00	5.759653e-03	1283164.000000	0.000000e+00
1.468625e+01	6.516816e+00	5.774678e-03	1273548.000000	0.000000e+00
1.471078e+01	6.513879e+00	5.780447e-03	1269862.000000	0.000000e+00
1.473534e+01	6.495733e+00	5.770737e-03	1267050.000000	0.000000e+00
1.475987e+01	6.489924e+00	5.792249e-03	1255408.000000	0.000000e+00
1.478439e+01	6.485994e+00	5.788616e-03	1255462.000000	0.000000e+00
1.480894e+01	6.480451e+00	5.803725e-03	1246800.000000	0.000000e+00
1.483348e+01	6.461388e+00	5.792458e-03	1244302.000000	0.000000e+00
1.485802e+01	6.458497e+00	5.811338e-03	1235124.000000	0.000000e+00
1.488256e+01	6.451175e+00	5.809681e-03	1233028.000000	0.000000e+00
1.490708e+01	6.437754e+00	5.822006e-03	1222710.000000	0.000000e+00
1.493162e+01	6.438072e+00	5.823970e-03	1222006.000000	0.000000e+00
1.495618e+01	6.437068e+00	5.838001e-03	1215760.000000	0.000000e+00
1.498071e+01	6.423904e+00	5.847539e-03	1206846.000000	0.000000e+00
1.500525e+01	6.419688e+00	5.849496e-03	1204456.000000	0.000000e+00
1.502980e+01	6.418457e+00	5.864973e-03	1197648.000000	0.000000e+00
1.505434e+01	6.400064e+00	5.865431e-03	1190608.000000	0.000000e+00
1.507886e+01	6.405733e+00	5.881777e-03	1186098.000000	0.000000e+00
1.510342e+01	6.402462e+00	5.890934e-03	1181206.000000	0.000000e+00
1.512796e+01	6.378268e+00	5.889909e-03	1172704.000000	0.000000e+00
1.515246e+01	6.391051e+00	5.915054e-03	1167420.000000	0.000000e+00
1.517700e+01	6.376939e+00	5.912597e-03	1163236.000000	0.000000e+00
1.520157e+01	6.375086e+00	5.921206e-03	1159182.000000	0.000000e+00
1.522611e+01	6.366784e+00	5.943293e-03	1147588.000000	0.000000e+00
1.525063e+01	6.372374e+00	5.951966e-03	1146256.000000	0.000000e+00
1.527518e+01	6.356360e+00	5.958547e-03	1137984.000000	0.000000e+00
1.529972e+01	6.359885e+00	5.974881e-03	1133026.000000	0.000000e+00
1.532424e+01	6.359675e+00	5.994856e-03	1125414.000000	0.000000e+00
1.534877e+01	6.348186e+00	5.995726e-03	1121026.000000	0.000000e+00
1.537332e+01	6.350532e+00	6.013179e-03	1115352.000000	0.000000e+00
1.539786e+01	6.334608e+00	6.018604e-03	1107766.000000	0.000000e+00
1.542240e+01	6.345100e+00	6.039902e-03	1103614.000000	0.000000e+00
1.544694e+01	6.347669e+00	6.065186e-03	1095318.000000	0.000000e+00
1.547149e+01	6.338870e+00	6.068731e-03	1091008.000000	0.000000e+00
1.549603e+01	6.340207e+00	6.089392e-03	1084074.000000	0.000000e+00
1.552054e+01	6.335599e+00	6.112983e-03	1074160.000000	0.000000e+00
1.554506e+01	6.339028e+00	6.118901e-03	1073244.000000	0.000000e+00
1.556963e+01	6.331174e+00	6.130445e-03	1066558.000000	0.000000e+00
1.559418e+01	6.320799e+00	6.145324e-03	1057924.000000	0.000000e+00
1.561873e+01	6.321722e+00	6.157505e-03	1054050.000000	0.000000e+00
1.564327e+01	6.336558e+00	6.200742e-03	1044286.000000	0.000000e+00
1.566780e+01	6.327931e+00	6.200261e-03	1041606.000000	0.000000e+00
1.569233e+01	6.332026e+00	6.236715e-03	1030798.000000	0.000000e+00
1.571685e+01	6.331313e+00	6.245855e-03	1027552.000000	0.000000e+00
1.574141e+01	6.322302e+00	6.255910e-03	1021338.000000	0.000000e+00
1.576595e+01	6.318495e+00	6.276774e-03	1013338.000000	0.000000e+00
1.579049e+01	6.335434e+00	6.309661e-03	1008186.000000	0.000000e+00
1.581502e+01	6.321262e+00	6.323179e-03	999394.000000	0.000000e+00
1.583955e+01	6.339912e+00	6.356786e-03	994698.000000	0.000000e+00
1.586407e+01	6.330953e+00	6.372303e-03	987064.000000	0.000000e+00
1.588861e+01	6.331178e+00	6.392046e-03	981046.000000	0.000000e+00
1.591315e+01	6.336380e+00	6.415858e-03	975378.000000	0.000000e+00
1.593770e+01	6.329917e+00	6.433547e-03	968044.000000	0.000000e+00
1.596225e+01	6.346218e+00	6.472068e-03	961488.000000	0.000000e+00
1.598677e+01	6.352311e+00	6.506078e-03	953290.000000	0.000000e+00
1.601131e+01	6.360150e+00	6.528579e-03	949068.000000	0.000000e+00
1.603586e+01	6.344589e+00	6.540584e-03	940966.000000	0.000000e+00
1.606040e+01	6.359387e+00	6.580115e-03	934036.000000	0.000000e+00
1.608493e+01	6.361161e+00	6.604616e-03	927636.000000	0.000000e+00
1.610947e+01	6.367981e+00	6.639787e-03	919804.000000	0.000000e+00
1.613400e+01	6.378515e+00	6.671904e-03	913986.000000	0.000000e+00
1.615854e+01	6.375476e+00	6.692278e-03	907564.000000	0.000000e+00
1.618310e+01	6.384313e+00	6.727863e-03	900480.000000	0.000000e+00
1.620765e+01	6.395795e+00	6.766579e-03	893410.000000	0.000000e+00
1.623216e+01	6.390379e+00	6.799107e-03	883384.000000	0.000000e+00
1.625669e+01	6.391970e+00	6.810072e-03	880980.000000	0.000000e+00
1.628123e+01	6.409704e+00	6.867032e-03	871240.000000	0.000000e+00
1.630580e+01	6.403023e+00	6.874963e-03	867420.000000	0.000000e+00
1.633036e+01	6.419701e+00	6.932553e-03	857518.000000	0.000000e+00
1.635486e+01	6.430758e+00	6.980756e-03	848632.000000	0.000000e+00
1.637939e+01	6.433452e+00	6.996148e-03	845610.000000	0.000000e+00
1.640395e+01	6.440421e+00	7.042494e-03	836326.000000	0.000000e+00
1.642848e+01	6.447810e+00	7.080369e-03	829302.000000	0.000000e+00
1.645298e+01	6.461143e+00	7.133051e-03	820480.000000	0.000000e+00
1.647753e+01	6.456282e+00	7.142761e-03	817020.000000	0.000000e+00
1.650209e+01	6.457826e+00	7.182584e-03	808372.000000	0.000000e+00
1.652660e+01	6.471781e+00	7.243462e-03	798280.000000	0.000000e+00
1.655114e+01	6.491682e+00	7.277771e-03	795642.000000	0.000000e+00
1.657571e+01	6.477619e+00	7.305195e-03	786262.000000	0.000000e+00
1.660025e+01	6.497933e+00	7.367498e-03	777876.000000	0.000000e+00
1.662478e+01	6.514630e+00	7.412471e-03	772420.000000	0.000000e+00
1.664931e+01	6.507500e+00	7.452729e-03	762426.000000	0.000000e+00
1.667386e+01	6.540535e+00	7.508111e-03	758866.000000	0.000000e+00
1.669842e+01	6.552788e+00	7.575189e-03	748282.000000	0.000000e+00
1.672293e+01	6.546574e+00	7.605902e-03	740844.000000	0.000000e+00
1.674748e+01	6.561298e+00	7.648364e-03	735940.000000	0.000000e+00
1.677204e+01	6.567313e+00	7.708369e-03	725856.000000	0.000000e+00
1.679655e+01	6.587667e+00	7.770971e-03	718642.000000	0.000000e+00
1.682107e+01	6.591432e+00	7.813890e-03	711582.000000	0.000000e+00
1.684563e+01	6.612743e+00	7.876948e-03	704770.000000	0.000000e+00
1.687018e+01	6.617731e+00	7.927388e-03	696880.000000	0.000000e+00
1.689472e+01	6.625587e+00	7.988470e-03	687894.000000	0.000000e+00
1.691924e+01	6.640698e+00	8.042522e-03	681778.000000	0.000000e+00
1.694378e+01	6.650838e+00	8.110115e-03	672510.000000	0.000000e+00
1.696830e+01	6.665521e+00	8.168543e-03	665854.000000	0.000000e+00
1.699283e+01	6.670067e+00	8.225153e-03	657616.000000	0.000000e+00
1.701740e+01	6.678131e+00	8.271884e-03	651780.000000	0.000000e+00
1.704195e+01	6.689906e+00	8.349125e-03	642034.000000	0.000000e+00
1.706646e+01	6.700320e+00	8.421343e-03	633036.000000	0.000000e+00
1.709097e+01	6.730106e+00	8.494495e-03	627724.000000	0.000000e+00
1.711553e+01	6.733260e+00	8.556522e-03	619236.000000	0.000000e+00
1.714008e+01	6.742101e+00	8.626650e-03	610810.000000	0.000000e+00
1.716463e+01	6.747924e+00	8.677166e-03	604762.000000	0.000000e+00
1.718918e+01	6.757586e+00	8.769772e-03	593754.000000	0.000000e+00
1.721369e+01	6.791118e+00	8.858175e-03	587752.000000	0.000000e+00
1.723823e+01	6.764604e+00	8.891593e-03	578796.000000	0.000000e+00
1.726278e+01	6.800201e+00	8.991876e-03	571930.000000	0.000000e+00
1.728731e+01	6.772952e+00	9.026944e-03	562956.000000	0.000000e+00
1.731188e+01	6.811247e+00	9.133361e-03	556150.000000	0.000000e+00
1.733641e+01	6.809895e+00	9.213217e-03	546334.000000	0.000000e+00
1.736091e+01	6.814898e+00	9.294631e-03	537594.000000	0.000000e+00
1.738543e+01	6.835418e+00	9.368334e-03	532360.000000	0.000000e+00
1.741000e+01	6.832744e+00	9.457250e-03	521988.000000	0.000000e+00
1.743456e+01	6.860571e+00	9.551668e-03	515896.000000	0.000000e+00
1.745909e+01	6.837775e+00	9.619094e-03	505314.000000	0.000000e+00
1.748363e+01	6.842629e+00	9.689951e-03	498658.000000	0.000000e+00
1.750818e+01	6.824683e+00	9.748891e-03	490066.000000	0.000000e+00
1.753269e+01	6.843820e+00	9.878512e-03	479970.000000	0.000000e+00
1.755722e+01	6.847644e+00	9.941509e-03	474436.000000	0.000000e+00
1.758176e+01	6.830712e+00	1.002805e-02	463980.000000	0.000000e+00
1.760629e+01	6.831734e+00	1.010824e-02	456784.000000	0.000000e+00
1.763083e+01	6.855372e+00	1.023799e-02	448366.000000	0.000000e+00
1.765539e+01	6.806644e+00	1.026255e-02	439902.000000	0.000000e+00
1.767993e+01	6.810530e+00	1.037200e-02	431158.000000	0.000000e+00
1.770446e+01	6.821578e+00	1.049128e-02	422778.000000	0.000000e+00
1.772897e+01	6.796997e+00	1.056903e-02	413584.000000	0.000000e+00
1.775351e+01	6.765628e+00	1.061168e-02	406488.000000	0.000000e+00
1.777808e+01	6.729944e+00	1.067097e-02	397754.500000	0.000000e+00
1.780261e+01	6.728386e+00	1.078581e-02	389149.000000	0.000000e+00
1.782713e+01	6.730384e+00	1.088670e-02	382197.000000	0.000000e+00
1.785169e+01	6.703992e+00	1.093842e-02	375628.000000	0.000000e+00
1.787623e+01	6.715318e+00	1.107361e-02	367752.000000	0.000000e+00
1.790076e+01	6.706402e+00	1.114768e-02	361918.000000	0.000000e+00
1.792530e+01	6.687716e+00	1.122229e-02	355134.000000	0.000000e+00
1.794985e+01	6.693646e+00	1.133593e-02	348667.000000	0.000000e+00
1.797440e+01	6.709515e+00	1.145704e-02	342955.000000	0.000000e+00
1.799891e+01	6.691626e+00	1.154890e-02	335724.000000	0.000000e+00
1.802344e+01	6.687986e+00	1.162406e-02	331036.000000	0.000000e+00
1.804802e+01	6.703384e+00	1.175078e-02	325428.000000	0.000000e+00
1.807255e+01	6.696058e+00	1.186951e-02	318253.000000	0.000000e+00
1.809707e+01	6.692050e+00	1.194177e-02	314037.000000	0.000000e+00
1.812164e+01	6.717646e+00	1.210143e-02	308149.000000	0.000000e+00
1.814617e+01	6.683306e+00	1.215635e-02	302257.000000	0.000000e+00
1.817068e+01	6.718806e+00	1.232617e-02	297117.000000	0.000000e+00
1.819523e+01	6.730304e+00	1.244125e-02	292645.000000	0.000000e+00
1.821979e+01	6.729595e+00	1.256068e-02	287046.000000	0.000000e+00
1.824431e+01	6.742834e+00	1.271262e-02	281329.000000	0.000000e+00
1.826883e+01	6.712534e+00	1.274697e-02	277306.000000	0.000000e+00
1.829337e+01	6.744377e+00	1.292695e-02	272202.000000	0.000000e+00
1.831793e+01	6.762383e+00	1.306956e-02	267718.000000	0.000000e+00
1.834250e+01	6.760912e+00	1.318398e-02	262977.000000	0.000000e+00
1.836701e+01	6.758605e+00	1.333001e-02	257071.000000	0.000000e+00
1.839152e+01	6.743448e+00	1.338697e-02	253746.000000	0.000000e+00
1.841609e+01	6.758268e+00	1.353686e-02	249250.000000	0.000000e+00
1.844064e+01	6.788575e+00	1.373817e-02	244174.000000	0.000000e+00
1.846515e+01	6.774432e+00	1.382566e-02	240090.000000	0.000000e+00
1.848971e+01	6.754766e+00	1.390449e-02	235999.000000	0.000000e+00
1.851428e+01	6.799664e+00	1.412355e-02	231786.000000	0.000000e+00
1.853881e+01	6.798314e+00	1.426697e-02	227059.000000	0.000000e+00
1.856328e+01	6.807867e+00	1.443661e-02	222378.000000	0.000000e+00
1.858784e+01	6.826150e+00	1.454695e-02	220195.000000	0.000000e+00
1.861244e+01	6.842599e+00	1.475706e-02	215002.000000	0.000000e+00
1.863693e+01	6.847640e+00	1.492371e-02	210537.000000	0.000000e+00
1.866143e+01	6.848197e+00	1.504205e-02	207271.000000	0.000000e+00
1.868601e+01	6.841386e+00	1.515188e-02	203871.000000	0.000000e+00
1.871055e+01	6.878163e+00	1.540865e-02	199258.000000	0.000000e+00
1.873503e+01	6.916921e+00	1.565046e-02	195331.000000	0.000000e+00
1.875958e+01	6.869297e+00	1.563876e-02	192939.000000	0.000000e+00
1.878417e+01	6.922368e+00	1.594851e-02	188395.000000	0.000000e+00
1.880870e+01	6.934981e+00	1.612424e-02	184983.000000	0.000000e+00
1.883322e+01	6.909938e+00	1.623201e-02	181219.000000	0.000000e+00
1.885775e+01	6.954632e+00	1.648966e-02	177879.000000	0.000000e+00
1.888231e+01	6.951674e+00	1.663523e-02	174631.000000	0.000000e+00
1.890684e+01	6.979207e+00	1.688248e-02	170899.000000	0.000000e+00
1.893134e+01	6.996022e+00	1.709650e-02	167451.000000	0.000000e+00
1.895590e+01	6.994486e+00	1.722576e-02	164875.000000	0.000000e+00
1.898046e+01	7.047551e+00	1.757155e-02	160863.000000	0.000000e+00
1.900495e+01	7.059866e+00	1.778355e-02	157600.000000	0.000000e+00
1.902946e+01	7.023386e+00	1.784800e-02	154851.000000	0.000000e+00
1.905406e+01	7.117847e+00	1.824975e-02	152119.000000	0.000000e+00
1.907863e+01	7.098883e+00	1.842710e-02	148411.000000	0.000000e+00
1.910311e+01	7.126812e+00	1.871967e-02	144942.000000	0.000000e+00
1.912765e+01	7.128344e+00	1.884889e-02	143023.000000	0.000000e+00
1.915226e+01	7.175577e+00	1.920093e-02	139659.000000	0.000000e+00
1.917678e+01	7.209087e+00	1.953116e-02	136240.000000	0.000000e+00
1.920124e+01	7.258960e+00	1.987310e-02	133419.000000	0.000000e+00
1.922581e+01	7.204593e+00	1.987559e-02	131395.000000	0.000000e+00
1.925040e+01	7.276420e+00	2.034425e-02	127924.000000	0.000000e+00
1.927489e+01	7.275424e+00	2.057644e-02	125019.000000	0.000000e+00
1.929941e+01	7.296579e+00	2.082596e-02	122752.000000	0.000000e+00
1.932402e+01	7.355986e+00	2.120603e-02	120327.000000	0.000000e+00
1.934855e+01	7.370450e+00	2.157834e-02	116668.000000	0.000000e+00
1.937298e+01	7.402872e+00	2.190400e-02	114223.000000	0.000000e+00
1.939755e+01	7.380807e+00	2.197691e-02	112791.000000	0.000000e+00
1.942217e+01	7.430683e+00	2.247475e-02	109312.000000	0.000000e+00
1.944667e+01	7.446004e+00	2.277161e-02	106920.000000	0.000000e+00
1.947113e+01	7.502148e+00	2.326261e-02	104005.000000	0.000000e+00
1.949570e+01	7.474941e+00	2.331325e-02	102804.000000	0.000000e+00
1.952032e+01	7.509168e+00	2.379001e-02	99631.000000	0.000000e+00
1.954482e+01	7.569309e+00	2.429007e-02	97108.000000	0.000000e+00
1.956930e+01	7.633868e+00	2.477602e-02	94935.000000	0.000000e+00
1.959391e+01	7.639226e+00	2.503010e-02	93148.000000	0.000000e+00
1.961850e+01	7.656565e+00	2.547268e-02	90348.000000	0.000000e+00
1.964294e+01	7.664803e+00	2.588176e-02	87703.000000	0.000000e+00
1.966740e+01	7.740937e+00	2.638472e-02	86076.000000	0.000000e+00
1.969204e+01	7.767386e+00	2.673645e-02	84400.000000	0.000000e+00
1.971660e+01	7.803836e+00	2.736403e-02	81331.000000	0.000000e+00
1.974103e+01	7.821507e+00	2.774840e-02	79452.000000	0.000000e+00
1.976563e+01	7.921097e+00	2.833303e-02	78160.000000	0.000000e+00
1.979032e+01	7.916823e+00	2.876468e-02	75750.000000	0.000000e+00
1.981482e+01	8.006583e+00	2.960390e-02	73147.000000	0.000000e+00
1.983914e+01	7.988163e+00	3.001881e-02	70812.000000	0.000000e+00
1.986374e+01	8.057560e+00	3.031730e-02	70636.000000	0.000000e+00
1.988844e+01	8.005943e+00	3.079756e-02	67576.000000	0.000000e+00
1.991292e+01	8.057315e+00	3.142812e-02	65727.000000	0.000000e+00
1.993736e+01	8.194978e+00	3.246052e-02	63736.000000	0.000000e+00
1.996197e+01	8.166011e+00	3.261503e-02	62688.000000	0.000000e+00
1.998658e+01	8.215236e+00	3.347057e-02	60244.000000	0.000000e+00
2.001095e+01	8.248749e+00	3.422982e-02	58072.000000	0.000000e+00
2.003547e+01	8.369629e+00	3.491986e-02	57447.000000	0.000000e+00
2.006019e+01	8.439293e+00	3.585836e-02	55390.000000	0.000000e+00
2.008472e+01	8.454662e+00	3.659924e-02	53364.000000	0.000000e+00
2.010903e+01	8.483986e+00	3.746940e-02	51268.000000	0.000000e+00
2.013363e+01	8.549647e+00	3.780514e-02	51144.000000	0.000000e+00
2.015842e+01	8.640448e+00	3.912470e-02	48772.000000	0.000000e+00
2.018288e+01	8.698670e+00	4.019760e-02	46828.000000	0.000000e+00
2.020721e+01	8.719215e+00	4.093393e-02	45372.000000	0.000000e+00
2.023181e+01	8.740723e+00	4.141685e-02	44539.000000	0.000000e+00
2.025650e+01	8.778307e+00	4.247126e-02	42720.000000	0.000000e+00
2.028095e+01	8.912803e+00	4.405159e-02	40936.000000	0.000000e+00
2.030542e+01	8.933332e+00	4.467895e-02	39978.000000	0.000000e+00
2.033011e+01	9.020608e+00	4.590893e-02	38608.000000	0.000000e+00
2.035466e+01	9.006742e+00	4.689231e-02	36892.000000	0.000000e+00
2.037892e+01	9.085294e+00	4.841928e-02	35208.000000	0.000000e+00
2.040348e+01	9.115214e+00	4.870895e-02	35020.000000	0.000000e+00
2.042837e+01	9.177202e+00	5.023648e-02	33372.000000	0.000000e+00
2.045281e+01	9.279581e+00	5.235103e-02	31420.000000	0.000000e+00
2.047697e+01	9.429354e+00	5.412737e-02	30348.000000	0.000000e+00
2.050165e+01	9.490448e+00	5.475664e-02	30040.000000	0.000000e+00
2.052659e+01	9.406339e+00	5.569099e-02	28528.000000	0.000000e+00
2.055100e+01	9.541179e+00	5.847654e-02	26622.000000	0.000000e+00
2.057510e+01	9.593910e+00	5.975224e-02	25780.000000	0.000000e+00
2.059985e+01	9.787880e+00	6.135185e-02	25452.000000	0.000000e+00
2.062477e+01	9.736757e+00	6.287670e-02	23980.000000	0.000000e+00
2.064904e+01	9.933418e+00	6.666273e-02	22204.000000	0.000000e+00
2.067328e+01	9.956454e+00	6.724265e-02	21924.000000	0.000000e+00
2.069813e+01	1.007452e+01	6.943487e-02	21052.000000	0.000000e+00
2.072282e+01	1.020710e+01	7.267097e-02	19728.000000	0.000000e+00
2.074689e+01	1.017230e+01	7.516293e-02	18316.000000	0.000000e+00
2.077148e+01	1.038160e+01	7.628167e-02	18522.000000	0.000000e+00
2.079650e+01	1.045221e+01	8.003308e-02	17056.000000	0.000000e+00
2.082086e+01	1.036959e+01	8.223360e-02	15901.000000	0.000000e+00
2.084494e+01	1.064411e+01	8.652890e-02	15132.000000	0.000000e+00
2.086988e+01	1.074843e+01	8.771376e-02	15016.000000	0.000000e+00
2.089484e+01	1.076321e+01	9.242975e-02	13560.000000	0.000000e+00
2.091874e+01	1.078233e+01	9.668795e-02	12436.000000	0.000000e+00
2.094286e+01	1.107301e+01	9.979326e-02	12312.000000	0.000000e+00
2.096835e+01	1.111241e+01	1.013744e-01	12016.000000	0.000000e+00
2.099333e+01	1.133375e+01	1.110618e-01	10414.000000	0.000000e+00
2.101635e+01	1.143913e+01	1.187716e-01	9276.000000	0.000000e+00
2.104066e+01	1.160179e+01	1.162448e-01	9961.000000	0.000000e+00
2.106684e+01	1.160680e+01	1.208256e-01	9228.000000	0.000000e+00
2.109169e+01	1.167948e+01	1.328243e-01	7732.000000	0.000000e+00
2.111385e+01	1.191140e+01	1.449166e-01	6756.000000	0.000000e+00
2.113864e+01	1.192368e+01	1.353915e-01	7756.000000	0.000000e+00
2.116547e+01	1.230367e+01	1.489850e-01	6820.000000	0.000000e+00
2.118998e+01	1.244145e+01	1.699689e-01	5358.000000	0.000000e+00
2.121167e+01	1.266724e+01	1.792674e-01	4993.000000	0.000000e+00
2.123701e+01	1.256089e+01	1.690639e-01	5520.000000	0.000000e+00
2.126409e+01	1.280174e+01	1.849314e-01	4792.000000	0.000000e+00
2.128812e+01	1.320347e+01	2.252484e-01	3436.000000	0.000000e+00
2.130920e+01	1.310103e+01	2.220832e-01	3480.000000	0.000000e+00
2.133536e+01	1.327492e+01	2.176217e-01	3721.000000	0.000000e+00
2.136298e+01	1.354249e+01	2.419846e-01	3132.000000	0.000000e+00
2.138535e+01	1.374263e+01	3.262819e-01	1774.000000	0.000000e+00
2.140616e+01	1.375772e+01	2.801289e-01	2412.000000	0.000000e+00
2.143360e+01	1.413293e+01	3.004966e-01	2212.000000	0.000000e+00
2.146162e+01	1.434156e+01	3.346123e-01	1837.000000	0.000000e+00
2.148292e+01	1.452003e+01	5.083027e-01	816.000000	0.000000e+00
2.150387e+01	1.465413e+01	3.956244e-01	1372.000000	0.000000e+00
2.153200e+01	1.527658e+01	4.622903e-01	1092.000000	0.000000e+00
2.156014e+01	1.616371e+01	5.563778e-01	844.000000	0.000000e+00
2.158178e+01	1.550224e+01	8.419661e-01	339.000000	0.000000e+00
2.160234e+01	1.577189e+01	6.837982e-01	532.000000	0.000000e+00
2.163046e+01	1.636464e+01	8.577402e-01	364.000000	0.000000e+00
2.165853e+01	1.596913e+01	1.057582e+00	228.000000	0.000000e+00
2.168066e+01	1.815780e+01	2.125210e+00	73.000000	0.000000e+00
2.170037e+01	1.837230e+01	2.004582e+00	84.000000	0.000000e+00
2.172766e+01	1.059684e+01	2.002614e+00	28.000000	0.000000e+00
2.175143e+01	2.482197e+01	1.433097e+01	3.000000	0.000000e+00
