# [<k> (h/Mpc)]	[<P_0(k)> (Mpc/h)^3]	[ErrorBar (Mpc/h)^3]	nModes	[<P_2(k)> (Mpc/h)^3]
3.476422e-02	1.500012e+04	4.160285e+03	13.000000	0.000000e+00
5.890282e-02	1.097944e+04	1.911275e+03	33.000000	0.000000e+00
8.378087e-02	6.475799e+03	7.285843e+02	79.000000	0.000000e+00
1.087368e-01	4.976400e+03	4.600683e+02	117.000000	0.000000e+00
1.341836e-01	3.721261e+03	2.599041e+02	205.000000	0.000000e+00
1.581206e-01	2.746658e+03	1.791722e+02	235.000000	0.000000e+00
1.826843e-01	2.127079e+03	1.107313e+02	369.000000	0.000000e+00
2.073525e-01	1.961811e+03	9.427860e+01	433.000000	0.000000e+00
2.322407e-01	1.713263e+03	7.083470e+01	585.000000	0.000000e+00
2.568838e-01	1.444168e+03	5.542209e+01	679.000000	0.000000e+00
2.811185e-01	1.310303e+03	4.595432e+01	813.000000	0.000000e+00
3.057758e-01	1.160250e+03	3.696862e+01	985.000000	0.000000e+00
3.308750e-01	1.120370e+03	3.257384e+01	1183.000000	0.000000e+00
3.553459e-01	1.038643e+03	2.915652e+01	1269.000000	0.000000e+00
3.797184e-01	8.891689e+02	2.268022e+01	1537.000000	0.000000e+00
4.042043e-01	8.665218e+02	2.131293e+01	1653.000000	0.000000e+00
4.287408e-01	7.821974e+02	1.765453e+01	1963.000000	0.000000e+00
4.533372e-01	7.659471e+02	1.663139e+01	2121.000000	0.000000e+00
4.779960e-01	7.192257e+02	1.464153e+01	2413.000000	0.000000e+00
5.026630e-01	6.825908e+02	1.329750e+01	2635.000000	0.000000e+00
5.271488e-01	6.174337e+02	1.151119e+01	2877.000000	0.000000e+00
5.515428e-01	6.012445e+02	1.068046e+01	3169.000000	0.000000e+00
5.762241e-01	5.663174e+02	9.562953e+00	3507.000000	0.000000e+00
6.007286e-01	5.701512e+02	9.392286e+00	3685.000000	0.000000e+00
6.252569e-01	5.415997e+02	8.392104e+00	4165.000000	0.000000e+00
6.499966e-01	5.263099e+02	7.955239e+00	4377.000000	0.000000e+00
6.746858e-01	4.930869e+02	7.076669e+00	4855.000000	0.000000e+00
6.991271e-01	4.861798e+02	6.924964e+00	4929.000000	0.000000e+00
7.235757e-01	4.681836e+02	6.267007e+00	5581.000000	0.000000e+00
7.479714e-01	4.516429e+02	5.993207e+00	5679.000000	0.000000e+00
7.726133e-01	4.406637e+02	5.514763e+00	6385.000000	0.000000e+00
7.972413e-01	4.223701e+02	5.217627e+00	6553.000000	0.000000e+00
8.218513e-01	4.146495e+02	4.912343e+00	7125.000000	0.000000e+00
8.464491e-01	3.977499e+02	4.609135e+00	7447.000000	0.000000e+00
8.709767e-01	3.907439e+02	4.388165e+00	7929.000000	0.000000e+00
8.955547e-01	3.760308e+02	4.114359e+00	8353.000000	0.000000e+00
9.199772e-01	3.678113e+02	3.926463e+00	8775.000000	0.000000e+00
9.444963e-01	3.663129e+02	3.795836e+00	9313.000000	0.000000e+00
9.690846e-01	3.572183e+02	3.600925e+00	9841.000000	0.000000e+00
9.935517e-01	3.493479e+02	3.460587e+00	10191.000000	0.000000e+00
1.018099e+00	3.413334e+02	3.269831e+00	10897.000000	0.000000e+00
1.042679e+00	3.325075e+02	3.127829e+00	11301.000000	0.000000e+00
1.067353e+00	3.234844e+02	2.949923e+00	12025.000000	0.000000e+00
1.092004e+00	3.146981e+02	2.823455e+00	12423.000000	0.000000e+00
1.116549e+00	3.083559e+02	2.702279e+00	13021.000000	0.000000e+00
1.140967e+00	3.045136e+02	2.630106e+00	13405.000000	0.000000e+00
1.165410e+00	2.942828e+02	2.465489e+00	14247.000000	0.000000e+00
1.189942e+00	2.845072e+02	2.350336e+00	14653.000000	0.000000e+00
1.214340e+00	2.838153e+02	2.292040e+00	15333.000000	0.000000e+00
1.238824e+00	2.774715e+02	2.197109e+00	15949.000000	0.000000e+00
1.263616e+00	2.686119e+02	2.056593e+00	17059.000000	0.000000e+00
1.288278e+00	2.645293e+02	2.023084e+00	17097.000000	0.000000e+00
1.312698e+00	2.579651e+02	1.924630e+00	17965.000000	0.000000e+00
1.337129e+00	2.522894e+02	1.853317e+00	18531.000000	0.000000e+00
1.361846e+00	2.499541e+02	1.782252e+00	19669.000000	0.000000e+00
1.386459e+00	2.438672e+02	1.729033e+00	19893.000000	0.000000e+00
1.410760e+00	2.380212e+02	1.663020e+00	20485.000000	0.000000e+00
1.435294e+00	2.379094e+02	1.613140e+00	21751.000000	0.000000e+00
1.459966e+00	2.305591e+02	1.547098e+00	22209.000000	0.000000e+00
1.484553e+00	2.268461e+02	1.494447e+00	23041.000000	0.000000e+00
1.509059e+00	2.242602e+02	1.457003e+00	23691.000000	0.000000e+00
1.533565e+00	2.177401e+02	1.392313e+00	24457.000000	0.000000e+00
1.558284e+00	2.173118e+02	1.353003e+00	25797.000000	0.000000e+00
1.582818e+00	2.127021e+02	1.328688e+00	25627.000000	0.000000e+00
1.607259e+00	2.084164e+02	1.263315e+00	27217.000000	0.000000e+00
1.631809e+00	2.042029e+02	1.230294e+00	27549.000000	0.000000e+00
1.656366e+00	2.001440e+02	1.179094e+00	28813.000000	0.000000e+00
1.680925e+00	1.980376e+02	1.155864e+00	29355.000000	0.000000e+00
1.705257e+00	1.931592e+02	1.116751e+00	29917.000000	0.000000e+00
1.729806e+00	1.905357e+02	1.070950e+00	31653.000000	0.000000e+00
1.754462e+00	1.871157e+02	1.046810e+00	31951.000000	0.000000e+00
1.778992e+00	1.820978e+02	1.001490e+00	33061.000000	0.000000e+00
1.803411e+00	1.793483e+02	9.784689e-01	33597.000000	0.000000e+00
1.827963e+00	1.783235e+02	9.505082e-01	35197.000000	0.000000e+00
1.852647e+00	1.732887e+02	9.155653e-01	35823.000000	0.000000e+00
1.877249e+00	1.716247e+02	8.928497e-01	36949.000000	0.000000e+00
1.901733e+00	1.676217e+02	8.678078e-01	37309.000000	0.000000e+00
1.926241e+00	1.645086e+02	8.322220e-01	39075.000000	0.000000e+00
1.950830e+00	1.624072e+02	8.184761e-01	39373.000000	0.000000e+00
1.975308e+00	1.610586e+02	7.970366e-01	40833.000000	0.000000e+00
1.999729e+00	1.584110e+02	7.804065e-01	41203.000000	0.000000e+00
2.024419e+00	1.543525e+02	7.384612e-01	43689.000000	0.000000e+00
2.049126e+00	1.517908e+02	7.276725e-01	43513.000000	0.000000e+00
2.073508e+00	1.507132e+02	7.149554e-01	44437.000000	0.000000e+00
2.097846e+00	1.483473e+02	6.943118e-01	45651.000000	0.000000e+00
2.122473e+00	1.451729e+02	6.662040e-01	47485.000000	0.000000e+00
2.147106e+00	1.431356e+02	6.535871e-01	47961.000000	0.000000e+00
2.171601e+00	1.410669e+02	6.363215e-01	49147.000000	0.000000e+00
2.196158e+00	1.383914e+02	6.169035e-01	50325.000000	0.000000e+00
2.220735e+00	1.366596e+02	6.013249e-01	51649.000000	0.000000e+00
2.245251e+00	1.349202e+02	5.907955e-01	52153.000000	0.000000e+00
2.269729e+00	1.330591e+02	5.728976e-01	53943.000000	0.000000e+00
2.294271e+00	1.311940e+02	5.609605e-01	54697.000000	0.000000e+00
2.318928e+00	1.284940e+02	5.394101e-01	56745.000000	0.000000e+00
2.343538e+00	1.266051e+02	5.302580e-01	57007.000000	0.000000e+00
2.368026e+00	1.250320e+02	5.171162e-01	58461.000000	0.000000e+00
2.392423e+00	1.216182e+02	5.005202e-01	59041.000000	0.000000e+00
2.416863e+00	1.199798e+02	4.857242e-01	61015.000000	0.000000e+00
2.441509e+00	1.192317e+02	4.764048e-01	62637.000000	0.000000e+00
2.466080e+00	1.170521e+02	4.657224e-01	63169.000000	0.000000e+00
2.490575e+00	1.153035e+02	4.536381e-01	64605.000000	0.000000e+00
2.515186e+00	1.138678e+02	4.416036e-01	66487.000000	0.000000e+00
2.539777e+00	1.127322e+02	4.354154e-01	67033.000000	0.000000e+00
2.564215e+00	1.111869e+02	4.256286e-01	68241.000000	0.000000e+00
2.588707e+00	1.095570e+02	4.141133e-01	69991.000000	0.000000e+00
2.613337e+00	1.075503e+02	4.022014e-01	71505.000000	0.000000e+00
2.637925e+00	1.070090e+02	3.968497e-01	72709.000000	0.000000e+00
2.662420e+00	1.043174e+02	3.848513e-01	73473.000000	0.000000e+00
2.686963e+00	1.028435e+02	3.736355e-01	75763.000000	0.000000e+00
2.711515e+00	1.023159e+02	3.705031e-01	76261.000000	0.000000e+00
2.735982e+00	1.003380e+02	3.593022e-01	77985.000000	0.000000e+00
2.760573e+00	9.902205e+01	3.500718e-01	80011.000000	0.000000e+00
2.785237e+00	9.725836e+01	3.417120e-01	81009.000000	0.000000e+00
2.809671e+00	9.669871e+01	3.385111e-01	81601.000000	0.000000e+00
2.834151e+00	9.485509e+01	3.271235e-01	84081.000000	0.000000e+00
2.858722e+00	9.356575e+01	3.206281e-01	85159.000000	0.000000e+00
2.883250e+00	9.293141e+01	3.156753e-01	86665.000000	0.000000e+00
2.907819e+00	9.111404e+01	3.065520e-01	88341.000000	0.000000e+00
2.932335e+00	9.016149e+01	3.014120e-01	89479.000000	0.000000e+00
2.956914e+00	8.868372e+01	2.931457e-01	91521.000000	0.000000e+00
2.981449e+00	8.738500e+01	2.874367e-01	92425.000000	0.000000e+00
3.005876e+00	8.659070e+01	2.830623e-01	93579.000000	0.000000e+00
3.030403e+00	8.550562e+01	2.755366e-01	96301.000000	0.000000e+00
3.055041e+00	8.416555e+01	2.693287e-01	97657.000000	0.000000e+00
3.079692e+00	8.314962e+01	2.637439e-01	99393.000000	0.000000e+00
3.104241e+00	8.207254e+01	2.592835e-01	100195.000000	0.000000e+00
3.128710e+00	8.136854e+01	2.551390e-01	101709.000000	0.000000e+00
3.153123e+00	8.033405e+01	2.502861e-01	103021.000000	0.000000e+00
3.177619e+00	7.916804e+01	2.436147e-01	105607.000000	0.000000e+00
3.202185e+00	7.856285e+01	2.403883e-01	106809.000000	0.000000e+00
3.226708e+00	7.718665e+01	2.342078e-01	108613.000000	0.000000e+00
3.251321e+00	7.620641e+01	2.289596e-01	110781.000000	0.000000e+00
3.275882e+00	7.515253e+01	2.249199e-01	111643.000000	0.000000e+00
3.300393e+00	7.449888e+01	2.209754e-01	113661.000000	0.000000e+00
3.324955e+00	7.345204e+01	2.163529e-01	115261.000000	0.000000e+00
3.349528e+00	7.283534e+01	2.125051e-01	117475.000000	0.000000e+00
3.374087e+00	7.197573e+01	2.091849e-01	118389.000000	0.000000e+00
3.398541e+00	7.094077e+01	2.047773e-01	120013.000000	0.000000e+00
3.423011e+00	7.018266e+01	2.010156e-01	121899.000000	0.000000e+00
3.447546e+00	6.906530e+01	1.960398e-01	124117.000000	0.000000e+00
3.472176e+00	6.846265e+01	1.923617e-01	126669.000000	0.000000e+00
3.496772e+00	6.766951e+01	1.899144e-01	126961.000000	0.000000e+00
3.521302e+00	6.695803e+01	1.857832e-01	129895.000000	0.000000e+00
3.545845e+00	6.585534e+01	1.823269e-01	130461.000000	0.000000e+00
3.570351e+00	6.554890e+01	1.795214e-01	133321.000000	0.000000e+00
3.594817e+00	6.445175e+01	1.763170e-01	133623.000000	0.000000e+00
3.619340e+00	6.418712e+01	1.731546e-01	137413.000000	0.000000e+00
3.643921e+00	6.323729e+01	1.700806e-01	138241.000000	0.000000e+00
3.668501e+00	6.236300e+01	1.661030e-01	140961.000000	0.000000e+00
3.693083e+00	6.162044e+01	1.633770e-01	142255.000000	0.000000e+00
3.717636e+00	6.062066e+01	1.596580e-01	144165.000000	0.000000e+00
3.742123e+00	6.030964e+01	1.581797e-01	145369.000000	0.000000e+00
3.766623e+00	5.968114e+01	1.550337e-01	148191.000000	0.000000e+00
3.791211e+00	5.906867e+01	1.524166e-01	150193.000000	0.000000e+00
3.815740e+00	5.822986e+01	1.496141e-01	151477.000000	0.000000e+00
3.840250e+00	5.759168e+01	1.468722e-01	153759.000000	0.000000e+00
3.864816e+00	5.732000e+01	1.450693e-01	156121.000000	0.000000e+00
3.889416e+00	5.674284e+01	1.426488e-01	158229.000000	0.000000e+00
3.913984e+00	5.594507e+01	1.400321e-01	159613.000000	0.000000e+00
3.938439e+00	5.506082e+01	1.372874e-01	160851.000000	0.000000e+00
3.962856e+00	5.466305e+01	1.354154e-01	162949.000000	0.000000e+00
3.987408e+00	5.395835e+01	1.320934e-01	166861.000000	0.000000e+00
4.011951e+00	5.349898e+01	1.309351e-01	166947.000000	0.000000e+00
4.036502e+00	5.297609e+01	1.281813e-01	170809.000000	0.000000e+00
4.061101e+00	5.254436e+01	1.266806e-01	172041.000000	0.000000e+00
4.085632e+00	5.197423e+01	1.246671e-01	173809.000000	0.000000e+00
4.110226e+00	5.155349e+01	1.224086e-01	177375.000000	0.000000e+00
4.134760e+00	5.088416e+01	1.209551e-01	176977.000000	0.000000e+00
4.159247e+00	5.044792e+01	1.186340e-01	180829.000000	0.000000e+00
4.183807e+00	4.973383e+01	1.163916e-01	182583.000000	0.000000e+00
4.208321e+00	4.922710e+01	1.147285e-01	184105.000000	0.000000e+00
4.232839e+00	4.879706e+01	1.127542e-01	187293.000000	0.000000e+00
4.257376e+00	4.849436e+01	1.117462e-01	188329.000000	0.000000e+00
4.281944e+00	4.767915e+01	1.086847e-01	192451.000000	0.000000e+00
4.306505e+00	4.734406e+01	1.078833e-01	192585.000000	0.000000e+00
4.331033e+00	4.670418e+01	1.054625e-01	196117.000000	0.000000e+00
4.355617e+00	4.625936e+01	1.039059e-01	198207.000000	0.000000e+00
4.380161e+00	4.594079e+01	1.028304e-01	199597.000000	0.000000e+00
4.404676e+00	4.567714e+01	1.014905e-01	202557.000000	0.000000e+00
4.429249e+00	4.504782e+01	9.953113e-02	204847.000000	0.000000e+00
4.453772e+00	4.481043e+01	9.864757e-02	206341.000000	0.000000e+00
4.478282e+00	4.414957e+01	9.652238e-02	209217.000000	0.000000e+00
4.502777e+00	4.387902e+01	9.563696e-02	210505.000000	0.000000e+00
4.527289e+00	4.353493e+01	9.404328e-02	214299.000000	0.000000e+00
4.551889e+00	4.281442e+01	9.200172e-02	216565.000000	0.000000e+00
4.576426e+00	4.257570e+01	9.122459e-02	217821.000000	0.000000e+00
4.600893e+00	4.208354e+01	8.969489e-02	220135.000000	0.000000e+00
4.625467e+00	4.163176e+01	8.790333e-02	224305.000000	0.000000e+00
4.650035e+00	4.153779e+01	8.758628e-02	224913.000000	0.000000e+00
4.674541e+00	4.099786e+01	8.591013e-02	227737.000000	0.000000e+00
4.699104e+00	4.038655e+01	8.405934e-02	230835.000000	0.000000e+00
4.723670e+00	4.017734e+01	8.327434e-02	232777.000000	0.000000e+00
4.748182e+00	3.987246e+01	8.235915e-02	234381.000000	0.000000e+00
4.772682e+00	3.949209e+01	8.100963e-02	237655.000000	0.000000e+00
4.797203e+00	3.914234e+01	8.001289e-02	239317.000000	0.000000e+00
4.821755e+00	3.877545e+01	7.857318e-02	243537.000000	0.000000e+00
4.846361e+00	3.851539e+01	7.777682e-02	245227.000000	0.000000e+00
4.870915e+00	3.802341e+01	7.646561e-02	247269.000000	0.000000e+00
4.895426e+00	3.778172e+01	7.562017e-02	249625.000000	0.000000e+00
4.919952e+00	3.758615e+01	7.482340e-02	252337.000000	0.000000e+00
4.944496e+00	3.710727e+01	7.343456e-02	255339.000000	0.000000e+00
4.969013e+00	3.672022e+01	7.250889e-02	256465.000000	0.000000e+00
4.993562e+00	3.648980e+01	7.138783e-02	261273.000000	0.000000e+00
5.018138e+00	3.612778e+01	7.054552e-02	262267.000000	0.000000e+00
5.042642e+00	3.580738e+01	6.960032e-02	264681.000000	0.000000e+00
5.067215e+00	3.536805e+01	6.818097e-02	269089.000000	0.000000e+00
5.091775e+00	3.527131e+01	6.796115e-02	269353.000000	0.000000e+00
5.116309e+00	3.499416e+01	6.684863e-02	274035.000000	0.000000e+00
5.140838e+00	3.462692e+01	6.611840e-02	274273.000000	0.000000e+00
5.165333e+00	3.439336e+01	6.517015e-02	278517.000000	0.000000e+00
5.189818e+00	3.414148e+01	6.458607e-02	279439.000000	0.000000e+00
5.214351e+00	3.376379e+01	6.327235e-02	284757.000000	0.000000e+00
5.238947e+00	3.359140e+01	6.276793e-02	286405.000000	0.000000e+00
5.263479e+00	3.321114e+01	6.182919e-02	288523.000000	0.000000e+00
5.288002e+00	3.295100e+01	6.101440e-02	291657.000000	0.000000e+00
5.312546e+00	3.257818e+01	6.004513e-02	294373.000000	0.000000e+00
5.337121e+00	3.245404e+01	5.946866e-02	297825.000000	0.000000e+00
5.361672e+00	3.219057e+01	5.883338e-02	299371.000000	0.000000e+00
5.386196e+00	3.190852e+01	5.800465e-02	302613.000000	0.000000e+00
5.410715e+00	3.167760e+01	5.739365e-02	304633.000000	0.000000e+00
5.435244e+00	3.137618e+01	5.648765e-02	308527.000000	0.000000e+00
5.459823e+00	3.106463e+01	5.567164e-02	311361.000000	0.000000e+00
5.484389e+00	3.088915e+01	5.511519e-02	314101.000000	0.000000e+00
5.508889e+00	3.064936e+01	5.463032e-02	314757.000000	0.000000e+00
5.533464e+00	3.039626e+01	5.355514e-02	322135.000000	0.000000e+00
5.558036e+00	3.015620e+01	5.329873e-02	320125.000000	0.000000e+00
5.582484e+00	2.985609e+01	5.239871e-02	324657.000000	0.000000e+00
5.606956e+00	2.957474e+01	5.176369e-02	326431.000000	0.000000e+00
5.631560e+00	2.942153e+01	5.093853e-02	333609.000000	0.000000e+00
5.656168e+00	2.913557e+01	5.048946e-02	333001.000000	0.000000e+00
5.680698e+00	2.891004e+01	4.982232e-02	336705.000000	0.000000e+00
5.705204e+00	2.871903e+01	4.936589e-02	338443.000000	0.000000e+00
5.729704e+00	2.860800e+01	4.890570e-02	342181.000000	0.000000e+00
5.754232e+00	2.821884e+01	4.803229e-02	345153.000000	0.000000e+00
5.778772e+00	2.797761e+01	4.738436e-02	348619.000000	0.000000e+00
5.803342e+00	2.776544e+01	4.683665e-02	351429.000000	0.000000e+00
5.827902e+00	2.752901e+01	4.622261e-02	354709.000000	0.000000e+00
5.852409e+00	2.740733e+01	4.594673e-02	355815.000000	0.000000e+00
5.876957e+00	2.721425e+01	4.524930e-02	361717.000000	0.000000e+00
5.901534e+00	2.701874e+01	4.485435e-02	362845.000000	0.000000e+00
5.926030e+00	2.679894e+01	4.434692e-02	365181.000000	0.000000e+00
5.950548e+00	2.670725e+01	4.391553e-02	369847.000000	0.000000e+00
5.975137e+00	2.636725e+01	4.316351e-02	373161.000000	0.000000e+00
5.999657e+00	2.613818e+01	4.274707e-02	373885.000000	0.000000e+00
6.024161e+00	2.606480e+01	4.233916e-02	378987.000000	0.000000e+00
6.048714e+00	2.584174e+01	4.185057e-02	381277.000000	0.000000e+00
6.073267e+00	2.568349e+01	4.136707e-02	385477.000000	0.000000e+00
6.097868e+00	2.545488e+01	4.082092e-02	388845.000000	0.000000e+00
6.122369e+00	2.526338e+01	4.052581e-02	388615.000000	0.000000e+00
6.146867e+00	2.505080e+01	3.985441e-02	395085.000000	0.000000e+00
6.171452e+00	2.495454e+01	3.958640e-02	397381.000000	0.000000e+00
6.195974e+00	2.471616e+01	3.908599e-02	399871.000000	0.000000e+00
6.220444e+00	2.452698e+01	3.870839e-02	401493.000000	0.000000e+00
6.244986e+00	2.443220e+01	3.820625e-02	408937.000000	0.000000e+00
6.269588e+00	2.411541e+01	3.767155e-02	409791.000000	0.000000e+00
6.294124e+00	2.396502e+01	3.729012e-02	413017.000000	0.000000e+00
6.318633e+00	2.382535e+01	3.695025e-02	415761.000000	0.000000e+00
6.343202e+00	2.364316e+01	3.644468e-02	420865.000000	0.000000e+00
6.367770e+00	2.348686e+01	3.612222e-02	422767.000000	0.000000e+00
6.392288e+00	2.334939e+01	3.579861e-02	425421.000000	0.000000e+00
6.416837e+00	2.317839e+01	3.532515e-02	430525.000000	0.000000e+00
6.441383e+00	2.300768e+01	3.501565e-02	431739.000000	0.000000e+00
6.465913e+00	2.285160e+01	3.458694e-02	436525.000000	0.000000e+00
6.490433e+00	2.275923e+01	3.437507e-02	438357.000000	0.000000e+00
6.514946e+00	2.249607e+01	3.382271e-02	442381.000000	0.000000e+00
6.539518e+00	2.239163e+01	3.347037e-02	447559.000000	0.000000e+00
6.564059e+00	2.218934e+01	3.316126e-02	447741.000000	0.000000e+00
6.588587e+00	2.209347e+01	3.279490e-02	453853.000000	0.000000e+00
6.613110e+00	2.188995e+01	3.247213e-02	454431.000000	0.000000e+00
6.637622e+00	2.176095e+01	3.208614e-02	459961.000000	0.000000e+00
6.662172e+00	2.157261e+01	3.171178e-02	462769.000000	0.000000e+00
6.686693e+00	2.143942e+01	3.141467e-02	465759.000000	0.000000e+00
6.711227e+00	2.128592e+01	3.105012e-02	469957.000000	0.000000e+00
6.735777e+00	2.112115e+01	3.069490e-02	473481.000000	0.000000e+00
6.760323e+00	2.102948e+01	3.047287e-02	476245.000000	0.000000e+00
6.784855e+00	2.085188e+01	3.008760e-02	480303.000000	0.000000e+00
6.809427e+00	2.076109e+01	2.982432e-02	484573.000000	0.000000e+00
6.833979e+00	2.065654e+01	2.961552e-02	486493.000000	0.000000e+00
6.858503e+00	2.051017e+01	2.928199e-02	490611.000000	0.000000e+00
6.883055e+00	2.037029e+01	2.897447e-02	494269.000000	0.000000e+00
6.907584e+00	2.021488e+01	2.866632e-02	497277.000000	0.000000e+00
6.932134e+00	2.012360e+01	2.841124e-02	501685.000000	0.000000e+00
6.956669e+00	1.990903e+01	2.803991e-02	504135.000000	0.000000e+00
6.981221e+00	1.979232e+01	2.773794e-02	509149.000000	0.000000e+00
7.005753e+00	1.966325e+01	2.751720e-02	510625.000000	0.000000e+00
7.030233e+00	1.950816e+01	2.719867e-02	514443.000000	0.000000e+00
7.054782e+00	1.945962e+01	2.698478e-02	520033.000000	0.000000e+00
7.079343e+00	1.932207e+01	2.672332e-02	522789.000000	0.000000e+00
7.103883e+00	1.915118e+01	2.640578e-02	526009.000000	0.000000e+00
7.128424e+00	1.905832e+01	2.616689e-02	530475.000000	0.000000e+00
7.152965e+00	1.894489e+01	2.594964e-02	532993.000000	0.000000e+00
7.177501e+00	1.877565e+01	2.560909e-02	537529.000000	0.000000e+00
7.202013e+00	1.866829e+01	2.541159e-02	539691.000000	0.000000e+00
7.226577e+00	1.855678e+01	2.509881e-02	546637.000000	0.000000e+00
7.251125e+00	1.846873e+01	2.497241e-02	546957.000000	0.000000e+00
7.275651e+00	1.838295e+01	2.472795e-02	552655.000000	0.000000e+00
7.300226e+00	1.821642e+01	2.441518e-02	556681.000000	0.000000e+00
7.324759e+00	1.813612e+01	2.426791e-02	558501.000000	0.000000e+00
7.349299e+00	1.797038e+01	2.392453e-02	564193.000000	0.000000e+00
7.373825e+00	1.788024e+01	2.377593e-02	565551.000000	0.000000e+00
7.398312e+00	1.774705e+01	2.350999e-02	569833.000000	0.000000e+00
7.422892e+00	1.771072e+01	2.330784e-02	577389.000000	0.000000e+00
7.447442e+00	1.749453e+01	2.304444e-02	576331.000000	0.000000e+00
7.471956e+00	1.744425e+01	2.284929e-02	582853.000000	0.000000e+00
7.496499e+00	1.731123e+01	2.261608e-02	585897.000000	0.000000e+00
7.521014e+00	1.725752e+01	2.249337e-02	588637.000000	0.000000e+00
7.545557e+00	1.712528e+01	2.219666e-02	595251.000000	0.000000e+00
7.570086e+00	1.699683e+01	2.201911e-02	595849.000000	0.000000e+00
7.594613e+00	1.691475e+01	2.179597e-02	602253.000000	0.000000e+00
7.619172e+00	1.675834e+01	2.152998e-02	605863.000000	0.000000e+00
7.643756e+00	1.671271e+01	2.138313e-02	610873.000000	0.000000e+00
7.668263e+00	1.661915e+01	2.127249e-02	610353.000000	0.000000e+00
7.692777e+00	1.653261e+01	2.102006e-02	618607.000000	0.000000e+00
7.717371e+00	1.642288e+01	2.082042e-02	622185.000000	0.000000e+00
7.741929e+00	1.632549e+01	2.064638e-02	625237.000000	0.000000e+00
7.766457e+00	1.621566e+01	2.046184e-02	628029.000000	0.000000e+00
7.790953e+00	1.613071e+01	2.029101e-02	631975.000000	0.000000e+00
7.815489e+00	1.602401e+01	2.006885e-02	637525.000000	0.000000e+00
7.840050e+00	1.593059e+01	1.988521e-02	641805.000000	0.000000e+00
7.864588e+00	1.583476e+01	1.972694e-02	644323.000000	0.000000e+00
7.889126e+00	1.573157e+01	1.952179e-02	649389.000000	0.000000e+00
7.913643e+00	1.564963e+01	1.938551e-02	651709.000000	0.000000e+00
7.938181e+00	1.554657e+01	1.916106e-02	658309.000000	0.000000e+00
7.962760e+00	1.550770e+01	1.905107e-02	662607.000000	0.000000e+00
7.987311e+00	1.538091e+01	1.887212e-02	664237.000000	0.000000e+00
8.011811e+00	1.523869e+01	1.864251e-02	668169.000000	0.000000e+00
8.036325e+00	1.521501e+01	1.853815e-02	673615.000000	0.000000e+00
8.060868e+00	1.508676e+01	1.832710e-02	677649.000000	0.000000e+00
8.085446e+00	1.503804e+01	1.818432e-02	683893.000000	0.000000e+00
8.109989e+00	1.494612e+01	1.807301e-02	683905.000000	0.000000e+00
8.134471e+00	1.486958e+01	1.791579e-02	688851.000000	0.000000e+00
8.159038e+00	1.475920e+01	1.767614e-02	697189.000000	0.000000e+00
8.183598e+00	1.469383e+01	1.760973e-02	696249.000000	0.000000e+00
8.208073e+00	1.463399e+01	1.747356e-02	701395.000000	0.000000e+00
8.232590e+00	1.456345e+01	1.732643e-02	706497.000000	0.000000e+00
8.257144e+00	1.445515e+01	1.712756e-02	712285.000000	0.000000e+00
8.281710e+00	1.435679e+01	1.697082e-02	715663.000000	0.000000e+00
8.306271e+00	1.427699e+01	1.682493e-02	720057.000000	0.000000e+00
8.330826e+00	1.423219e+01	1.671965e-02	724585.000000	0.000000e+00
8.355374e+00	1.413212e+01	1.657156e-02	727257.000000	0.000000e+00
8.379901e+00	1.405806e+01	1.642334e-02	732703.000000	0.000000e+00
8.404418e+00	1.398160e+01	1.631037e-02	734829.000000	0.000000e+00
8.428928e+00	1.388425e+01	1.613260e-02	740689.000000	0.000000e+00
8.453504e+00	1.377821e+01	1.593118e-02	747979.000000	0.000000e+00
8.478051e+00	1.373497e+01	1.589188e-02	746973.000000	0.000000e+00
8.502580e+00	1.366962e+01	1.571793e-02	756349.000000	0.000000e+00
8.527138e+00	1.361700e+01	1.565449e-02	756633.000000	0.000000e+00
8.551634e+00	1.352172e+01	1.549418e-02	761599.000000	0.000000e+00
8.576156e+00	1.345131e+01	1.535741e-02	767173.000000	0.000000e+00
8.600697e+00	1.337513e+01	1.522990e-02	771261.000000	0.000000e+00
8.625259e+00	1.330269e+01	1.508619e-02	777535.000000	0.000000e+00
8.649836e+00	1.322334e+01	1.496641e-02	780633.000000	0.000000e+00
8.674376e+00	1.315331e+01	1.484825e-02	784729.000000	0.000000e+00
8.698927e+00	1.309422e+01	1.473451e-02	789747.000000	0.000000e+00
8.723450e+00	1.302687e+01	1.463884e-02	791893.000000	0.000000e+00
8.747957e+00	1.293672e+01	1.448474e-02	797677.000000	0.000000e+00
8.772521e+00	1.287988e+01	1.436045e-02	804429.000000	0.000000e+00
8.797047e+00	1.278860e+01	1.425773e-02	804535.000000	0.000000e+00
8.821541e+00	1.274623e+01	1.415496e-02	810861.000000	0.000000e+00
8.846076e+00	1.268776e+01	1.404279e-02	816325.000000	0.000000e+00
8.870641e+00	1.263856e+01	1.393658e-02	822399.000000	0.000000e+00
8.895170e+00	1.258786e+01	1.387979e-02	822505.000000	0.000000e+00
8.919713e+00	1.247283e+01	1.366885e-02	832657.000000	0.000000e+00
8.944263e+00	1.244011e+01	1.363951e-02	831861.000000	0.000000e+00
8.968772e+00	1.236765e+01	1.349955e-02	839335.000000	0.000000e+00
8.993334e+00	1.229993e+01	1.338293e-02	844701.000000	0.000000e+00
9.017895e+00	1.224525e+01	1.329793e-02	847945.000000	0.000000e+00
9.042430e+00	1.218619e+01	1.319518e-02	852915.000000	0.000000e+00
9.066970e+00	1.210697e+01	1.307973e-02	856789.000000	0.000000e+00
9.091538e+00	1.207505e+01	1.298392e-02	864901.000000	0.000000e+00
9.116063e+00	1.200058e+01	1.292213e-02	862455.000000	0.000000e+00
9.140573e+00	1.191459e+01	1.274830e-02	873481.000000	0.000000e+00
9.165140e+00	1.190001e+01	1.271553e-02	875841.000000	0.000000e+00
9.189653e+00	1.180912e+01	1.259752e-02	878749.000000	0.000000e+00
9.214176e+00	1.174248e+01	1.247150e-02	886507.000000	0.000000e+00
9.238722e+00	1.169158e+01	1.239906e-02	889137.000000	0.000000e+00
9.263252e+00	1.165195e+01	1.231502e-02	895213.000000	0.000000e+00
9.287810e+00	1.158371e+01	1.220581e-02	900663.000000	0.000000e+00
9.312363e+00	1.152511e+01	1.211988e-02	904261.000000	0.000000e+00
9.336898e+00	1.147853e+01	1.203861e-02	909117.000000	0.000000e+00
9.361428e+00	1.143383e+01	1.196662e-02	912937.000000	0.000000e+00
9.385969e+00	1.136775e+01	1.185163e-02	920011.000000	0.000000e+00
9.410496e+00	1.130359e+01	1.177682e-02	921249.000000	0.000000e+00
9.435027e+00	1.125633e+01	1.167211e-02	930025.000000	0.000000e+00
9.459577e+00	1.120491e+01	1.160457e-02	932307.000000	0.000000e+00
9.484080e+00	1.116078e+01	1.153663e-02	935905.000000	0.000000e+00
9.508599e+00	1.110126e+01	1.142659e-02	943869.000000	0.000000e+00
9.533177e+00	1.107836e+01	1.136936e-02	949465.000000	0.000000e+00
9.557740e+00	1.100790e+01	1.127708e-02	952831.000000	0.000000e+00
9.582283e+00	1.096583e+01	1.120556e-02	957669.000000	0.000000e+00
9.606825e+00	1.089779e+01	1.110848e-02	962425.000000	0.000000e+00
9.631356e+00	1.086621e+01	1.105001e-02	967011.000000	0.000000e+00
9.655881e+00	1.080635e+01	1.096468e-02	971329.000000	0.000000e+00
9.680426e+00	1.075197e+01	1.086803e-02	978757.000000	0.000000e+00
9.704942e+00	1.071355e+01	1.082831e-02	978915.000000	0.000000e+00
9.729497e+00	1.064843e+01	1.069358e-02	991573.000000	0.000000e+00
9.754046e+00	1.061185e+01	1.067057e-02	989025.000000	0.000000e+00
9.778535e+00	1.054255e+01	1.056535e-02	995689.000000	0.000000e+00
9.803103e+00	1.050507e+01	1.047158e-02	1006407.000000	0.000000e+00
9.827649e+00	1.046831e+01	1.045110e-02	1003297.000000	0.000000e+00
9.852180e+00	1.041875e+01	1.033856e-02	1015573.000000	0.000000e+00
9.876731e+00	1.037499e+01	1.029726e-02	1015155.000000	0.000000e+00
9.901284e+00	1.031603e+01	1.018883e-02	1025125.000000	0.000000e+00
9.925835e+00	1.027165e+01	1.013955e-02	1026225.000000	0.000000e+00
9.950350e+00	1.022282e+01	1.006606e-02	1031389.000000	0.000000e+00
9.974902e+00	1.018475e+01	9.986708e-03	1040055.000000	0.000000e+00
9.999429e+00	1.014437e+01	9.952233e-03	1038985.000000	0.000000e+00
1.002392e+01	1.009225e+01	9.859964e-03	1047673.000000	0.000000e+00
1.004849e+01	1.007764e+01	9.809285e-03	1055463.000000	0.000000e+00
1.007303e+01	1.002758e+01	9.757299e-03	1056169.000000	0.000000e+00
1.009756e+01	9.973494e+00	9.666648e-03	1064493.000000	0.000000e+00
1.012209e+01	9.932418e+00	9.617310e-03	1066603.000000	0.000000e+00
1.014664e+01	9.897922e+00	9.540792e-03	1076265.000000	0.000000e+00
1.017120e+01	9.851361e+00	9.486589e-03	1078381.000000	0.000000e+00
1.019572e+01	9.806371e+00	9.425608e-03	1082425.000000	0.000000e+00
1.022025e+01	9.780656e+00	9.366214e-03	1090455.000000	0.000000e+00
1.024479e+01	9.742260e+00	9.316647e-03	1093453.000000	0.000000e+00
1.026933e+01	9.690292e+00	9.237916e-03	1100337.000000	0.000000e+00
1.029386e+01	9.651547e+00	9.184675e-03	1104247.000000	0.000000e+00
1.031842e+01	9.612314e+00	9.114785e-03	1112149.000000	0.000000e+00
1.034296e+01	9.587223e+00	9.079946e-03	1114857.000000	0.000000e+00
1.036749e+01	9.557687e+00	9.031032e-03	1120033.000000	0.000000e+00
1.039203e+01	9.514355e+00	8.959702e-03	1127643.000000	0.000000e+00
1.041655e+01	9.483759e+00	8.928142e-03	1128337.000000	0.000000e+00
1.044111e+01	9.436694e+00	8.831966e-03	1141629.000000	0.000000e+00
1.046570e+01	9.396882e+00	8.792725e-03	1142143.000000	0.000000e+00
1.049021e+01	9.352027e+00	8.740315e-03	1144873.000000	0.000000e+00
1.051473e+01	9.319638e+00	8.674897e-03	1154169.000000	0.000000e+00
1.053925e+01	9.295295e+00	8.649054e-03	1155019.000000	0.000000e+00
1.056380e+01	9.255857e+00	8.563819e-03	1168149.000000	0.000000e+00
1.058835e+01	9.229574e+00	8.545019e-03	1166641.000000	0.000000e+00
1.061283e+01	9.178863e+00	8.483002e-03	1170789.000000	0.000000e+00
1.063739e+01	9.155677e+00	8.408105e-03	1185727.000000	0.000000e+00
1.066197e+01	9.120481e+00	8.381659e-03	1184065.000000	0.000000e+00
1.068650e+01	9.103756e+00	8.340267e-03	1191465.000000	0.000000e+00
1.071103e+01	9.053549e+00	8.283730e-03	1194499.000000	0.000000e+00
1.073555e+01	9.026551e+00	8.233461e-03	1201929.000000	0.000000e+00
1.076011e+01	9.003656e+00	8.186776e-03	1209517.000000	0.000000e+00
1.078466e+01	8.973769e+00	8.149796e-03	1212429.000000	0.000000e+00
1.080918e+01	8.940078e+00	8.104299e-03	1216891.000000	0.000000e+00
1.083370e+01	8.902082e+00	8.050647e-03	1222705.000000	0.000000e+00
1.085823e+01	8.877533e+00	8.002426e-03	1230669.000000	0.000000e+00
1.088282e+01	8.834797e+00	7.936484e-03	1239187.000000	0.000000e+00
1.090737e+01	8.824364e+00	7.931830e-03	1237713.000000	0.000000e+00
1.093189e+01	8.774514e+00	7.858377e-03	1246753.000000	0.000000e+00
1.095642e+01	8.755009e+00	7.829950e-03	1250245.000000	0.000000e+00
1.098096e+01	8.735921e+00	7.782234e-03	1260111.000000	0.000000e+00
1.100552e+01	8.706577e+00	7.750456e-03	1261945.000000	0.000000e+00
1.103005e+01	8.666953e+00	7.694734e-03	1268661.000000	0.000000e+00
1.105458e+01	8.646388e+00	7.660125e-03	1274083.000000	0.000000e+00
1.107911e+01	8.619889e+00	7.620725e-03	1279413.000000	0.000000e+00
1.110366e+01	8.596635e+00	7.576457e-03	1287433.000000	0.000000e+00
1.112821e+01	8.570296e+00	7.542407e-03	1291135.000000	0.000000e+00
1.115273e+01	8.536926e+00	7.500253e-03	1295541.000000	0.000000e+00
1.117726e+01	8.523125e+00	7.466845e-03	1302937.000000	0.000000e+00
1.120181e+01	8.492398e+00	7.420859e-03	1309641.000000	0.000000e+00
1.122634e+01	8.467840e+00	7.391621e-03	1312399.000000	0.000000e+00
1.125085e+01	8.469698e+00	7.375254e-03	1318809.000000	0.000000e+00
1.127541e+01	8.419799e+00	7.302020e-03	1329589.000000	0.000000e+00
1.129999e+01	8.407363e+00	7.285402e-03	1331719.000000	0.000000e+00
1.132451e+01	8.392212e+00	7.262719e-03	1335225.000000	0.000000e+00
1.134903e+01	8.365563e+00	7.216819e-03	1343689.000000	0.000000e+00
1.137357e+01	8.349347e+00	7.190841e-03	1348173.000000	0.000000e+00
1.139811e+01	8.332984e+00	7.155355e-03	1356247.000000	0.000000e+00
1.142265e+01	8.304346e+00	7.123828e-03	1358889.000000	0.000000e+00
1.144718e+01	8.295688e+00	7.094684e-03	1367221.000000	0.000000e+00
1.147174e+01	8.268809e+00	7.054120e-03	1374043.000000	0.000000e+00
1.149628e+01	8.246653e+00	7.026964e-03	1377273.000000	0.000000e+00
1.152079e+01	8.235754e+00	7.007173e-03	1381405.000000	0.000000e+00
1.154533e+01	8.204789e+00	6.951656e-03	1393023.000000	0.000000e+00
1.156988e+01	8.188322e+00	6.935529e-03	1393897.000000	0.000000e+00
1.159441e+01	8.182183e+00	6.908004e-03	1402921.000000	0.000000e+00
1.161895e+01	8.148972e+00	6.868265e-03	1407705.000000	0.000000e+00
1.164349e+01	8.137633e+00	6.842981e-03	1414183.000000	0.000000e+00
1.166804e+01	8.122137e+00	6.816452e-03	1419789.000000	0.000000e+00
1.169259e+01	8.108612e+00	6.787075e-03	1427341.000000	0.000000e+00
1.171712e+01	8.103344e+00	6.779014e-03	1428879.000000	0.000000e+00
1.174164e+01	8.057975e+00	6.719066e-03	1438249.000000	0.000000e+00
1.176619e+01	8.071356e+00	6.713635e-03	1445365.000000	0.000000e+00
1.179072e+01	8.039048e+00	6.683858e-03	1446621.000000	0.000000e+00
1.181525e+01	8.028668e+00	6.650399e-03	1457443.000000	0.000000e+00
1.183979e+01	8.012526e+00	6.628815e-03	1461057.000000	0.000000e+00
1.186435e+01	8.003821e+00	6.601330e-03	1470049.000000	0.000000e+00
1.188889e+01	7.998281e+00	6.589231e-03	1473411.000000	0.000000e+00
1.191343e+01	7.985289e+00	6.564060e-03	1479913.000000	0.000000e+00
1.193797e+01	7.987822e+00	6.550941e-03	1486789.000000	0.000000e+00
1.196251e+01	7.963754e+00	6.520471e-03	1491687.000000	0.000000e+00
1.198703e+01	7.952777e+00	6.499630e-03	1497133.000000	0.000000e+00
1.201156e+01	7.941081e+00	6.472955e-03	1505061.000000	0.000000e+00
1.203612e+01	7.940431e+00	6.458656e-03	1511485.000000	0.000000e+00
1.206065e+01	7.921075e+00	6.434484e-03	1515447.000000	0.000000e+00
1.208515e+01	7.921426e+00	6.425495e-03	1519825.000000	0.000000e+00
1.210971e+01	7.905648e+00	6.379463e-03	1535701.000000	0.000000e+00
1.213428e+01	7.905526e+00	6.386951e-03	1532055.000000	0.000000e+00
1.215881e+01	7.891264e+00	6.348539e-03	1545061.000000	0.000000e+00
1.218336e+01	7.879049e+00	6.337588e-03	1545609.000000	0.000000e+00
1.220787e+01	7.887140e+00	6.330121e-03	1552441.000000	0.000000e+00
1.223242e+01	7.883740e+00	6.304251e-03	1563859.000000	0.000000e+00
1.225696e+01	7.877889e+00	6.300148e-03	1563573.000000	0.000000e+00
1.228148e+01	7.878238e+00	6.280281e-03	1573621.000000	0.000000e+00
1.230602e+01	7.876818e+00	6.269066e-03	1578687.000000	0.000000e+00
1.233056e+01	7.870388e+00	6.250236e-03	1585621.000000	0.000000e+00
1.235512e+01	7.870738e+00	6.231663e-03	1595229.000000	0.000000e+00
1.237965e+01	7.861022e+00	6.227665e-03	1593337.000000	0.000000e+00
1.240419e+01	7.861684e+00	6.196362e-03	1609747.000000	0.000000e+00
1.242874e+01	7.861000e+00	6.200860e-03	1607133.000000	0.000000e+00
1.245325e+01	7.865321e+00	6.186662e-03	1616293.000000	0.000000e+00
1.247780e+01	7.858292e+00	6.159605e-03	1627611.000000	0.000000e+00
1.250235e+01	7.871292e+00	6.172006e-03	1626445.000000	0.000000e+00
1.252688e+01	7.872239e+00	6.148939e-03	1639065.000000	0.000000e+00
1.255143e+01	7.879023e+00	6.149427e-03	1641631.000000	0.000000e+00
1.257596e+01	7.879056e+00	6.142947e-03	1645109.500000	0.000000e+00
1.260049e+01	7.848989e+00	6.124823e-03	1642254.000000	0.000000e+00
1.262503e+01	7.827959e+00	6.114227e-03	1639132.000000	0.000000e+00
1.264958e+01	7.805182e+00	6.100565e-03	1636914.000000	0.000000e+00
1.267411e+01	7.780755e+00	6.093079e-03	1630684.000000	0.000000e+00
1.269864e+01	7.751273e+00	6.073647e-03	1628722.000000	0.000000e+00
1.272316e+01	7.723362e+00	6.059782e-03	1624422.000000	0.000000e+00
1.274773e+01	7.711823e+00	6.045431e-03	1627270.000000	0.000000e+00
1.277225e+01	7.687616e+00	6.054668e-03	1612140.000000	0.000000e+00
1.279677e+01	7.664024e+00	6.022211e-03	1619578.000000	0.000000e+00
1.282133e+01	7.650274e+00	6.029242e-03	1610010.000000	0.000000e+00
1.284587e+01	7.623729e+00	6.007027e-03	1610704.000000	0.000000e+00
1.287043e+01	7.598251e+00	5.997091e-03	1605262.000000	0.000000e+00
1.289495e+01	7.580929e+00	5.994450e-03	1599360.000000	0.000000e+00
1.291951e+01	7.569680e+00	5.980748e-03	1601932.000000	0.000000e+00
1.294403e+01	7.543939e+00	5.985399e-03	1588584.000000	0.000000e+00
1.296853e+01	7.531096e+00	5.969444e-03	1591654.000000	0.000000e+00
1.299309e+01	7.496423e+00	5.946868e-03	1589028.000000	0.000000e+00
1.301763e+01	7.475521e+00	5.944798e-03	1581280.000000	0.000000e+00
1.304217e+01	7.452567e+00	5.926982e-03	1581046.000000	0.000000e+00
1.306670e+01	7.448325e+00	5.935058e-03	1574952.000000	0.000000e+00
1.309123e+01	7.437508e+00	5.933023e-03	1571458.000000	0.000000e+00
1.311579e+01	7.413818e+00	5.914607e-03	1571202.000000	0.000000e+00
1.314034e+01	7.401355e+00	5.917313e-03	1564492.000000	0.000000e+00
1.316488e+01	7.377245e+00	5.905353e-03	1560618.000000	0.000000e+00
1.318940e+01	7.348458e+00	5.891154e-03	1555936.000000	0.000000e+00
1.321393e+01	7.346841e+00	5.896785e-03	1552282.000000	0.000000e+00
1.323848e+01	7.312651e+00	5.870225e-03	1551816.000000	0.000000e+00
1.326302e+01	7.301224e+00	5.878115e-03	1542820.000000	0.000000e+00
1.328757e+01	7.283856e+00	5.861040e-03	1544448.000000	0.000000e+00
1.331210e+01	7.267399e+00	5.866382e-03	1534678.000000	0.000000e+00
1.333662e+01	7.233061e+00	5.841325e-03	1533280.000000	0.000000e+00
1.336117e+01	7.226508e+00	5.840225e-03	1531080.000000	0.000000e+00
1.338570e+01	7.204742e+00	5.837848e-03	1523110.000000	0.000000e+00
1.341022e+01	7.189457e+00	5.829042e-03	1521240.000000	0.000000e+00
1.343476e+01	7.172859e+00	5.823945e-03	1516876.000000	0.000000e+00
1.345932e+01	7.155272e+00	5.812099e-03	1515606.000000	0.000000e+00
1.348389e+01	7.143868e+00	5.811508e-03	1511086.000000	0.000000e+00
1.350843e+01	7.112896e+00	5.802520e-03	1502656.000000	0.000000e+00
1.353293e+01	7.105306e+00	5.803908e-03	1498734.000000	0.000000e+00
1.355748e+01	7.087424e+00	5.789710e-03	1498522.000000	0.000000e+00
1.358203e+01	7.071535e+00	5.789910e-03	1491708.000000	0.000000e+00
1.360658e+01	7.057186e+00	5.782283e-03	1489582.000000	0.000000e+00
1.363111e+01	7.042760e+00	5.787690e-03	1480728.000000	0.000000e+00
1.365563e+01	7.032078e+00	5.779208e-03	1480576.000000	0.000000e+00
1.368019e+01	7.012347e+00	5.772181e-03	1475866.000000	0.000000e+00
1.370473e+01	7.001527e+00	5.775658e-03	1469544.000000	0.000000e+00
1.372924e+01	6.977466e+00	5.766997e-03	1463848.000000	0.000000e+00
1.375380e+01	6.965713e+00	5.750848e-03	1467126.000000	0.000000e+00
1.377836e+01	6.960072e+00	5.770946e-03	1454566.000000	0.000000e+00
1.380287e+01	6.934819e+00	5.755859e-03	1451610.000000	0.000000e+00
1.382737e+01	6.913212e+00	5.749407e-03	1445818.000000	0.000000e+00
1.385191e+01	6.908874e+00	5.745406e-03	1446016.000000	0.000000e+00
1.387648e+01	6.898103e+00	5.747761e-03	1440330.000000	0.000000e+00
1.390103e+01	6.875688e+00	5.737231e-03	1436242.000000	0.000000e+00
1.392557e+01	6.863199e+00	5.743361e-03	1427976.000000	0.000000e+00
1.395012e+01	6.854215e+00	5.733968e-03	1428910.000000	0.000000e+00
1.397464e+01	6.849939e+00	5.757642e-03	1415416.000000	0.000000e+00
1.399917e+01	6.813760e+00	5.716720e-03	1420626.000000	0.000000e+00
1.402372e+01	6.822583e+00	5.748738e-03	1408486.000000	0.000000e+00
1.404824e+01	6.804311e+00	5.736296e-03	1407036.000000	0.000000e+00
1.407278e+01	6.789823e+00	5.733483e-03	1402426.000000	0.000000e+00
1.409731e+01	6.774637e+00	5.735100e-03	1395372.000000	0.000000e+00
1.412183e+01	6.763978e+00	5.731900e-03	1392538.000000	0.000000e+00
1.414639e+01	6.749415e+00	5.724099e-03	1390330.000000	0.000000e+00
1.417094e+01	6.740340e+00	5.736699e-03	1380510.000000	0.000000e+00
1.419546e+01	6.724937e+00	5.726319e-03	1379194.000000	0.000000e+00
1.422001e+01	6.713008e+00	5.730297e-03	1372398.000000	0.000000e+00
1.424455e+01	6.702326e+00	5.727948e-03	1369156.000000	0.000000e+00
1.426908e+01	6.698695e+00	5.742294e-03	1360848.000000	0.000000e+00
1.429362e+01	6.683335e+00	5.728967e-03	1360924.000000	0.000000e+00
1.431818e+01	6.672772e+00	5.737748e-03	1352476.000000	0.000000e+00
1.434273e+01	6.667546e+00	5.739224e-03	1349664.000000	0.000000e+00
1.436724e+01	6.662332e+00	5.757978e-03	1338790.000000	0.000000e+00
1.439177e+01	6.652730e+00	5.742538e-03	1342122.000000	0.000000e+00
1.441633e+01	6.635166e+00	5.750812e-03	1331206.000000	0.000000e+00
1.444087e+01	6.620654e+00	5.742942e-03	1329024.000000	0.000000e+00
1.446541e+01	6.622214e+00	5.759793e-03	1321882.000000	0.000000e+00
1.448996e+01	6.605503e+00	5.750795e-03	1319338.000000	0.000000e+00
1.451448e+01	6.596113e+00	5.765472e-03	1308900.000000	0.000000e+00
1.453902e+01	6.590311e+00	5.757714e-03	1310122.000000	0.000000e+00
1.456356e+01	6.569829e+00	5.762383e-03	1299882.000000	0.000000e+00
1.458809e+01	6.573184e+00	5.773237e-03	1296322.000000	0.000000e+00
1.461262e+01	6.560237e+00	5.771182e-03	1292140.000000	0.000000e+00
1.463716e+01	6.547818e+00	5.777568e-03	1284408.000000	0.000000e+00
1.466171e+01	6.544092e+00	5.777079e-03	1283164.000000	0.000000e+00
1.468625e+01	6.536357e+00	5.791994e-03	1273548.000000	0.000000e+00
1.471078e+01	6.534064e+00	5.798360e-03	1269862.000000	0.000000e+00
1.473534e+01	6.515695e+00	5.788471e-03	1267050.000000	0.000000e+00
1.475987e+01	6.509987e+00	5.810154e-03	1255408.000000	0.000000e+00
1.478439e+01	6.506455e+00	5.806878e-03	1255462.000000	0.000000e+00
1.480894e+01	6.500185e+00	5.821398e-03	1246800.000000	0.000000e+00
1.483348e+01	6.481030e+00	5.810067e-03	1244302.000000	0.000000e+00
1.485802e+01	6.478519e+00	5.829354e-03	1235124.000000	0.000000e+00
1.488256e+01	6.471760e+00	5.828220e-03	1233028.000000	0.000000e+00
1.490708e+01	6.458609e+00	5.840867e-03	1222710.000000	0.000000e+00
1.493162e+01	6.458589e+00	5.842530e-03	1222006.000000	0.000000e+00
1.495618e+01	6.457910e+00	5.856904e-03	1215760.000000	0.000000e+00
1.498071e+01	6.445087e+00	5.866821e-03	1206846.000000	0.000000e+00
1.500525e+01	6.440263e+00	5.868243e-03	1204456.000000	0.000000e+00
1.502980e+01	6.439641e+00	5.884330e-03	1197648.000000	0.000000e+00
1.505434e+01	6.420571e+00	5.884224e-03	1190608.000000	0.000000e+00
1.507886e+01	6.427235e+00	5.901520e-03	1186098.000000	0.000000e+00
1.510342e+01	6.423467e+00	5.910261e-03	1181206.000000	0.000000e+00
1.512796e+01	6.399301e+00	5.909332e-03	1172704.000000	0.000000e+00
1.515246e+01	6.412194e+00	5.934622e-03	1167420.000000	0.000000e+00
1.517700e+01	6.397614e+00	5.931767e-03	1163236.000000	0.000000e+00
1.520157e+01	6.396363e+00	5.940969e-03	1159182.000000	0.000000e+00
1.522611e+01	6.389048e+00	5.964076e-03	1147588.000000	0.000000e+00
1.525063e+01	6.393647e+00	5.971836e-03	1146256.000000	0.000000e+00
1.527518e+01	6.378385e+00	5.979194e-03	1137984.000000	0.000000e+00
1.529972e+01	6.381666e+00	5.995344e-03	1133026.000000	0.000000e+00
1.532424e+01	6.381956e+00	6.015859e-03	1125414.000000	0.000000e+00
1.534877e+01	6.370880e+00	6.017161e-03	1121026.000000	0.000000e+00
1.537332e+01	6.372241e+00	6.033734e-03	1115352.000000	0.000000e+00
1.539786e+01	6.357064e+00	6.039939e-03	1107766.000000	0.000000e+00
1.542240e+01	6.367753e+00	6.061466e-03	1103614.000000	0.000000e+00
1.544694e+01	6.369887e+00	6.086416e-03	1095318.000000	0.000000e+00
1.547149e+01	6.360948e+00	6.089868e-03	1091008.000000	0.000000e+00
1.549603e+01	6.362805e+00	6.111096e-03	1084074.000000	0.000000e+00
1.552054e+01	6.357632e+00	6.134242e-03	1074160.000000	0.000000e+00
1.554506e+01	6.362047e+00	6.141121e-03	1073244.000000	0.000000e+00
1.556963e+01	6.354302e+00	6.152840e-03	1066558.000000	0.000000e+00
1.559418e+01	6.343006e+00	6.166914e-03	1057924.000000	0.000000e+00
1.561873e+01	6.344592e+00	6.179782e-03	1054050.000000	0.000000e+00
1.564327e+01	6.359442e+00	6.223136e-03	1044286.000000	0.000000e+00
1.566780e+01	6.351327e+00	6.223185e-03	1041606.000000	0.000000e+00
1.569233e+01	6.355047e+00	6.259390e-03	1030798.000000	0.000000e+00
1.571685e+01	6.354214e+00	6.268446e-03	1027552.000000	0.000000e+00
1.574141e+01	6.345191e+00	6.278558e-03	1021338.000000	0.000000e+00
1.576595e+01	6.340743e+00	6.298875e-03	1013338.000000	0.000000e+00
1.579049e+01	6.358117e+00	6.332252e-03	1008186.000000	0.000000e+00
1.581502e+01	6.344387e+00	6.346310e-03	999394.000000	0.000000e+00
1.583955e+01	6.362529e+00	6.379463e-03	994698.000000	0.000000e+00
1.586407e+01	6.354866e+00	6.396373e-03	987064.000000	0.000000e+00
1.588861e+01	6.354040e+00	6.415127e-03	981046.000000	0.000000e+00
1.591315e+01	6.359287e+00	6.439052e-03	975378.000000	0.000000e+00
1.593770e+01	6.352976e+00	6.456983e-03	968044.000000	0.000000e+00
1.596225e+01	6.370430e+00	6.496759e-03	961488.000000	0.000000e+00
1.598677e+01	6.375834e+00	6.530170e-03	953290.000000	0.000000e+00
1.601131e+01	6.384319e+00	6.553388e-03	949068.000000	0.000000e+00
1.603586e+01	6.368030e+00	6.564749e-03	940966.000000	0.000000e+00
1.606040e+01	6.382937e+00	6.604482e-03	934036.000000	0.000000e+00
1.608493e+01	6.385650e+00	6.630043e-03	927636.000000	0.000000e+00
1.610947e+01	6.391894e+00	6.664720e-03	919804.000000	0.000000e+00
1.613400e+01	6.403418e+00	6.697953e-03	913986.000000	0.000000e+00
1.615854e+01	6.399184e+00	6.717164e-03	907564.000000	0.000000e+00
1.618310e+01	6.407085e+00	6.751860e-03	900480.000000	0.000000e+00
1.620765e+01	6.419143e+00	6.791280e-03	893410.000000	0.000000e+00
1.623216e+01	6.415068e+00	6.825375e-03	883384.000000	0.000000e+00
1.625669e+01	6.416028e+00	6.835704e-03	880980.000000	0.000000e+00
1.628123e+01	6.433604e+00	6.892637e-03	871240.000000	0.000000e+00
1.630580e+01	6.427015e+00	6.900723e-03	867420.000000	0.000000e+00
1.633036e+01	6.443830e+00	6.958609e-03	857518.000000	0.000000e+00
1.635486e+01	6.455589e+00	7.007711e-03	848632.000000	0.000000e+00
1.637939e+01	6.458377e+00	7.023253e-03	845610.000000	0.000000e+00
1.640395e+01	6.466007e+00	7.070472e-03	836326.000000	0.000000e+00
1.642848e+01	6.472877e+00	7.107894e-03	829302.000000	0.000000e+00
1.645298e+01	6.486108e+00	7.160612e-03	820480.000000	0.000000e+00
1.647753e+01	6.481174e+00	7.170300e-03	817020.000000	0.000000e+00
1.650209e+01	6.483271e+00	7.210885e-03	808372.000000	0.000000e+00
1.652660e+01	6.498621e+00	7.273502e-03	798280.000000	0.000000e+00
1.655114e+01	6.517395e+00	7.306598e-03	795642.000000	0.000000e+00
1.657571e+01	6.503436e+00	7.334309e-03	786262.000000	0.000000e+00
1.660025e+01	6.523249e+00	7.396202e-03	777876.000000	0.000000e+00
1.662478e+01	6.539968e+00	7.441301e-03	772420.000000	0.000000e+00
1.664931e+01	6.534543e+00	7.483700e-03	762426.000000	0.000000e+00
1.667386e+01	6.566874e+00	7.538347e-03	758866.000000	0.000000e+00
1.669842e+01	6.577247e+00	7.603464e-03	748282.000000	0.000000e+00
1.672293e+01	6.573291e+00	7.636942e-03	740844.000000	0.000000e+00
1.674748e+01	6.586336e+00	7.677551e-03	735940.000000	0.000000e+00
1.677204e+01	6.592121e+00	7.737487e-03	725856.000000	0.000000e+00
1.679655e+01	6.613899e+00	7.801915e-03	718642.000000	0.000000e+00
1.682107e+01	6.616653e+00	7.843788e-03	711582.000000	0.000000e+00
1.684563e+01	6.638403e+00	7.907513e-03	704770.000000	0.000000e+00
1.687018e+01	6.644059e+00	7.958926e-03	696880.000000	0.000000e+00
1.689472e+01	6.650786e+00	8.018852e-03	687894.000000	0.000000e+00
1.691924e+01	6.667231e+00	8.074655e-03	681778.000000	0.000000e+00
1.694378e+01	6.677750e+00	8.142931e-03	672510.000000	0.000000e+00
1.696830e+01	6.693575e+00	8.202923e-03	665854.000000	0.000000e+00
1.699283e+01	6.696335e+00	8.257546e-03	657616.000000	0.000000e+00
1.701740e+01	6.705485e+00	8.305766e-03	651780.000000	0.000000e+00
1.704195e+01	6.715089e+00	8.380555e-03	642034.000000	0.000000e+00
1.706646e+01	6.727403e+00	8.455382e-03	633036.000000	0.000000e+00
1.709097e+01	6.757690e+00	8.529310e-03	627724.000000	0.000000e+00
1.711553e+01	6.761527e+00	8.592443e-03	619236.000000	0.000000e+00
1.714008e+01	6.769544e+00	8.661764e-03	610810.000000	0.000000e+00
1.716463e+01	6.774913e+00	8.711872e-03	604762.000000	0.000000e+00
1.718918e+01	6.785647e+00	8.806189e-03	593754.000000	0.000000e+00
1.721369e+01	6.818464e+00	8.893844e-03	587752.000000	0.000000e+00
1.723823e+01	6.791400e+00	8.926815e-03	578796.000000	0.000000e+00
1.726278e+01	6.827904e+00	9.028507e-03	571930.000000	0.000000e+00
1.728731e+01	6.800034e+00	9.063039e-03	562956.000000	0.000000e+00
1.731188e+01	6.839657e+00	9.171457e-03	556150.000000	0.000000e+00
1.733641e+01	6.836192e+00	9.248795e-03	546334.000000	0.000000e+00
1.736091e+01	6.841622e+00	9.331079e-03	537594.000000	0.000000e+00
1.738543e+01	6.863743e+00	9.407155e-03	532360.000000	0.000000e+00
1.741000e+01	6.860670e+00	9.495903e-03	521988.000000	0.000000e+00
1.743456e+01	6.888345e+00	9.590336e-03	515896.000000	0.000000e+00
1.745909e+01	6.864302e+00	9.656411e-03	505314.000000	0.000000e+00
1.748363e+01	6.870846e+00	9.729910e-03	498658.000000	0.000000e+00
1.750818e+01	6.850562e+00	9.785859e-03	490066.000000	0.000000e+00
1.753269e+01	6.871673e+00	9.918715e-03	479970.000000	0.000000e+00
1.755722e+01	6.873958e+00	9.979713e-03	474436.000000	0.000000e+00
1.758176e+01	6.856740e+00	1.006626e-02	463980.000000	0.000000e+00
1.760629e+01	6.858196e+00	1.014739e-02	456784.000000	0.000000e+00
1.763083e+01	6.882282e+00	1.027818e-02	448366.000000	0.000000e+00
1.765539e+01	6.835147e+00	1.030552e-02	439902.000000	0.000000e+00
1.767993e+01	6.837864e+00	1.041363e-02	431158.000000	0.000000e+00
1.770446e+01	6.847222e+00	1.053072e-02	422778.000000	0.000000e+00
1.772897e+01	6.824359e+00	1.061158e-02	413584.000000	0.000000e+00
1.775351e+01	6.792707e+00	1.065415e-02	406488.000000	0.000000e+00
1.777808e+01	6.756604e+00	1.071324e-02	397754.500000	0.000000e+00
1.780261e+01	6.755939e+00	1.082998e-02	389149.000000	0.000000e+00
1.782713e+01	6.757915e+00	1.093123e-02	382197.000000	0.000000e+00
1.785169e+01	6.730015e+00	1.098088e-02	375628.000000	0.000000e+00
1.787623e+01	6.741901e+00	1.111744e-02	367752.000000	0.000000e+00
1.790076e+01	6.734411e+00	1.119424e-02	361918.000000	0.000000e+00
1.792530e+01	6.713427e+00	1.126544e-02	355134.000000	0.000000e+00
1.794985e+01	6.719730e+00	1.138011e-02	348667.000000	0.000000e+00
1.797440e+01	6.737386e+00	1.150464e-02	342955.000000	0.000000e+00
1.799891e+01	6.718272e+00	1.159488e-02	335724.000000	0.000000e+00
1.802344e+01	6.715838e+00	1.167247e-02	331036.000000	0.000000e+00
1.804802e+01	6.731891e+00	1.180075e-02	325428.000000	0.000000e+00
1.807255e+01	6.722689e+00	1.191672e-02	318253.000000	0.000000e+00
1.809707e+01	6.719857e+00	1.199139e-02	314037.000000	0.000000e+00
1.812164e+01	6.745613e+00	1.215181e-02	308149.000000	0.000000e+00
1.814617e+01	6.711158e+00	1.220701e-02	302257.000000	0.000000e+00
1.817068e+01	6.745631e+00	1.237539e-02	297117.000000	0.000000e+00
1.819523e+01	6.759294e+00	1.249484e-02	292645.000000	0.000000e+00
1.821979e+01	6.757029e+00	1.261189e-02	287046.000000	0.000000e+00
1.824431e+01	6.771405e+00	1.276649e-02	281329.000000	0.000000e+00
1.826883e+01	6.742043e+00	1.280300e-02	277306.000000	0.000000e+00
1.829337e+01	6.771333e+00	1.297862e-02	272202.000000	0.000000e+00
1.831793e+01	6.793811e+00	1.313030e-02	267718.000000	0.000000e+00
1.834250e+01	6.789116e+00	1.323897e-02	262977.000000	0.000000e+00
1.836701e+01	6.785867e+00	1.338378e-02	257071.000000	0.000000e+00
1.839152e+01	6.773037e+00	1.344571e-02	253746.000000	0.000000e+00
1.841609e+01	6.787138e+00	1.359468e-02	249250.000000	0.000000e+00
1.844064e+01	6.818174e+00	1.379807e-02	244174.000000	0.000000e+00
1.846515e+01	6.800187e+00	1.387822e-02	240090.000000	0.000000e+00
1.848971e+01	6.784172e+00	1.396503e-02	235999.000000	0.000000e+00
1.851428e+01	6.826967e+00	1.418026e-02	231786.000000	0.000000e+00
1.853881e+01	6.823539e+00	1.431991e-02	227059.000000	0.000000e+00
1.856328e+01	6.834147e+00	1.449234e-02	222378.000000	0.000000e+00
1.858784e+01	6.852877e+00	1.460391e-02	220195.000000	0.000000e+00
1.861244e+01	6.868832e+00	1.481363e-02	215002.000000	0.000000e+00
1.863693e+01	6.874589e+00	1.498244e-02	210537.000000	0.000000e+00
1.866143e+01	6.874867e+00	1.510063e-02	207271.000000	0.000000e+00
1.868601e+01	6.868435e+00	1.521178e-02	203871.000000	0.000000e+00
1.871055e+01	6.904303e+00	1.546721e-02	199258.000000	0.000000e+00
1.873503e+01	6.944077e+00	1.571191e-02	195331.000000	0.000000e+00
1.875958e+01	6.894817e+00	1.569686e-02	192939.000000	0.000000e+00
1.878417e+01	6.949629e+00	1.601131e-02	188395.000000	0.000000e+00
1.880870e+01	6.961909e+00	1.618685e-02	184983.000000	0.000000e+00
1.883322e+01	6.937102e+00	1.629582e-02	181219.000000	0.000000e+00
1.885775e+01	6.980862e+00	1.655186e-02	177879.000000	0.000000e+00
1.888231e+01	6.981048e+00	1.670552e-02	174631.000000	0.000000e+00
1.890684e+01	7.004698e+00	1.694414e-02	170899.000000	0.000000e+00
1.893134e+01	7.023035e+00	1.716252e-02	167451.000000	0.000000e+00
1.895590e+01	7.023421e+00	1.729702e-02	164875.000000	0.000000e+00
1.898046e+01	7.075514e+00	1.764127e-02	160863.000000	0.000000e+00
1.900495e+01	7.085806e+00	1.784889e-02	157600.000000	0.000000e+00
1.902946e+01	7.052506e+00	1.792200e-02	154851.000000	0.000000e+00
1.905406e+01	7.146039e+00	1.832203e-02	152119.000000	0.000000e+00
1.907863e+01	7.132295e+00	1.851383e-02	148411.000000	0.000000e+00
1.910311e+01	7.156606e+00	1.879793e-02	144942.000000	0.000000e+00
1.912765e+01	7.155911e+00	1.892178e-02	143023.000000	0.000000e+00
1.915226e+01	7.210500e+00	1.929438e-02	139659.000000	0.000000e+00
1.917678e+01	7.241039e+00	1.961772e-02	136240.000000	0.000000e+00
1.920124e+01	7.289474e+00	1.995664e-02	133419.000000	0.000000e+00
1.922581e+01	7.236691e+00	1.996414e-02	131395.000000	0.000000e+00
1.925040e+01	7.306909e+00	2.042950e-02	127924.000000	0.000000e+00
1.927489e+01	7.305961e+00	2.066281e-02	125019.000000	0.000000e+00
1.929941e+01	7.324557e+00	2.090581e-02	122752.000000	0.000000e+00
1.932402e+01	7.388268e+00	2.129909e-02	120327.000000	0.000000e+00
1.934855e+01	7.403225e+00	2.167430e-02	116668.000000	0.000000e+00
1.937298e+01	7.432600e+00	2.199196e-02	114223.000000	0.000000e+00
1.939755e+01	7.413442e+00	2.207408e-02	112791.000000	0.000000e+00
1.942217e+01	7.459728e+00	2.256259e-02	109312.000000	0.000000e+00
1.944667e+01	7.477355e+00	2.286749e-02	106920.000000	0.000000e+00
1.947113e+01	7.536720e+00	2.336981e-02	104005.000000	0.000000e+00
1.949570e+01	7.510524e+00	2.342423e-02	102804.000000	0.000000e+00
1.952032e+01	7.543356e+00	2.389832e-02	99631.000000	0.000000e+00
1.954482e+01	7.600301e+00	2.438952e-02	97108.000000	0.000000e+00
1.956930e+01	7.667323e+00	2.488459e-02	94935.000000	0.000000e+00
1.959391e+01	7.673173e+00	2.514133e-02	93148.000000	0.000000e+00
1.961850e+01	7.689995e+00	2.558390e-02	90348.000000	0.000000e+00
1.964294e+01	7.701133e+00	2.600443e-02	87703.000000	0.000000e+00
1.966740e+01	7.777859e+00	2.651057e-02	86076.000000	0.000000e+00
1.969204e+01	7.797788e+00	2.684109e-02	84400.000000	0.000000e+00
1.971660e+01	7.839895e+00	2.749047e-02	81331.000000	0.000000e+00
1.974103e+01	7.854996e+00	2.786721e-02	79452.000000	0.000000e+00
1.976563e+01	7.954224e+00	2.845152e-02	78160.000000	0.000000e+00
1.979032e+01	7.950810e+00	2.888817e-02	75750.000000	0.000000e+00
1.981482e+01	8.039270e+00	2.972476e-02	73147.000000	0.000000e+00
1.983914e+01	8.024084e+00	3.015380e-02	70812.000000	0.000000e+00
1.986374e+01	8.090266e+00	3.044036e-02	70636.000000	0.000000e+00
1.988844e+01	8.046071e+00	3.095192e-02	67576.000000	0.000000e+00
1.991292e+01	8.088577e+00	3.155006e-02	65727.000000	0.000000e+00
1.993736e+01	8.228331e+00	3.259262e-02	63736.000000	0.000000e+00
1.996197e+01	8.198583e+00	3.274512e-02	62688.000000	0.000000e+00
1.998658e+01	8.245543e+00	3.359405e-02	60244.000000	0.000000e+00
2.001095e+01	8.278315e+00	3.435252e-02	58072.000000	0.000000e+00
2.003547e+01	8.403480e+00	3.506110e-02	57447.000000	0.000000e+00
2.006019e+01	8.480898e+00	3.603513e-02	55390.000000	0.000000e+00
2.008472e+01	8.482964e+00	3.672176e-02	53364.000000	0.000000e+00
2.010903e+01	8.517397e+00	3.761696e-02	51268.000000	0.000000e+00
2.013363e+01	8.579738e+00	3.793820e-02	51144.000000	0.000000e+00
2.015842e+01	8.670752e+00	3.926192e-02	48772.000000	0.000000e+00
2.018288e+01	8.736315e+00	4.037156e-02	46828.000000	0.000000e+00
2.020721e+01	8.757276e+00	4.111261e-02	45372.000000	0.000000e+00
2.023181e+01	8.779727e+00	4.160167e-02	44539.000000	0.000000e+00
2.025650e+01	8.818934e+00	4.266782e-02	42720.000000	0.000000e+00
2.028095e+01	8.952432e+00	4.424746e-02	40936.000000	0.000000e+00
2.030542e+01	8.973786e+00	4.488128e-02	39978.000000	0.000000e+00
2.033011e+01	9.069385e+00	4.615717e-02	38608.000000	0.000000e+00
2.035466e+01	9.042537e+00	4.707867e-02	36892.000000	0.000000e+00
2.037892e+01	9.122022e+00	4.861502e-02	35208.000000	0.000000e+00
2.040348e+01	9.148509e+00	4.888687e-02	35020.000000	0.000000e+00
2.042837e+01	9.219693e+00	5.046907e-02	33372.000000	0.000000e+00
2.045281e+01	9.321894e+00	5.258975e-02	31420.000000	0.000000e+00
2.047697e+01	9.472382e+00	5.437436e-02	30348.000000	0.000000e+00
2.050165e+01	9.520459e+00	5.492979e-02	30040.000000	0.000000e+00
2.052659e+01	9.437776e+00	5.587712e-02	28528.000000	0.000000e+00
2.055100e+01	9.578182e+00	5.870333e-02	26622.000000	0.000000e+00
2.057510e+01	9.620128e+00	5.991553e-02	25780.000000	0.000000e+00
2.059985e+01	9.825955e+00	6.159051e-02	25452.000000	0.000000e+00
2.062477e+01	9.776424e+00	6.313286e-02	23980.000000	0.000000e+00
2.064904e+01	9.971023e+00	6.691510e-02	22204.000000	0.000000e+00
2.067328e+01	9.999844e+00	6.753569e-02	21924.000000	0.000000e+00
2.069813e+01	1.010449e+01	6.964141e-02	21052.000000	0.000000e+00
2.072282e+01	1.025104e+01	7.298379e-02	19728.000000	0.000000e+00
2.074689e+01	1.022760e+01	7.557155e-02	18316.000000	0.000000e+00
2.077148e+01	1.044435e+01	7.674275e-02	18522.000000	0.000000e+00
2.079650e+01	1.048952e+01	8.031874e-02	17056.000000	0.000000e+00
2.082086e+01	1.040381e+01	8.250495e-02	15901.000000	0.000000e+00
2.084494e+01	1.067773e+01	8.680224e-02	15132.000000	0.000000e+00
2.086988e+01	1.080174e+01	8.814887e-02	15016.000000	0.000000e+00
2.089484e+01	1.081068e+01	9.283745e-02	13560.000000	0.000000e+00
2.091874e+01	1.081034e+01	9.693913e-02	12436.000000	0.000000e+00
2.094286e+01	1.110788e+01	1.001076e-01	12312.000000	0.000000e+00
2.096835e+01	1.114792e+01	1.016983e-01	12016.000000	0.000000e+00
2.099333e+01	1.136816e+01	1.113990e-01	10414.000000	0.000000e+00
2.101635e+01	1.146940e+01	1.190859e-01	9276.000000	0.000000e+00
2.104066e+01	1.163067e+01	1.165342e-01	9961.000000	0.000000e+00
2.106684e+01	1.165800e+01	1.213585e-01	9228.000000	0.000000e+00
2.109169e+01	1.172483e+01	1.333401e-01	7732.000000	0.000000e+00
2.111385e+01	1.198327e+01	1.457909e-01	6756.000000	0.000000e+00
2.113864e+01	1.193588e+01	1.355301e-01	7756.000000	0.000000e+00
2.116547e+01	1.233243e+01	1.493333e-01	6820.000000	0.000000e+00
2.118998e+01	1.251712e+01	1.710028e-01	5358.000000	0.000000e+00
2.121167e+01	1.270250e+01	1.797663e-01	4993.000000	0.000000e+00
2.123701e+01	1.260815e+01	1.696999e-01	5520.000000	0.000000e+00
2.126409e+01	1.286026e+01	1.857768e-01	4792.000000	0.000000e+00
2.128812e+01	1.325423e+01	2.261142e-01	3436.000000	0.000000e+00
2.130920e+01	1.317741e+01	2.233780e-01	3480.000000	0.000000e+00
2.133536e+01	1.333948e+01	2.186800e-01	3721.000000	0.000000e+00
2.136298e+01	1.352965e+01	2.417551e-01	3132.000000	0.000000e+00
2.138535e+01	1.371126e+01	3.255372e-01	1774.000000	0.000000e+00
2.140616e+01	1.377076e+01	2.803944e-01	2412.000000	0.000000e+00
2.143360e+01	1.412196e+01	3.002635e-01	2212.000000	0.000000e+00
2.146162e+01	1.440058e+01	3.359893e-01	1837.000000	0.000000e+00
2.148292e+01	1.454607e+01	5.092143e-01	816.000000	0.000000e+00
2.150387e+01	1.473171e+01	3.977188e-01	1372.000000	0.000000e+00
2.153200e+01	1.534817e+01	4.644567e-01	1092.000000	0.000000e+00
2.156014e+01	1.619346e+01	5.574017e-01	844.000000	0.000000e+00
2.158178e+01	1.548844e+01	8.412167e-01	339.000000	0.000000e+00
2.160234e+01	1.571976e+01	6.815381e-01	532.000000	0.000000e+00
2.163046e+01	1.636200e+01	8.576019e-01	364.000000	0.000000e+00
2.165853e+01	1.616859e+01	1.070791e+00	228.000000	0.000000e+00
2.168066e+01	1.832464e+01	2.144737e+00	73.000000	0.000000e+00
2.170037e+01	1.861745e+01	2.031330e+00	84.000000	0.000000e+00
2.172766e+01	1.032874e+01	1.951947e+00	28.000000	0.000000e+00
2.175143e+01	2.735513e+01	1.579349e+01	3.000000	0.000000e+00
