# [<k> (h/Mpc)]	[<P_0(k)> (Mpc/h)^3]	[ErrorBar (Mpc/h)^3]	nModes	[<P_2(k)> (Mpc/h)^3]
3.476422e-02	1.500026e+04	4.160324e+03	13.000000	0.000000e+00
5.890282e-02	1.097972e+04	1.911324e+03	33.000000	0.000000e+00
8.378087e-02	6.475765e+03	7.285805e+02	79.000000	0.000000e+00
1.087368e-01	4.976286e+03	4.600578e+02	117.000000	0.000000e+00
1.341836e-01	3.721198e+03	2.598997e+02	205.000000	0.000000e+00
1.581206e-01	2.746649e+03	1.791716e+02	235.000000	0.000000e+00
1.826843e-01	2.127046e+03	1.107296e+02	369.000000	0.000000e+00
2.073525e-01	1.961794e+03	9.427779e+01	433.000000	0.000000e+00
2.322407e-01	1.713200e+03	7.083211e+01	585.000000	0.000000e+00
2.568838e-01	1.444143e+03	5.542113e+01	679.000000	0.000000e+00
2.811185e-01	1.310268e+03	4.595310e+01	813.000000	0.000000e+00
3.057758e-01	1.160339e+03	3.697149e+01	985.000000	0.000000e+00
3.308750e-01	1.120321e+03	3.257243e+01	1183.000000	0.000000e+00
3.553459e-01	1.038661e+03	2.915701e+01	1269.000000	0.000000e+00
3.797184e-01	8.891853e+02	2.268064e+01	1537.000000	0.000000e+00
4.042043e-01	8.664922e+02	2.131220e+01	1653.000000	0.000000e+00
4.287408e-01	7.822172e+02	1.765498e+01	1963.000000	0.000000e+00
4.533372e-01	7.659650e+02	1.663178e+01	2121.000000	0.000000e+00
4.779960e-01	7.192264e+02	1.464155e+01	2413.000000	0.000000e+00
5.026630e-01	6.825633e+02	1.329697e+01	2635.000000	0.000000e+00
5.271488e-01	6.174438e+02	1.151138e+01	2877.000000	0.000000e+00
5.515428e-01	6.012626e+02	1.068078e+01	3169.000000	0.000000e+00
5.762241e-01	5.662916e+02	9.562518e+00	3507.000000	0.000000e+00
6.007286e-01	5.701393e+02	9.392090e+00	3685.000000	0.000000e+00
6.252569e-01	5.416119e+02	8.392294e+00	4165.000000	0.000000e+00
6.499966e-01	5.262807e+02	7.954798e+00	4377.000000	0.000000e+00
6.746858e-01	4.930482e+02	7.076113e+00	4855.000000	0.000000e+00
6.991271e-01	4.861353e+02	6.924330e+00	4929.000000	0.000000e+00
7.235757e-01	4.681484e+02	6.266536e+00	5581.000000	0.000000e+00
7.479714e-01	4.516339e+02	5.993088e+00	5679.000000	0.000000e+00
7.726133e-01	4.406380e+02	5.514441e+00	6385.000000	0.000000e+00
7.972413e-01	4.223610e+02	5.217515e+00	6553.000000	0.000000e+00
8.218513e-01	4.146487e+02	4.912334e+00	7125.000000	0.000000e+00
8.464491e-01	3.977257e+02	4.608854e+00	7447.000000	0.000000e+00
8.709767e-01	3.907193e+02	4.387889e+00	7929.000000	0.000000e+00
8.955547e-01	3.759966e+02	4.113985e+00	8353.000000	0.000000e+00
9.199772e-01	3.677854e+02	3.926186e+00	8775.000000	0.000000e+00
9.444963e-01	3.662824e+02	3.795519e+00	9313.000000	0.000000e+00
9.690846e-01	3.571901e+02	3.600641e+00	9841.000000	0.000000e+00
9.935517e-01	3.493061e+02	3.460172e+00	10191.000000	0.000000e+00
1.018099e+00	3.413104e+02	3.269611e+00	10897.000000	0.000000e+00
1.042679e+00	3.324561e+02	3.127345e+00	11301.000000	0.000000e+00
1.067353e+00	3.234472e+02	2.949585e+00	12025.000000	0.000000e+00
1.092004e+00	3.146629e+02	2.823139e+00	12423.000000	0.000000e+00
1.116549e+00	3.083239e+02	2.701998e+00	13021.000000	0.000000e+00
1.140967e+00	3.045103e+02	2.630077e+00	13405.000000	0.000000e+00
1.165410e+00	2.942597e+02	2.465296e+00	14247.000000	0.000000e+00
1.189942e+00	2.844755e+02	2.350074e+00	14653.000000	0.000000e+00
1.214340e+00	2.837737e+02	2.291704e+00	15333.000000	0.000000e+00
1.238824e+00	2.774506e+02	2.196944e+00	15949.000000	0.000000e+00
1.263616e+00	2.685758e+02	2.056317e+00	17059.000000	0.000000e+00
1.288278e+00	2.644919e+02	2.022798e+00	17097.000000	0.000000e+00
1.312698e+00	2.579628e+02	1.924613e+00	17965.000000	0.000000e+00
1.337129e+00	2.522336e+02	1.852906e+00	18531.000000	0.000000e+00
1.361846e+00	2.499391e+02	1.782145e+00	19669.000000	0.000000e+00
1.386459e+00	2.438349e+02	1.728804e+00	19893.000000	0.000000e+00
1.410760e+00	2.379960e+02	1.662845e+00	20485.000000	0.000000e+00
1.435294e+00	2.378716e+02	1.612884e+00	21751.000000	0.000000e+00
1.459966e+00	2.305182e+02	1.546823e+00	22209.000000	0.000000e+00
1.484553e+00	2.268184e+02	1.494265e+00	23041.000000	0.000000e+00
1.509059e+00	2.242254e+02	1.456777e+00	23691.000000	0.000000e+00
1.533565e+00	2.177103e+02	1.392122e+00	24457.000000	0.000000e+00
1.558284e+00	2.172645e+02	1.352708e+00	25797.000000	0.000000e+00
1.582818e+00	2.126519e+02	1.328374e+00	25627.000000	0.000000e+00
1.607259e+00	2.083876e+02	1.263141e+00	27217.000000	0.000000e+00
1.631809e+00	2.041605e+02	1.230039e+00	27549.000000	0.000000e+00
1.656366e+00	2.000989e+02	1.178828e+00	28813.000000	0.000000e+00
1.680925e+00	1.979900e+02	1.155586e+00	29355.000000	0.000000e+00
1.705257e+00	1.930956e+02	1.116383e+00	29917.000000	0.000000e+00
1.729806e+00	1.904901e+02	1.070693e+00	31653.000000	0.000000e+00
1.754462e+00	1.870567e+02	1.046480e+00	31951.000000	0.000000e+00
1.778992e+00	1.820629e+02	1.001298e+00	33061.000000	0.000000e+00
1.803411e+00	1.793037e+02	9.782258e-01	33597.000000	0.000000e+00
1.827963e+00	1.782766e+02	9.502579e-01	35197.000000	0.000000e+00
1.852647e+00	1.732387e+02	9.153010e-01	35823.000000	0.000000e+00
1.877249e+00	1.715675e+02	8.925525e-01	36949.000000	0.000000e+00
1.901733e+00	1.675618e+02	8.674974e-01	37309.000000	0.000000e+00
1.926241e+00	1.644554e+02	8.319529e-01	39075.000000	0.000000e+00
1.950830e+00	1.623587e+02	8.182315e-01	39373.000000	0.000000e+00
1.975308e+00	1.610175e+02	7.968333e-01	40833.000000	0.000000e+00
1.999729e+00	1.583595e+02	7.801530e-01	41203.000000	0.000000e+00
2.024419e+00	1.542989e+02	7.382047e-01	43689.000000	0.000000e+00
2.049126e+00	1.517377e+02	7.274180e-01	43513.000000	0.000000e+00
2.073508e+00	1.506537e+02	7.146732e-01	44437.000000	0.000000e+00
2.097846e+00	1.482920e+02	6.940529e-01	45651.000000	0.000000e+00
2.122473e+00	1.451216e+02	6.659687e-01	47485.000000	0.000000e+00
2.147106e+00	1.430725e+02	6.532993e-01	47961.000000	0.000000e+00
2.171601e+00	1.410114e+02	6.360712e-01	49147.000000	0.000000e+00
2.196158e+00	1.383321e+02	6.166393e-01	50325.000000	0.000000e+00
2.220735e+00	1.365958e+02	6.010442e-01	51649.000000	0.000000e+00
2.245251e+00	1.348679e+02	5.905669e-01	52153.000000	0.000000e+00
2.269729e+00	1.330043e+02	5.726617e-01	53943.000000	0.000000e+00
2.294271e+00	1.311523e+02	5.607819e-01	54697.000000	0.000000e+00
2.318928e+00	1.284392e+02	5.391799e-01	56745.000000	0.000000e+00
2.343538e+00	1.265641e+02	5.300860e-01	57007.000000	0.000000e+00
2.368026e+00	1.249832e+02	5.169141e-01	58461.000000	0.000000e+00
2.392423e+00	1.215810e+02	5.003673e-01	59041.000000	0.000000e+00
2.416863e+00	1.199224e+02	4.854921e-01	61015.000000	0.000000e+00
2.441509e+00	1.191773e+02	4.761876e-01	62637.000000	0.000000e+00
2.466080e+00	1.169953e+02	4.654966e-01	63169.000000	0.000000e+00
2.490575e+00	1.152448e+02	4.534069e-01	64605.000000	0.000000e+00
2.515186e+00	1.138119e+02	4.413869e-01	66487.000000	0.000000e+00
2.539777e+00	1.126804e+02	4.352153e-01	67033.000000	0.000000e+00
2.564215e+00	1.111491e+02	4.254840e-01	68241.000000	0.000000e+00
2.588707e+00	1.095072e+02	4.139250e-01	69991.000000	0.000000e+00
2.613337e+00	1.074963e+02	4.019991e-01	71505.000000	0.000000e+00
2.637925e+00	1.069707e+02	3.967079e-01	72709.000000	0.000000e+00
2.662420e+00	1.042762e+02	3.846994e-01	73473.000000	0.000000e+00
2.686963e+00	1.027904e+02	3.734429e-01	75763.000000	0.000000e+00
2.711515e+00	1.022662e+02	3.703233e-01	76261.000000	0.000000e+00
2.735982e+00	1.002917e+02	3.591363e-01	77985.000000	0.000000e+00
2.760573e+00	9.897094e+01	3.498910e-01	80011.000000	0.000000e+00
2.785237e+00	9.720688e+01	3.415312e-01	81009.000000	0.000000e+00
2.809671e+00	9.664122e+01	3.383099e-01	81601.000000	0.000000e+00
2.834151e+00	9.480182e+01	3.269398e-01	84081.000000	0.000000e+00
2.858722e+00	9.351383e+01	3.204502e-01	85159.000000	0.000000e+00
2.883250e+00	9.287699e+01	3.154905e-01	86665.000000	0.000000e+00
2.907819e+00	9.106147e+01	3.063751e-01	88341.000000	0.000000e+00
2.932335e+00	9.010463e+01	3.012219e-01	89479.000000	0.000000e+00
2.956914e+00	8.861678e+01	2.929244e-01	91521.000000	0.000000e+00
2.981449e+00	8.733325e+01	2.872664e-01	92425.000000	0.000000e+00
3.005876e+00	8.653409e+01	2.828773e-01	93579.000000	0.000000e+00
3.030403e+00	8.544739e+01	2.753489e-01	96301.000000	0.000000e+00
3.055041e+00	8.410499e+01	2.691349e-01	97657.000000	0.000000e+00
3.079692e+00	8.309502e+01	2.635707e-01	99393.000000	0.000000e+00
3.104241e+00	8.201345e+01	2.590968e-01	100195.000000	0.000000e+00
3.128710e+00	8.130756e+01	2.549478e-01	101709.000000	0.000000e+00
3.153123e+00	8.027446e+01	2.501005e-01	103021.000000	0.000000e+00
3.177619e+00	7.911336e+01	2.434465e-01	105607.000000	0.000000e+00
3.202185e+00	7.850687e+01	2.402170e-01	106809.000000	0.000000e+00
3.226708e+00	7.712570e+01	2.340228e-01	108613.000000	0.000000e+00
3.251321e+00	7.614858e+01	2.287858e-01	110781.000000	0.000000e+00
3.275882e+00	7.509619e+01	2.247513e-01	111643.000000	0.000000e+00
3.300393e+00	7.443793e+01	2.207947e-01	113661.000000	0.000000e+00
3.324955e+00	7.339780e+01	2.161931e-01	115261.000000	0.000000e+00
3.349528e+00	7.277830e+01	2.123387e-01	117475.000000	0.000000e+00
3.374087e+00	7.192035e+01	2.090240e-01	118389.000000	0.000000e+00
3.398541e+00	7.088676e+01	2.046214e-01	120013.000000	0.000000e+00
3.423011e+00	7.012931e+01	2.008628e-01	121899.000000	0.000000e+00
3.447546e+00	6.900889e+01	1.958797e-01	124117.000000	0.000000e+00
3.472176e+00	6.841005e+01	1.922139e-01	126669.000000	0.000000e+00
3.496772e+00	6.762091e+01	1.897780e-01	126961.000000	0.000000e+00
3.521302e+00	6.690504e+01	1.856362e-01	129895.000000	0.000000e+00
3.545845e+00	6.579962e+01	1.821726e-01	130461.000000	0.000000e+00
3.570351e+00	6.548918e+01	1.793578e-01	133321.000000	0.000000e+00
3.594817e+00	6.439658e+01	1.761660e-01	133623.000000	0.000000e+00
3.619340e+00	6.412416e+01	1.729847e-01	137413.000000	0.000000e+00
3.643921e+00	6.317873e+01	1.699231e-01	138241.000000	0.000000e+00
3.668501e+00	6.230897e+01	1.659591e-01	140961.000000	0.000000e+00
3.693083e+00	6.156192e+01	1.632219e-01	142255.000000	0.000000e+00
3.717636e+00	6.056215e+01	1.595039e-01	144165.000000	0.000000e+00
3.742123e+00	6.026142e+01	1.580533e-01	145369.000000	0.000000e+00
3.766623e+00	5.962383e+01	1.548849e-01	148191.000000	0.000000e+00
3.791211e+00	5.901144e+01	1.522690e-01	150193.000000	0.000000e+00
3.815740e+00	5.817259e+01	1.494669e-01	151477.000000	0.000000e+00
3.840250e+00	5.753084e+01	1.467170e-01	153759.000000	0.000000e+00
3.864816e+00	5.725943e+01	1.449160e-01	156121.000000	0.000000e+00
3.889416e+00	5.668289e+01	1.424981e-01	158229.000000	0.000000e+00
3.913984e+00	5.588655e+01	1.398856e-01	159613.000000	0.000000e+00
3.938439e+00	5.499510e+01	1.371236e-01	160851.000000	0.000000e+00
3.962856e+00	5.460452e+01	1.352704e-01	162949.000000	0.000000e+00
3.987408e+00	5.389872e+01	1.319475e-01	166861.000000	0.000000e+00
4.011951e+00	5.344114e+01	1.307936e-01	166947.000000	0.000000e+00
4.036502e+00	5.291497e+01	1.280334e-01	170809.000000	0.000000e+00
4.061101e+00	5.248431e+01	1.265358e-01	172041.000000	0.000000e+00
4.085632e+00	5.191167e+01	1.245171e-01	173809.000000	0.000000e+00
4.110226e+00	5.149788e+01	1.222766e-01	177375.000000	0.000000e+00
4.134760e+00	5.083176e+01	1.208305e-01	176977.000000	0.000000e+00
4.159247e+00	5.039088e+01	1.184999e-01	180829.000000	0.000000e+00
4.183807e+00	4.967283e+01	1.162489e-01	182583.000000	0.000000e+00
4.208321e+00	4.916862e+01	1.145923e-01	184105.000000	0.000000e+00
4.232839e+00	4.874279e+01	1.126288e-01	187293.000000	0.000000e+00
4.257376e+00	4.842995e+01	1.115977e-01	188329.000000	0.000000e+00
4.281944e+00	4.761871e+01	1.085469e-01	192451.000000	0.000000e+00
4.306505e+00	4.728599e+01	1.077510e-01	192585.000000	0.000000e+00
4.331033e+00	4.664497e+01	1.053288e-01	196117.000000	0.000000e+00
4.355617e+00	4.619748e+01	1.037669e-01	198207.000000	0.000000e+00
4.380161e+00	4.588060e+01	1.026957e-01	199597.000000	0.000000e+00
4.404676e+00	4.561893e+01	1.013611e-01	202557.000000	0.000000e+00
4.429249e+00	4.499142e+01	9.940652e-02	204847.000000	0.000000e+00
4.453772e+00	4.475278e+01	9.852065e-02	206341.000000	0.000000e+00
4.478282e+00	4.408915e+01	9.639028e-02	209217.000000	0.000000e+00
4.502777e+00	4.382398e+01	9.551698e-02	210505.000000	0.000000e+00
4.527289e+00	4.347529e+01	9.391445e-02	214299.000000	0.000000e+00
4.551889e+00	4.275545e+01	9.187500e-02	216565.000000	0.000000e+00
4.576426e+00	4.251757e+01	9.110005e-02	217821.000000	0.000000e+00
4.600893e+00	4.202613e+01	8.957253e-02	220135.000000	0.000000e+00
4.625467e+00	4.156980e+01	8.777249e-02	224305.000000	0.000000e+00
4.650035e+00	4.148345e+01	8.747170e-02	224913.000000	0.000000e+00
4.674541e+00	4.094520e+01	8.579978e-02	227737.000000	0.000000e+00
4.699104e+00	4.033063e+01	8.394294e-02	230835.000000	0.000000e+00
4.723670e+00	4.012724e+01	8.317049e-02	232777.000000	0.000000e+00
4.748182e+00	3.981283e+01	8.223598e-02	234381.000000	0.000000e+00
4.772682e+00	3.943126e+01	8.088485e-02	237655.000000	0.000000e+00
4.797203e+00	3.908730e+01	7.990038e-02	239317.000000	0.000000e+00
4.821755e+00	3.871781e+01	7.845639e-02	243537.000000	0.000000e+00
4.846361e+00	3.845594e+01	7.765676e-02	245227.000000	0.000000e+00
4.870915e+00	3.796361e+01	7.634537e-02	247269.000000	0.000000e+00
4.895426e+00	3.772126e+01	7.549916e-02	249625.000000	0.000000e+00
4.919952e+00	3.752881e+01	7.470923e-02	252337.000000	0.000000e+00
4.944496e+00	3.705164e+01	7.332446e-02	255339.000000	0.000000e+00
4.969013e+00	3.666188e+01	7.239369e-02	256465.000000	0.000000e+00
4.993562e+00	3.642744e+01	7.126583e-02	261273.000000	0.000000e+00
5.018138e+00	3.607162e+01	7.043587e-02	262267.000000	0.000000e+00
5.042642e+00	3.574441e+01	6.947792e-02	264681.000000	0.000000e+00
5.067215e+00	3.530976e+01	6.806860e-02	269089.000000	0.000000e+00
5.091775e+00	3.521660e+01	6.785572e-02	269353.000000	0.000000e+00
5.116309e+00	3.493586e+01	6.673727e-02	274035.000000	0.000000e+00
5.140838e+00	3.457176e+01	6.601308e-02	274273.000000	0.000000e+00
5.165333e+00	3.433661e+01	6.506263e-02	278517.000000	0.000000e+00
5.189818e+00	3.408485e+01	6.447893e-02	279439.000000	0.000000e+00
5.214351e+00	3.371115e+01	6.317370e-02	284757.000000	0.000000e+00
5.238947e+00	3.353244e+01	6.265775e-02	286405.000000	0.000000e+00
5.263479e+00	3.315509e+01	6.172485e-02	288523.000000	0.000000e+00
5.288002e+00	3.289304e+01	6.090709e-02	291657.000000	0.000000e+00
5.312546e+00	3.252180e+01	5.994121e-02	294373.000000	0.000000e+00
5.337121e+00	3.239834e+01	5.936660e-02	297825.000000	0.000000e+00
5.361672e+00	3.213691e+01	5.873530e-02	299371.000000	0.000000e+00
5.386196e+00	3.185067e+01	5.789949e-02	302613.000000	0.000000e+00
5.410715e+00	3.162437e+01	5.729721e-02	304633.000000	0.000000e+00
5.435244e+00	3.131795e+01	5.638280e-02	308527.000000	0.000000e+00
5.459823e+00	3.101103e+01	5.557559e-02	311361.000000	0.000000e+00
5.484389e+00	3.083537e+01	5.501922e-02	314101.000000	0.000000e+00
5.508889e+00	3.059413e+01	5.453188e-02	314757.000000	0.000000e+00
5.533464e+00	3.034246e+01	5.346035e-02	322135.000000	0.000000e+00
5.558036e+00	3.010202e+01	5.320297e-02	320125.000000	0.000000e+00
5.582484e+00	2.980612e+01	5.231101e-02	324657.000000	0.000000e+00
5.606956e+00	2.951698e+01	5.166259e-02	326431.000000	0.000000e+00
5.631560e+00	2.936675e+01	5.084369e-02	333609.000000	0.000000e+00
5.656168e+00	2.907992e+01	5.039303e-02	333001.000000	0.000000e+00
5.680698e+00	2.885540e+01	4.972816e-02	336705.000000	0.000000e+00
5.705204e+00	2.866530e+01	4.927353e-02	338443.000000	0.000000e+00
5.729704e+00	2.855427e+01	4.881386e-02	342181.000000	0.000000e+00
5.754232e+00	2.816611e+01	4.794255e-02	345153.000000	0.000000e+00
5.778772e+00	2.792565e+01	4.729637e-02	348619.000000	0.000000e+00
5.803342e+00	2.771465e+01	4.675097e-02	351429.000000	0.000000e+00
5.827902e+00	2.747778e+01	4.613659e-02	354709.000000	0.000000e+00
5.852409e+00	2.735782e+01	4.586373e-02	355815.000000	0.000000e+00
5.876957e+00	2.715831e+01	4.515630e-02	361717.000000	0.000000e+00
5.901534e+00	2.696805e+01	4.477019e-02	362845.000000	0.000000e+00
5.926030e+00	2.674907e+01	4.426441e-02	365181.000000	0.000000e+00
5.950548e+00	2.665516e+01	4.382988e-02	369847.000000	0.000000e+00
5.975137e+00	2.631515e+01	4.307821e-02	373161.000000	0.000000e+00
5.999657e+00	2.608920e+01	4.266697e-02	373885.000000	0.000000e+00
6.024161e+00	2.601647e+01	4.226066e-02	378987.000000	0.000000e+00
6.048714e+00	2.579057e+01	4.176771e-02	381277.000000	0.000000e+00
6.073267e+00	2.562986e+01	4.128069e-02	385477.000000	0.000000e+00
6.097868e+00	2.540121e+01	4.073486e-02	388845.000000	0.000000e+00
6.122369e+00	2.521099e+01	4.044177e-02	388615.000000	0.000000e+00
6.146867e+00	2.499793e+01	3.977029e-02	395085.000000	0.000000e+00
6.171452e+00	2.489937e+01	3.949889e-02	397381.000000	0.000000e+00
6.195974e+00	2.466496e+01	3.900502e-02	399871.000000	0.000000e+00
6.220444e+00	2.447358e+01	3.862411e-02	401493.000000	0.000000e+00
6.244986e+00	2.438011e+01	3.812480e-02	408937.000000	0.000000e+00
6.269588e+00	2.406209e+01	3.758825e-02	409791.000000	0.000000e+00
6.294124e+00	2.391191e+01	3.720748e-02	413017.000000	0.000000e+00
6.318633e+00	2.377647e+01	3.687445e-02	415761.000000	0.000000e+00
6.343202e+00	2.359226e+01	3.636622e-02	420865.000000	0.000000e+00
6.367770e+00	2.343725e+01	3.604591e-02	422767.000000	0.000000e+00
6.392288e+00	2.329823e+01	3.572016e-02	425421.000000	0.000000e+00
6.416837e+00	2.312848e+01	3.524909e-02	430525.000000	0.000000e+00
6.441383e+00	2.295803e+01	3.494009e-02	431739.000000	0.000000e+00
6.465913e+00	2.280021e+01	3.450915e-02	436525.000000	0.000000e+00
6.490433e+00	2.270783e+01	3.429744e-02	438357.000000	0.000000e+00
6.514946e+00	2.244477e+01	3.374558e-02	442381.000000	0.000000e+00
6.539518e+00	2.234088e+01	3.339452e-02	447559.000000	0.000000e+00
6.564059e+00	2.213833e+01	3.308502e-02	447741.000000	0.000000e+00
6.588587e+00	2.204112e+01	3.271720e-02	453853.000000	0.000000e+00
6.613110e+00	2.183727e+01	3.239398e-02	454431.000000	0.000000e+00
6.637622e+00	2.171000e+01	3.201100e-02	459961.000000	0.000000e+00
6.662172e+00	2.152142e+01	3.163653e-02	462769.000000	0.000000e+00
6.686693e+00	2.138928e+01	3.134119e-02	465759.000000	0.000000e+00
6.711227e+00	2.123521e+01	3.097615e-02	469957.000000	0.000000e+00
6.735777e+00	2.107053e+01	3.062135e-02	473481.000000	0.000000e+00
6.760323e+00	2.098006e+01	3.040126e-02	476245.000000	0.000000e+00
6.784855e+00	2.080288e+01	3.001690e-02	480303.000000	0.000000e+00
6.809427e+00	2.071164e+01	2.975328e-02	484573.000000	0.000000e+00
6.833979e+00	2.060574e+01	2.954268e-02	486493.000000	0.000000e+00
6.858503e+00	2.046120e+01	2.921208e-02	490611.000000	0.000000e+00
6.883055e+00	2.032191e+01	2.890566e-02	494269.000000	0.000000e+00
6.907584e+00	2.016371e+01	2.859376e-02	497277.000000	0.000000e+00
6.932134e+00	2.007202e+01	2.833841e-02	501685.000000	0.000000e+00
6.956669e+00	1.986064e+01	2.797176e-02	504135.000000	0.000000e+00
6.981221e+00	1.974269e+01	2.766839e-02	509149.000000	0.000000e+00
7.005753e+00	1.961205e+01	2.744554e-02	510625.000000	0.000000e+00
7.030233e+00	1.945917e+01	2.713036e-02	514443.000000	0.000000e+00
7.054782e+00	1.941103e+01	2.691741e-02	520033.000000	0.000000e+00
7.079343e+00	1.927241e+01	2.665463e-02	522789.000000	0.000000e+00
7.103883e+00	1.910222e+01	2.633827e-02	526009.000000	0.000000e+00
7.128424e+00	1.900839e+01	2.609834e-02	530475.000000	0.000000e+00
7.152965e+00	1.889641e+01	2.588324e-02	532993.000000	0.000000e+00
7.177501e+00	1.872661e+01	2.554219e-02	537529.000000	0.000000e+00
7.202013e+00	1.862053e+01	2.534658e-02	539691.000000	0.000000e+00
7.226577e+00	1.850822e+01	2.503313e-02	546637.000000	0.000000e+00
7.251125e+00	1.842022e+01	2.490681e-02	546957.000000	0.000000e+00
7.275651e+00	1.833355e+01	2.466150e-02	552655.000000	0.000000e+00
7.300226e+00	1.816685e+01	2.434874e-02	556681.000000	0.000000e+00
7.324759e+00	1.808715e+01	2.420238e-02	558501.000000	0.000000e+00
7.349299e+00	1.792245e+01	2.386072e-02	564193.000000	0.000000e+00
7.373825e+00	1.783250e+01	2.371245e-02	565551.000000	0.000000e+00
7.398312e+00	1.770154e+01	2.344970e-02	569833.000000	0.000000e+00
7.422892e+00	1.766512e+01	2.324782e-02	577389.000000	0.000000e+00
7.447442e+00	1.745124e+01	2.298743e-02	576331.000000	0.000000e+00
7.471956e+00	1.739688e+01	2.278725e-02	582853.000000	0.000000e+00
7.496499e+00	1.726634e+01	2.255743e-02	585897.000000	0.000000e+00
7.521014e+00	1.721058e+01	2.243219e-02	588637.000000	0.000000e+00
7.545557e+00	1.708067e+01	2.213883e-02	595251.000000	0.000000e+00
7.570086e+00	1.695010e+01	2.195858e-02	595849.000000	0.000000e+00
7.594613e+00	1.686966e+01	2.173786e-02	602253.000000	0.000000e+00
7.619172e+00	1.671466e+01	2.147387e-02	605863.000000	0.000000e+00
7.643756e+00	1.666523e+01	2.132239e-02	610873.000000	0.000000e+00
7.668263e+00	1.657426e+01	2.121503e-02	610353.000000	0.000000e+00
7.692777e+00	1.648619e+01	2.096104e-02	618607.000000	0.000000e+00
7.717371e+00	1.637739e+01	2.076275e-02	622185.000000	0.000000e+00
7.741929e+00	1.628069e+01	2.058972e-02	625237.000000	0.000000e+00
7.766457e+00	1.616846e+01	2.040229e-02	628029.000000	0.000000e+00
7.790953e+00	1.608314e+01	2.023117e-02	631975.000000	0.000000e+00
7.815489e+00	1.597859e+01	2.001197e-02	637525.000000	0.000000e+00
7.840050e+00	1.588539e+01	1.982880e-02	641805.000000	0.000000e+00
7.864588e+00	1.578949e+01	1.967053e-02	644323.000000	0.000000e+00
7.889126e+00	1.568812e+01	1.946787e-02	649389.000000	0.000000e+00
7.913643e+00	1.560435e+01	1.932943e-02	651709.000000	0.000000e+00
7.938181e+00	1.550266e+01	1.910695e-02	658309.000000	0.000000e+00
7.962760e+00	1.546423e+01	1.899767e-02	662607.000000	0.000000e+00
7.987311e+00	1.533587e+01	1.881685e-02	664237.000000	0.000000e+00
8.011811e+00	1.519564e+01	1.858985e-02	668169.000000	0.000000e+00
8.036325e+00	1.517023e+01	1.848359e-02	673615.000000	0.000000e+00
8.060868e+00	1.504205e+01	1.827278e-02	677649.000000	0.000000e+00
8.085446e+00	1.499416e+01	1.813126e-02	683893.000000	0.000000e+00
8.109989e+00	1.490117e+01	1.801865e-02	683905.000000	0.000000e+00
8.134471e+00	1.482526e+01	1.786239e-02	688851.000000	0.000000e+00
8.159038e+00	1.471387e+01	1.762186e-02	697189.000000	0.000000e+00
8.183598e+00	1.464988e+01	1.755706e-02	696249.000000	0.000000e+00
8.208073e+00	1.458962e+01	1.742058e-02	701395.000000	0.000000e+00
8.232590e+00	1.451736e+01	1.727160e-02	706497.000000	0.000000e+00
8.257144e+00	1.441222e+01	1.707670e-02	712285.000000	0.000000e+00
8.281710e+00	1.431355e+01	1.691971e-02	715663.000000	0.000000e+00
8.306271e+00	1.423256e+01	1.677257e-02	720057.000000	0.000000e+00
8.330826e+00	1.418685e+01	1.666638e-02	724585.000000	0.000000e+00
8.355374e+00	1.409239e+01	1.652497e-02	727257.000000	0.000000e+00
8.379901e+00	1.401426e+01	1.637216e-02	732703.000000	0.000000e+00
8.404418e+00	1.393875e+01	1.626038e-02	734829.000000	0.000000e+00
8.428928e+00	1.384130e+01	1.608270e-02	740689.000000	0.000000e+00
8.453504e+00	1.373597e+01	1.588234e-02	747979.000000	0.000000e+00
8.478051e+00	1.369312e+01	1.584346e-02	746973.000000	0.000000e+00
8.502580e+00	1.362760e+01	1.566961e-02	756349.000000	0.000000e+00
8.527138e+00	1.357454e+01	1.560567e-02	756633.000000	0.000000e+00
8.551634e+00	1.347945e+01	1.544574e-02	761599.000000	0.000000e+00
8.576156e+00	1.340959e+01	1.530978e-02	767173.000000	0.000000e+00
8.600697e+00	1.333326e+01	1.518223e-02	771261.000000	0.000000e+00
8.625259e+00	1.325829e+01	1.503583e-02	777535.000000	0.000000e+00
8.649836e+00	1.318146e+01	1.491901e-02	780633.000000	0.000000e+00
8.674376e+00	1.311082e+01	1.480028e-02	784729.000000	0.000000e+00
8.698927e+00	1.305070e+01	1.468554e-02	789747.000000	0.000000e+00
8.723450e+00	1.298409e+01	1.459077e-02	791893.000000	0.000000e+00
8.747957e+00	1.289396e+01	1.443686e-02	797677.000000	0.000000e+00
8.772521e+00	1.283708e+01	1.431273e-02	804429.000000	0.000000e+00
8.797047e+00	1.274626e+01	1.421053e-02	804535.000000	0.000000e+00
8.821541e+00	1.270223e+01	1.410610e-02	810861.000000	0.000000e+00
8.846076e+00	1.264617e+01	1.399676e-02	816325.000000	0.000000e+00
8.870641e+00	1.259564e+01	1.388925e-02	822399.000000	0.000000e+00
8.895170e+00	1.254599e+01	1.383361e-02	822505.000000	0.000000e+00
8.919713e+00	1.243224e+01	1.362436e-02	832657.000000	0.000000e+00
8.944263e+00	1.239718e+01	1.359244e-02	831861.000000	0.000000e+00
8.968772e+00	1.232611e+01	1.345421e-02	839335.000000	0.000000e+00
8.993334e+00	1.225933e+01	1.333875e-02	844701.000000	0.000000e+00
9.017895e+00	1.220360e+01	1.325269e-02	847945.000000	0.000000e+00
9.042430e+00	1.214360e+01	1.314905e-02	852915.000000	0.000000e+00
9.066970e+00	1.206698e+01	1.303652e-02	856789.000000	0.000000e+00
9.091538e+00	1.203397e+01	1.293974e-02	864901.000000	0.000000e+00
9.116063e+00	1.195814e+01	1.287643e-02	862455.000000	0.000000e+00
9.140573e+00	1.187311e+01	1.270392e-02	873481.000000	0.000000e+00
9.165140e+00	1.185747e+01	1.267008e-02	875841.000000	0.000000e+00
9.189653e+00	1.176792e+01	1.255357e-02	878749.000000	0.000000e+00
9.214176e+00	1.170255e+01	1.242909e-02	886507.000000	0.000000e+00
9.238722e+00	1.165080e+01	1.235581e-02	889137.000000	0.000000e+00
9.263252e+00	1.160995e+01	1.227063e-02	895213.000000	0.000000e+00
9.287810e+00	1.154364e+01	1.216359e-02	900663.000000	0.000000e+00
9.312363e+00	1.148296e+01	1.207555e-02	904261.000000	0.000000e+00
9.336898e+00	1.143776e+01	1.199585e-02	909117.000000	0.000000e+00
9.361428e+00	1.139518e+01	1.192617e-02	912937.000000	0.000000e+00
9.385969e+00	1.132788e+01	1.181006e-02	920011.000000	0.000000e+00
9.410496e+00	1.126467e+01	1.173627e-02	921249.000000	0.000000e+00
9.435027e+00	1.121878e+01	1.163317e-02	930025.000000	0.000000e+00
9.459577e+00	1.116677e+01	1.156506e-02	932307.000000	0.000000e+00
9.484080e+00	1.112110e+01	1.149561e-02	935905.000000	0.000000e+00
9.508599e+00	1.106219e+01	1.138637e-02	943869.000000	0.000000e+00
9.533177e+00	1.103707e+01	1.132699e-02	949465.000000	0.000000e+00
9.557740e+00	1.096901e+01	1.123723e-02	952831.000000	0.000000e+00
9.582283e+00	1.092615e+01	1.116502e-02	957669.000000	0.000000e+00
9.606825e+00	1.085649e+01	1.106639e-02	962425.000000	0.000000e+00
9.631356e+00	1.082654e+01	1.100966e-02	967011.000000	0.000000e+00
9.655881e+00	1.076606e+01	1.092380e-02	971329.000000	0.000000e+00
9.680426e+00	1.071447e+01	1.083012e-02	978757.000000	0.000000e+00
9.704942e+00	1.067242e+01	1.078675e-02	978915.000000	0.000000e+00
9.729497e+00	1.061253e+01	1.065753e-02	991573.000000	0.000000e+00
9.754046e+00	1.057361e+01	1.063211e-02	989025.000000	0.000000e+00
9.778535e+00	1.050489e+01	1.052760e-02	995689.000000	0.000000e+00
9.803103e+00	1.046719e+01	1.043382e-02	1006407.000000	0.000000e+00
9.827649e+00	1.042957e+01	1.041242e-02	1003297.000000	0.000000e+00
9.852180e+00	1.038064e+01	1.030075e-02	1015573.000000	0.000000e+00
9.876731e+00	1.033479e+01	1.025736e-02	1015155.000000	0.000000e+00
9.901284e+00	1.027673e+01	1.015001e-02	1025125.000000	0.000000e+00
9.925835e+00	1.023153e+01	1.009995e-02	1026225.000000	0.000000e+00
9.950350e+00	1.018203e+01	1.002589e-02	1031389.000000	0.000000e+00
9.974902e+00	1.014534e+01	9.948066e-03	1040055.000000	0.000000e+00
9.999429e+00	1.010428e+01	9.912902e-03	1038985.000000	0.000000e+00
1.002392e+01	1.005178e+01	9.820419e-03	1047673.000000	0.000000e+00
1.004849e+01	1.003752e+01	9.770232e-03	1055463.000000	0.000000e+00
1.007303e+01	9.988565e+00	9.719331e-03	1056169.000000	0.000000e+00
1.009756e+01	9.933932e+00	9.628304e-03	1064493.000000	0.000000e+00
1.012209e+01	9.892824e+00	9.578971e-03	1066603.000000	0.000000e+00
1.014664e+01	9.858409e+00	9.502704e-03	1076265.000000	0.000000e+00
1.017120e+01	9.812850e+00	9.449504e-03	1078381.000000	0.000000e+00
1.019572e+01	9.768302e+00	9.389018e-03	1082425.000000	0.000000e+00
1.022025e+01	9.741116e+00	9.328350e-03	1090455.000000	0.000000e+00
1.024479e+01	9.702434e+00	9.278562e-03	1093453.000000	0.000000e+00
1.026933e+01	9.651901e+00	9.201317e-03	1100337.000000	0.000000e+00
1.029386e+01	9.611652e+00	9.146710e-03	1104247.000000	0.000000e+00
1.031842e+01	9.573216e+00	9.077711e-03	1112149.000000	0.000000e+00
1.034296e+01	9.547661e+00	9.042477e-03	1114857.000000	0.000000e+00
1.036749e+01	9.519184e+00	8.994651e-03	1120033.000000	0.000000e+00
1.039203e+01	9.475283e+00	8.922907e-03	1127643.000000	0.000000e+00
1.041655e+01	9.446038e+00	8.892631e-03	1128337.000000	0.000000e+00
1.044111e+01	9.399033e+00	8.796718e-03	1141629.000000	0.000000e+00
1.046570e+01	9.358872e+00	8.757159e-03	1142143.000000	0.000000e+00
1.049021e+01	9.313078e+00	8.703914e-03	1144873.000000	0.000000e+00
1.051473e+01	9.282363e+00	8.640201e-03	1154169.000000	0.000000e+00
1.053925e+01	9.256336e+00	8.612804e-03	1155019.000000	0.000000e+00
1.056380e+01	9.217653e+00	8.528472e-03	1168149.000000	0.000000e+00
1.058835e+01	9.190125e+00	8.508496e-03	1166641.000000	0.000000e+00
1.061283e+01	9.141031e+00	8.448038e-03	1170789.000000	0.000000e+00
1.063739e+01	9.117746e+00	8.373271e-03	1185727.000000	0.000000e+00
1.066197e+01	9.080895e+00	8.345279e-03	1184065.000000	0.000000e+00
1.068650e+01	9.065129e+00	8.304880e-03	1191465.000000	0.000000e+00
1.071103e+01	9.014929e+00	8.248395e-03	1194499.000000	0.000000e+00
1.073555e+01	8.987621e+00	8.197952e-03	1201929.000000	0.000000e+00
1.076011e+01	8.966312e+00	8.152820e-03	1209517.000000	0.000000e+00
1.078466e+01	8.934604e+00	8.114227e-03	1212429.000000	0.000000e+00
1.080918e+01	8.900984e+00	8.068860e-03	1216891.000000	0.000000e+00
1.083370e+01	8.864077e+00	8.016277e-03	1222705.000000	0.000000e+00
1.085823e+01	8.838551e+00	7.967287e-03	1230669.000000	0.000000e+00
1.088282e+01	8.794995e+00	7.900729e-03	1239187.000000	0.000000e+00
1.090737e+01	8.785422e+00	7.896827e-03	1237713.000000	0.000000e+00
1.093189e+01	8.736306e+00	7.824158e-03	1246753.000000	0.000000e+00
1.095642e+01	8.716333e+00	7.795362e-03	1250245.000000	0.000000e+00
1.098096e+01	8.696964e+00	7.747530e-03	1260111.000000	0.000000e+00
1.100552e+01	8.668221e+00	7.716312e-03	1261945.000000	0.000000e+00
1.103005e+01	8.628617e+00	7.660699e-03	1268661.000000	0.000000e+00
1.105458e+01	8.606462e+00	7.624754e-03	1274083.000000	0.000000e+00
1.107911e+01	8.579936e+00	7.585403e-03	1279413.000000	0.000000e+00
1.110366e+01	8.557755e+00	7.542191e-03	1287433.000000	0.000000e+00
1.112821e+01	8.531558e+00	7.508315e-03	1291135.000000	0.000000e+00
1.115273e+01	8.497052e+00	7.465222e-03	1295541.000000	0.000000e+00
1.117726e+01	8.483679e+00	7.432288e-03	1302937.000000	0.000000e+00
1.120181e+01	8.453767e+00	7.387103e-03	1309641.000000	0.000000e+00
1.122634e+01	8.428394e+00	7.357189e-03	1312399.000000	0.000000e+00
1.125085e+01	8.430569e+00	7.341181e-03	1318809.000000	0.000000e+00
1.127541e+01	8.381204e+00	7.268549e-03	1329589.000000	0.000000e+00
1.129999e+01	8.368613e+00	7.251823e-03	1331719.000000	0.000000e+00
1.132451e+01	8.353369e+00	7.229103e-03	1335225.000000	0.000000e+00
1.134903e+01	8.325727e+00	7.182453e-03	1343689.000000	0.000000e+00
1.137357e+01	8.309287e+00	7.156340e-03	1348173.000000	0.000000e+00
1.139811e+01	8.294163e+00	7.122020e-03	1356247.000000	0.000000e+00
1.142265e+01	8.265647e+00	7.090631e-03	1358889.000000	0.000000e+00
1.144718e+01	8.256818e+00	7.061442e-03	1367221.000000	0.000000e+00
1.147174e+01	8.230265e+00	7.021237e-03	1374043.000000	0.000000e+00
1.149628e+01	8.207632e+00	6.993714e-03	1377273.000000	0.000000e+00
1.152079e+01	8.196954e+00	6.974161e-03	1381405.000000	0.000000e+00
1.154533e+01	8.164483e+00	6.917506e-03	1393023.000000	0.000000e+00
1.156988e+01	8.148115e+00	6.901473e-03	1393897.000000	0.000000e+00
1.159441e+01	8.142030e+00	6.874104e-03	1402921.000000	0.000000e+00
1.161895e+01	8.109294e+00	6.834822e-03	1407705.000000	0.000000e+00
1.164349e+01	8.098000e+00	6.809652e-03	1414183.000000	0.000000e+00
1.166804e+01	8.082577e+00	6.783252e-03	1419789.000000	0.000000e+00
1.169259e+01	8.069017e+00	6.753933e-03	1427341.000000	0.000000e+00
1.171712e+01	8.062133e+00	6.744538e-03	1428879.000000	0.000000e+00
1.174164e+01	8.018755e+00	6.686362e-03	1438249.000000	0.000000e+00
1.176619e+01	8.029667e+00	6.678958e-03	1445365.000000	0.000000e+00
1.179072e+01	7.999375e+00	6.650874e-03	1446621.000000	0.000000e+00
1.181525e+01	7.989243e+00	6.617742e-03	1457443.000000	0.000000e+00
1.183979e+01	7.971649e+00	6.594997e-03	1461057.000000	0.000000e+00
1.186435e+01	7.962700e+00	6.567415e-03	1470049.000000	0.000000e+00
1.188889e+01	7.957594e+00	6.555712e-03	1473411.000000	0.000000e+00
1.191343e+01	7.944804e+00	6.530781e-03	1479913.000000	0.000000e+00
1.193797e+01	7.947834e+00	6.518147e-03	1486789.000000	0.000000e+00
1.196251e+01	7.923462e+00	6.487481e-03	1491687.000000	0.000000e+00
1.198703e+01	7.911807e+00	6.466146e-03	1497133.000000	0.000000e+00
1.201156e+01	7.898281e+00	6.438068e-03	1505061.000000	0.000000e+00
1.203612e+01	7.898738e+00	6.424743e-03	1511485.000000	0.000000e+00
1.206065e+01	7.880549e+00	6.401564e-03	1515447.000000	0.000000e+00
1.208515e+01	7.880607e+00	6.392384e-03	1519825.000000	0.000000e+00
1.210971e+01	7.864301e+00	6.346098e-03	1535701.000000	0.000000e+00
1.213428e+01	7.862882e+00	6.352498e-03	1532055.000000	0.000000e+00
1.215881e+01	7.849882e+00	6.315247e-03	1545061.000000	0.000000e+00
1.218336e+01	7.838379e+00	6.304875e-03	1545609.000000	0.000000e+00
1.220787e+01	7.846426e+00	6.297444e-03	1552441.000000	0.000000e+00
1.223242e+01	7.842536e+00	6.271302e-03	1563859.000000	0.000000e+00
1.225696e+01	7.835679e+00	6.266392e-03	1563573.000000	0.000000e+00
1.228148e+01	7.835789e+00	6.246442e-03	1573621.000000	0.000000e+00
1.230602e+01	7.834951e+00	6.235744e-03	1578687.000000	0.000000e+00
1.233056e+01	7.828347e+00	6.216850e-03	1585621.000000	0.000000e+00
1.235512e+01	7.828552e+00	6.198262e-03	1595229.000000	0.000000e+00
1.237965e+01	7.819046e+00	6.194410e-03	1593337.000000	0.000000e+00
1.240419e+01	7.818878e+00	6.162624e-03	1609747.000000	0.000000e+00
1.242874e+01	7.818847e+00	6.167609e-03	1607133.000000	0.000000e+00
1.245325e+01	7.823112e+00	6.153462e-03	1616293.000000	0.000000e+00
1.247780e+01	7.815914e+00	6.126387e-03	1627611.000000	0.000000e+00
1.250235e+01	7.827820e+00	6.137919e-03	1626445.000000	0.000000e+00
1.252688e+01	7.828124e+00	6.114481e-03	1639065.000000	0.000000e+00
1.255143e+01	7.835565e+00	6.115508e-03	1641631.000000	0.000000e+00
1.257596e+01	7.836418e+00	6.109704e-03	1645109.500000	0.000000e+00
1.260049e+01	7.805163e+00	6.090624e-03	1642254.000000	0.000000e+00
1.262503e+01	7.783875e+00	6.079794e-03	1639132.000000	0.000000e+00
1.264958e+01	7.761212e+00	6.066198e-03	1636914.000000	0.000000e+00
1.267411e+01	7.737385e+00	6.059116e-03	1630684.000000	0.000000e+00
1.269864e+01	7.707203e+00	6.039116e-03	1628722.000000	0.000000e+00
1.272316e+01	7.678743e+00	6.024773e-03	1624422.000000	0.000000e+00
1.274773e+01	7.667593e+00	6.010758e-03	1627270.000000	0.000000e+00
1.277225e+01	7.642302e+00	6.018979e-03	1612140.000000	0.000000e+00
1.279677e+01	7.618913e+00	5.986763e-03	1619578.000000	0.000000e+00
1.282133e+01	7.604026e+00	5.992793e-03	1610010.000000	0.000000e+00
1.284587e+01	7.578434e+00	5.971337e-03	1610704.000000	0.000000e+00
1.287043e+01	7.553462e+00	5.961741e-03	1605262.000000	0.000000e+00
1.289495e+01	7.534337e+00	5.957608e-03	1599360.000000	0.000000e+00
1.291951e+01	7.522841e+00	5.943741e-03	1601932.000000	0.000000e+00
1.294403e+01	7.496495e+00	5.947756e-03	1588584.000000	0.000000e+00
1.296853e+01	7.485140e+00	5.933017e-03	1591654.000000	0.000000e+00
1.299309e+01	7.451748e+00	5.911427e-03	1589028.000000	0.000000e+00
1.301763e+01	7.429473e+00	5.908179e-03	1581280.000000	0.000000e+00
1.304217e+01	7.406213e+00	5.890117e-03	1581046.000000	0.000000e+00
1.306670e+01	7.401801e+00	5.897986e-03	1574952.000000	0.000000e+00
1.309123e+01	7.392542e+00	5.897153e-03	1571458.000000	0.000000e+00
1.311579e+01	7.367644e+00	5.877771e-03	1571202.000000	0.000000e+00
1.314034e+01	7.353942e+00	5.879407e-03	1564492.000000	0.000000e+00
1.316488e+01	7.331200e+00	5.868495e-03	1560618.000000	0.000000e+00
1.318940e+01	7.302221e+00	5.854086e-03	1555936.000000	0.000000e+00
1.321393e+01	7.299100e+00	5.858467e-03	1552282.000000	0.000000e+00
1.323848e+01	7.266301e+00	5.833018e-03	1551816.000000	0.000000e+00
1.326302e+01	7.253026e+00	5.839311e-03	1542820.000000	0.000000e+00
1.328757e+01	7.235228e+00	5.821911e-03	1544448.000000	0.000000e+00
1.331210e+01	7.218738e+00	5.827103e-03	1534678.000000	0.000000e+00
1.333662e+01	7.184773e+00	5.802328e-03	1533280.000000	0.000000e+00
1.336117e+01	7.179551e+00	5.802275e-03	1531080.000000	0.000000e+00
1.338570e+01	7.155958e+00	5.798320e-03	1523110.000000	0.000000e+00
1.341022e+01	7.140743e+00	5.789546e-03	1521240.000000	0.000000e+00
1.343476e+01	7.124461e+00	5.784648e-03	1516876.000000	0.000000e+00
1.345932e+01	7.107242e+00	5.773085e-03	1515606.000000	0.000000e+00
1.348389e+01	7.094691e+00	5.771502e-03	1511086.000000	0.000000e+00
1.350843e+01	7.064047e+00	5.762671e-03	1502656.000000	0.000000e+00
1.353293e+01	7.057829e+00	5.765127e-03	1498734.000000	0.000000e+00
1.355748e+01	7.039369e+00	5.750455e-03	1498522.000000	0.000000e+00
1.358203e+01	7.023011e+00	5.750180e-03	1491708.000000	0.000000e+00
1.360658e+01	7.008375e+00	5.742290e-03	1489582.000000	0.000000e+00
1.363111e+01	6.994597e+00	5.748110e-03	1480728.000000	0.000000e+00
1.365563e+01	6.983075e+00	5.738936e-03	1480576.000000	0.000000e+00
1.368019e+01	6.964918e+00	5.733140e-03	1475866.000000	0.000000e+00
1.370473e+01	6.951680e+00	5.734539e-03	1469544.000000	0.000000e+00
1.372924e+01	6.929007e+00	5.726945e-03	1463848.000000	0.000000e+00
1.375380e+01	6.917311e+00	5.710887e-03	1467126.000000	0.000000e+00
1.377836e+01	6.911143e+00	5.730377e-03	1454566.000000	0.000000e+00
1.380287e+01	6.885674e+00	5.715069e-03	1451610.000000	0.000000e+00
1.382737e+01	6.864803e+00	5.709147e-03	1445818.000000	0.000000e+00
1.385191e+01	6.862025e+00	5.706447e-03	1446016.000000	0.000000e+00
1.387648e+01	6.850953e+00	5.708473e-03	1440330.000000	0.000000e+00
1.390103e+01	6.827740e+00	5.697222e-03	1436242.000000	0.000000e+00
1.392557e+01	6.815972e+00	5.703840e-03	1427976.000000	0.000000e+00
1.395012e+01	6.805862e+00	5.693518e-03	1428910.000000	0.000000e+00
1.397464e+01	6.801364e+00	5.716813e-03	1415416.000000	0.000000e+00
1.399917e+01	6.766075e+00	5.676713e-03	1420626.000000	0.000000e+00
1.402372e+01	6.774691e+00	5.708385e-03	1408486.000000	0.000000e+00
1.404824e+01	6.754576e+00	5.694367e-03	1407036.000000	0.000000e+00
1.407278e+01	6.741143e+00	5.692375e-03	1402426.000000	0.000000e+00
1.409731e+01	6.725537e+00	5.693534e-03	1395372.000000	0.000000e+00
1.412183e+01	6.713279e+00	5.688937e-03	1392538.000000	0.000000e+00
1.414639e+01	6.699978e+00	5.682173e-03	1390330.000000	0.000000e+00
1.417094e+01	6.689752e+00	5.693644e-03	1380510.000000	0.000000e+00
1.419546e+01	6.675172e+00	5.683944e-03	1379194.000000	0.000000e+00
1.422001e+01	6.663240e+00	5.687815e-03	1372398.000000	0.000000e+00
1.424455e+01	6.651812e+00	5.684778e-03	1369156.000000	0.000000e+00
1.426908e+01	6.647079e+00	5.698047e-03	1360848.000000	0.000000e+00
1.429362e+01	6.632162e+00	5.685101e-03	1360924.000000	0.000000e+00
1.431818e+01	6.622937e+00	5.694897e-03	1352476.000000	0.000000e+00
1.434273e+01	6.616753e+00	5.695503e-03	1349664.000000	0.000000e+00
1.436724e+01	6.612298e+00	5.714736e-03	1338790.000000	0.000000e+00
1.439177e+01	6.603394e+00	5.699952e-03	1342122.000000	0.000000e+00
1.441633e+01	6.584700e+00	5.707072e-03	1331206.000000	0.000000e+00
1.444087e+01	6.569960e+00	5.698969e-03	1329024.000000	0.000000e+00
1.446541e+01	6.571844e+00	5.715983e-03	1321882.000000	0.000000e+00
1.448996e+01	6.554463e+00	5.706359e-03	1319338.000000	0.000000e+00
1.451448e+01	6.544770e+00	5.720595e-03	1308900.000000	0.000000e+00
1.453902e+01	6.539278e+00	5.713127e-03	1310122.000000	0.000000e+00
1.456356e+01	6.519567e+00	5.718298e-03	1299882.000000	0.000000e+00
1.458809e+01	6.522322e+00	5.728564e-03	1296322.000000	0.000000e+00
1.461262e+01	6.509437e+00	5.726492e-03	1292140.000000	0.000000e+00
1.463716e+01	6.496746e+00	5.732505e-03	1284408.000000	0.000000e+00
1.466171e+01	6.494317e+00	5.733138e-03	1283164.000000	0.000000e+00
1.468625e+01	6.486556e+00	5.747865e-03	1273548.000000	0.000000e+00
1.471078e+01	6.483132e+00	5.753162e-03	1269862.000000	0.000000e+00
1.473534e+01	6.464874e+00	5.743323e-03	1267050.000000	0.000000e+00
1.475987e+01	6.459338e+00	5.764951e-03	1255408.000000	0.000000e+00
1.478439e+01	6.454639e+00	5.760632e-03	1255462.000000	0.000000e+00
1.480894e+01	6.449458e+00	5.775969e-03	1246800.000000	0.000000e+00
1.483348e+01	6.430641e+00	5.764894e-03	1244302.000000	0.000000e+00
1.485802e+01	6.427395e+00	5.783353e-03	1235124.000000	0.000000e+00
1.488256e+01	6.420708e+00	5.782244e-03	1233028.000000	0.000000e+00
1.490708e+01	6.406620e+00	5.793850e-03	1222710.000000	0.000000e+00
1.493162e+01	6.407705e+00	5.796500e-03	1222006.000000	0.000000e+00
1.495618e+01	6.405958e+00	5.809786e-03	1215760.000000	0.000000e+00
1.498071e+01	6.392456e+00	5.818912e-03	1206846.000000	0.000000e+00
1.500525e+01	6.388672e+00	5.821235e-03	1204456.000000	0.000000e+00
1.502980e+01	6.385702e+00	5.835043e-03	1197648.000000	0.000000e+00
1.505434e+01	6.368714e+00	5.836700e-03	1190608.000000	0.000000e+00
1.507886e+01	6.374141e+00	5.852769e-03	1186098.000000	0.000000e+00
1.510342e+01	6.370846e+00	5.861845e-03	1181206.000000	0.000000e+00
1.512796e+01	6.346915e+00	5.860956e-03	1172704.000000	0.000000e+00
1.515246e+01	6.359562e+00	5.885910e-03	1167420.000000	0.000000e+00
1.517700e+01	6.345365e+00	5.883323e-03	1163236.000000	0.000000e+00
1.520157e+01	6.344031e+00	5.892363e-03	1159182.000000	0.000000e+00
1.522611e+01	6.334637e+00	5.913284e-03	1147588.000000	0.000000e+00
1.525063e+01	6.340424e+00	5.922124e-03	1146256.000000	0.000000e+00
1.527518e+01	6.324310e+00	5.928504e-03	1137984.000000	0.000000e+00
1.529972e+01	6.327887e+00	5.944821e-03	1133026.000000	0.000000e+00
1.532424e+01	6.327359e+00	5.964394e-03	1125414.000000	0.000000e+00
1.534877e+01	6.315598e+00	5.964948e-03	1121026.000000	0.000000e+00
1.537332e+01	6.318290e+00	5.982649e-03	1115352.000000	0.000000e+00
1.539786e+01	6.301418e+00	5.987069e-03	1107766.000000	0.000000e+00
1.542240e+01	6.311950e+00	6.008346e-03	1103614.000000	0.000000e+00
1.544694e+01	6.314240e+00	6.033246e-03	1095318.000000	0.000000e+00
1.547149e+01	6.305232e+00	6.036527e-03	1091008.000000	0.000000e+00
1.549603e+01	6.307015e+00	6.057514e-03	1084074.000000	0.000000e+00
1.552054e+01	6.303142e+00	6.081667e-03	1074160.000000	0.000000e+00
1.554506e+01	6.305425e+00	6.086465e-03	1073244.000000	0.000000e+00
1.556963e+01	6.297723e+00	6.098055e-03	1066558.000000	0.000000e+00
1.559418e+01	6.287418e+00	6.112869e-03	1057924.000000	0.000000e+00
1.561873e+01	6.288545e+00	6.125190e-03	1054050.000000	0.000000e+00
1.564327e+01	6.303238e+00	6.168136e-03	1044286.000000	0.000000e+00
1.566780e+01	6.295289e+00	6.168278e-03	1041606.000000	0.000000e+00
1.569233e+01	6.298196e+00	6.203394e-03	1030798.000000	0.000000e+00
1.571685e+01	6.297794e+00	6.212788e-03	1027552.000000	0.000000e+00
1.574141e+01	6.288936e+00	6.222894e-03	1021338.000000	0.000000e+00
1.576595e+01	6.286309e+00	6.244801e-03	1013338.000000	0.000000e+00
1.579049e+01	6.300959e+00	6.275327e-03	1008186.000000	0.000000e+00
1.581502e+01	6.287145e+00	6.289050e-03	999394.000000	0.000000e+00
1.583955e+01	6.306028e+00	6.322812e-03	994698.000000	0.000000e+00
1.586407e+01	6.298244e+00	6.339381e-03	987064.000000	0.000000e+00
1.588861e+01	6.297070e+00	6.357609e-03	981046.000000	0.000000e+00
1.591315e+01	6.301815e+00	6.380860e-03	975378.000000	0.000000e+00
1.593770e+01	6.297473e+00	6.400572e-03	968044.000000	0.000000e+00
1.596225e+01	6.312259e+00	6.437435e-03	961488.000000	0.000000e+00
1.598677e+01	6.318670e+00	6.471622e-03	953290.000000	0.000000e+00
1.601131e+01	6.326625e+00	6.494166e-03	949068.000000	0.000000e+00
1.603586e+01	6.310830e+00	6.505782e-03	940966.000000	0.000000e+00
1.606040e+01	6.325237e+00	6.544779e-03	934036.000000	0.000000e+00
1.608493e+01	6.325701e+00	6.567800e-03	927636.000000	0.000000e+00
1.610947e+01	6.333986e+00	6.604341e-03	919804.000000	0.000000e+00
1.613400e+01	6.343777e+00	6.635569e-03	913986.000000	0.000000e+00
1.615854e+01	6.340944e+00	6.656030e-03	907564.000000	0.000000e+00
1.618310e+01	6.350594e+00	6.692329e-03	900480.000000	0.000000e+00
1.620765e+01	6.361678e+00	6.730484e-03	893410.000000	0.000000e+00
1.623216e+01	6.356905e+00	6.763492e-03	883384.000000	0.000000e+00
1.625669e+01	6.356750e+00	6.772548e-03	880980.000000	0.000000e+00
1.628123e+01	6.375668e+00	6.830568e-03	871240.000000	0.000000e+00
1.630580e+01	6.366932e+00	6.836212e-03	867420.000000	0.000000e+00
1.633036e+01	6.385274e+00	6.895375e-03	857518.000000	0.000000e+00
1.635486e+01	6.395001e+00	6.941941e-03	848632.000000	0.000000e+00
1.637939e+01	6.398292e+00	6.957914e-03	845610.000000	0.000000e+00
1.640395e+01	6.403804e+00	7.002453e-03	836326.000000	0.000000e+00
1.642848e+01	6.411601e+00	7.040607e-03	829302.000000	0.000000e+00
1.645298e+01	6.426061e+00	7.094321e-03	820480.000000	0.000000e+00
1.647753e+01	6.420534e+00	7.103213e-03	817020.000000	0.000000e+00
1.650209e+01	6.423360e+00	7.144250e-03	808372.000000	0.000000e+00
1.652660e+01	6.434830e+00	7.202105e-03	798280.000000	0.000000e+00
1.655114e+01	6.455078e+00	7.236735e-03	795642.000000	0.000000e+00
1.657571e+01	6.441473e+00	7.264430e-03	786262.000000	0.000000e+00
1.660025e+01	6.461342e+00	7.326010e-03	777876.000000	0.000000e+00
1.662478e+01	6.479075e+00	7.372016e-03	772420.000000	0.000000e+00
1.664931e+01	6.471606e+00	7.411621e-03	762426.000000	0.000000e+00
1.667386e+01	6.504280e+00	7.466493e-03	758866.000000	0.000000e+00
1.669842e+01	6.515549e+00	7.532140e-03	748282.000000	0.000000e+00
1.672293e+01	6.509776e+00	7.563149e-03	740844.000000	0.000000e+00
1.674748e+01	6.524207e+00	7.605128e-03	735940.000000	0.000000e+00
1.677204e+01	6.528730e+00	7.663082e-03	725856.000000	0.000000e+00
1.679655e+01	6.549396e+00	7.725826e-03	718642.000000	0.000000e+00
1.682107e+01	6.554701e+00	7.770347e-03	711582.000000	0.000000e+00
1.684563e+01	6.574909e+00	7.831881e-03	704770.000000	0.000000e+00
1.687018e+01	6.579671e+00	7.881796e-03	696880.000000	0.000000e+00
1.689472e+01	6.587188e+00	7.942172e-03	687894.000000	0.000000e+00
1.691924e+01	6.604419e+00	7.998585e-03	681778.000000	0.000000e+00
1.694378e+01	6.611688e+00	8.062374e-03	672510.000000	0.000000e+00
1.696830e+01	6.624883e+00	8.118741e-03	665854.000000	0.000000e+00
1.699283e+01	6.632124e+00	8.178365e-03	657616.000000	0.000000e+00
1.701740e+01	6.638250e+00	8.222485e-03	651780.000000	0.000000e+00
1.704195e+01	6.651176e+00	8.300790e-03	642034.000000	0.000000e+00
1.706646e+01	6.659810e+00	8.370427e-03	633036.000000	0.000000e+00
1.709097e+01	6.690082e+00	8.443978e-03	627724.000000	0.000000e+00
1.711553e+01	6.693621e+00	8.506149e-03	619236.000000	0.000000e+00
1.714008e+01	6.701316e+00	8.574464e-03	610810.000000	0.000000e+00
1.716463e+01	6.708263e+00	8.626166e-03	604762.000000	0.000000e+00
1.718918e+01	6.715136e+00	8.714682e-03	593754.000000	0.000000e+00
1.721369e+01	6.750598e+00	8.805321e-03	587752.000000	0.000000e+00
1.723823e+01	6.724962e+00	8.839488e-03	578796.000000	0.000000e+00
1.726278e+01	6.760035e+00	8.938765e-03	571930.000000	0.000000e+00
1.728731e+01	6.733097e+00	8.973825e-03	562956.000000	0.000000e+00
1.731188e+01	6.772663e+00	9.081624e-03	556150.000000	0.000000e+00
1.733641e+01	6.770614e+00	9.160073e-03	546334.000000	0.000000e+00
1.736091e+01	6.777386e+00	9.243470e-03	537594.000000	0.000000e+00
1.738543e+01	6.796339e+00	9.314774e-03	532360.000000	0.000000e+00
1.741000e+01	6.791887e+00	9.400700e-03	521988.000000	0.000000e+00
1.743456e+01	6.820298e+00	9.495597e-03	515896.000000	0.000000e+00
1.745909e+01	6.797308e+00	9.562166e-03	505314.000000	0.000000e+00
1.748363e+01	6.802791e+00	9.633536e-03	498658.000000	0.000000e+00
1.750818e+01	6.785893e+00	9.693481e-03	490066.000000	0.000000e+00
1.753269e+01	6.803756e+00	9.820682e-03	479970.000000	0.000000e+00
1.755722e+01	6.808334e+00	9.884439e-03	474436.000000	0.000000e+00
1.758176e+01	6.790551e+00	9.969087e-03	463980.000000	0.000000e+00
1.760629e+01	6.792025e+00	1.004949e-02	456784.000000	0.000000e+00
1.763083e+01	6.815096e+00	1.017784e-02	448366.000000	0.000000e+00
1.765539e+01	6.765387e+00	1.020034e-02	439902.000000	0.000000e+00
1.767993e+01	6.770590e+00	1.031118e-02	431158.000000	0.000000e+00
1.770446e+01	6.781642e+00	1.042986e-02	422778.000000	0.000000e+00
1.772897e+01	6.756495e+00	1.050605e-02	413584.000000	0.000000e+00
1.775351e+01	6.726006e+00	1.054954e-02	406488.000000	0.000000e+00
1.777808e+01	6.689481e+00	1.060681e-02	397754.500000	0.000000e+00
1.780261e+01	6.687399e+00	1.072011e-02	389149.000000	0.000000e+00
1.782713e+01	6.692452e+00	1.082534e-02	382197.000000	0.000000e+00
1.785169e+01	6.666967e+00	1.087801e-02	375628.000000	0.000000e+00
1.787623e+01	6.677500e+00	1.101124e-02	367752.000000	0.000000e+00
1.790076e+01	6.667677e+00	1.108331e-02	361918.000000	0.000000e+00
1.792530e+01	6.647851e+00	1.115540e-02	355134.000000	0.000000e+00
1.794985e+01	6.656103e+00	1.127235e-02	348667.000000	0.000000e+00
1.797440e+01	6.672167e+00	1.139327e-02	342955.000000	0.000000e+00
1.799891e+01	6.650661e+00	1.147820e-02	335724.000000	0.000000e+00
1.802344e+01	6.648156e+00	1.155483e-02	331036.000000	0.000000e+00
1.804802e+01	6.663008e+00	1.168000e-02	325428.000000	0.000000e+00
1.807255e+01	6.657025e+00	1.180032e-02	318253.000000	0.000000e+00
1.809707e+01	6.654022e+00	1.187391e-02	314037.000000	0.000000e+00
1.812164e+01	6.678029e+00	1.203006e-02	308149.000000	0.000000e+00
1.814617e+01	6.642834e+00	1.208273e-02	302257.000000	0.000000e+00
1.817068e+01	6.680683e+00	1.225624e-02	297117.000000	0.000000e+00
1.819523e+01	6.687697e+00	1.236249e-02	292645.000000	0.000000e+00
1.821979e+01	6.688248e+00	1.248351e-02	287046.000000	0.000000e+00
1.824431e+01	6.700481e+00	1.263277e-02	281329.000000	0.000000e+00
1.826883e+01	6.669373e+00	1.266500e-02	277306.000000	0.000000e+00
1.829337e+01	6.701872e+00	1.284548e-02	272202.000000	0.000000e+00
1.831793e+01	6.719197e+00	1.298610e-02	267718.000000	0.000000e+00
1.834250e+01	6.715867e+00	1.309614e-02	262977.000000	0.000000e+00
1.836701e+01	6.715139e+00	1.324428e-02	257071.000000	0.000000e+00
1.839152e+01	6.701903e+00	1.330450e-02	253746.000000	0.000000e+00
1.841609e+01	6.716327e+00	1.345285e-02	249250.000000	0.000000e+00
1.844064e+01	6.746604e+00	1.365323e-02	244174.000000	0.000000e+00
1.846515e+01	6.735249e+00	1.374569e-02	240090.000000	0.000000e+00
1.848971e+01	6.712290e+00	1.381706e-02	235999.000000	0.000000e+00
1.851428e+01	6.757925e+00	1.403685e-02	231786.000000	0.000000e+00
1.853881e+01	6.755331e+00	1.417677e-02	227059.000000	0.000000e+00
1.856328e+01	6.767075e+00	1.435011e-02	222378.000000	0.000000e+00
1.858784e+01	6.785104e+00	1.445948e-02	220195.000000	0.000000e+00
1.861244e+01	6.798215e+00	1.466134e-02	215002.000000	0.000000e+00
1.863693e+01	6.804533e+00	1.482976e-02	210537.000000	0.000000e+00
1.866143e+01	6.805618e+00	1.494852e-02	207271.000000	0.000000e+00
1.868601e+01	6.796927e+00	1.505341e-02	203871.000000	0.000000e+00
1.871055e+01	6.830704e+00	1.530233e-02	199258.000000	0.000000e+00
1.873503e+01	6.874316e+00	1.555407e-02	195331.000000	0.000000e+00
1.875958e+01	6.826374e+00	1.554104e-02	192939.000000	0.000000e+00
1.878417e+01	6.881925e+00	1.585533e-02	188395.000000	0.000000e+00
1.880870e+01	6.890045e+00	1.601977e-02	184983.000000	0.000000e+00
1.883322e+01	6.868809e+00	1.613539e-02	181219.000000	0.000000e+00
1.885775e+01	6.909366e+00	1.638234e-02	177879.000000	0.000000e+00
1.888231e+01	6.909623e+00	1.653460e-02	174631.000000	0.000000e+00
1.890684e+01	6.936227e+00	1.677852e-02	170899.000000	0.000000e+00
1.893134e+01	6.954253e+00	1.699443e-02	167451.000000	0.000000e+00
1.895590e+01	6.947930e+00	1.711110e-02	164875.000000	0.000000e+00
1.898046e+01	7.002432e+00	1.745906e-02	160863.000000	0.000000e+00
1.900495e+01	7.014749e+00	1.766990e-02	157600.000000	0.000000e+00
1.902946e+01	6.977095e+00	1.773036e-02	154851.000000	0.000000e+00
1.905406e+01	7.071438e+00	1.813076e-02	152119.000000	0.000000e+00
1.907863e+01	7.050353e+00	1.830113e-02	148411.000000	0.000000e+00
1.910311e+01	7.080486e+00	1.859799e-02	144942.000000	0.000000e+00
1.912765e+01	7.080655e+00	1.872279e-02	143023.000000	0.000000e+00
1.915226e+01	7.129799e+00	1.907844e-02	139659.000000	0.000000e+00
1.917678e+01	7.161700e+00	1.940277e-02	136240.000000	0.000000e+00
1.920124e+01	7.215138e+00	1.975313e-02	133419.000000	0.000000e+00
1.922581e+01	7.154412e+00	1.973715e-02	131395.000000	0.000000e+00
1.925040e+01	7.230162e+00	2.021492e-02	127924.000000	0.000000e+00
1.927489e+01	7.221240e+00	2.042320e-02	125019.000000	0.000000e+00
1.929941e+01	7.250064e+00	2.069320e-02	122752.000000	0.000000e+00
1.932402e+01	7.303500e+00	2.105472e-02	120327.000000	0.000000e+00
1.934855e+01	7.321435e+00	2.143484e-02	116668.000000	0.000000e+00
1.937298e+01	7.355809e+00	2.176475e-02	114223.000000	0.000000e+00
1.939755e+01	7.334283e+00	2.183838e-02	112791.000000	0.000000e+00
1.942217e+01	7.379104e+00	2.231874e-02	109312.000000	0.000000e+00
1.944667e+01	7.396308e+00	2.261963e-02	106920.000000	0.000000e+00
1.947113e+01	7.448202e+00	2.309534e-02	104005.000000	0.000000e+00
1.949570e+01	7.426028e+00	2.316069e-02	102804.000000	0.000000e+00
1.952032e+01	7.459318e+00	2.363208e-02	99631.000000	0.000000e+00
1.954482e+01	7.524659e+00	2.414678e-02	97108.000000	0.000000e+00
1.956930e+01	7.583578e+00	2.461280e-02	94935.000000	0.000000e+00
1.959391e+01	7.586552e+00	2.485751e-02	93148.000000	0.000000e+00
1.961850e+01	7.604048e+00	2.529797e-02	90348.000000	0.000000e+00
1.964294e+01	7.613205e+00	2.570753e-02	87703.000000	0.000000e+00
1.966740e+01	7.692051e+00	2.621810e-02	86076.000000	0.000000e+00
1.969204e+01	7.715003e+00	2.655613e-02	84400.000000	0.000000e+00
1.971660e+01	7.751041e+00	2.717891e-02	81331.000000	0.000000e+00
1.974103e+01	7.766608e+00	2.755364e-02	79452.000000	0.000000e+00
1.976563e+01	7.872998e+00	2.816099e-02	78160.000000	0.000000e+00
1.979032e+01	7.860148e+00	2.855876e-02	75750.000000	0.000000e+00
1.981482e+01	7.951525e+00	2.940033e-02	73147.000000	0.000000e+00
1.983914e+01	7.938304e+00	2.983145e-02	70812.000000	0.000000e+00
1.986374e+01	8.010638e+00	3.014075e-02	70636.000000	0.000000e+00
1.988844e+01	7.953985e+00	3.059768e-02	67576.000000	0.000000e+00
1.991292e+01	8.018192e+00	3.127552e-02	65727.000000	0.000000e+00
1.993736e+01	8.144616e+00	3.226103e-02	63736.000000	0.000000e+00
1.996197e+01	8.111942e+00	3.239908e-02	62688.000000	0.000000e+00
1.998658e+01	8.169713e+00	3.328510e-02	60244.000000	0.000000e+00
2.001095e+01	8.207070e+00	3.405687e-02	58072.000000	0.000000e+00
2.003547e+01	8.317806e+00	3.470365e-02	57447.000000	0.000000e+00
2.006019e+01	8.384552e+00	3.562576e-02	55390.000000	0.000000e+00
2.008472e+01	8.406289e+00	3.638984e-02	53364.000000	0.000000e+00
2.010903e+01	8.429503e+00	3.722878e-02	51268.000000	0.000000e+00
2.013363e+01	8.496118e+00	3.756844e-02	51144.000000	0.000000e+00
2.015842e+01	8.581259e+00	3.885668e-02	48772.000000	0.000000e+00
2.018288e+01	8.636844e+00	3.991189e-02	46828.000000	0.000000e+00
2.020721e+01	8.663686e+00	4.067324e-02	45372.000000	0.000000e+00
2.023181e+01	8.680441e+00	4.113122e-02	44539.000000	0.000000e+00
2.025650e+01	8.715433e+00	4.216706e-02	42720.000000	0.000000e+00
2.028095e+01	8.853720e+00	4.375957e-02	40936.000000	0.000000e+00
2.030542e+01	8.877806e+00	4.440124e-02	39978.000000	0.000000e+00
2.033011e+01	8.949813e+00	4.554863e-02	38608.000000	0.000000e+00
2.035466e+01	8.940555e+00	4.654771e-02	36892.000000	0.000000e+00
2.037892e+01	9.019325e+00	4.806770e-02	35208.000000	0.000000e+00
2.040348e+01	9.039276e+00	4.830316e-02	35020.000000	0.000000e+00
2.042837e+01	9.107871e+00	4.985696e-02	33372.000000	0.000000e+00
2.045281e+01	9.216146e+00	5.199316e-02	31420.000000	0.000000e+00
2.047697e+01	9.364102e+00	5.375280e-02	30348.000000	0.000000e+00
2.050165e+01	9.419227e+00	5.434571e-02	30040.000000	0.000000e+00
2.052659e+01	9.343985e+00	5.532182e-02	28528.000000	0.000000e+00
2.055100e+01	9.476427e+00	5.807969e-02	26622.000000	0.000000e+00
2.057510e+01	9.523902e+00	5.931622e-02	25780.000000	0.000000e+00
2.059985e+01	9.713130e+00	6.088331e-02	25452.000000	0.000000e+00
2.062477e+01	9.652359e+00	6.233168e-02	23980.000000	0.000000e+00
2.064904e+01	9.852867e+00	6.612216e-02	22204.000000	0.000000e+00
2.067328e+01	9.877963e+00	6.671255e-02	21924.000000	0.000000e+00
2.069813e+01	9.998660e+00	6.891204e-02	21052.000000	0.000000e+00
2.072282e+01	1.014400e+01	7.222168e-02	19728.000000	0.000000e+00
2.074689e+01	1.008865e+01	7.454485e-02	18316.000000	0.000000e+00
2.077148e+01	1.031023e+01	7.575727e-02	18522.000000	0.000000e+00
2.079650e+01	1.038982e+01	7.955537e-02	17056.000000	0.000000e+00
2.082086e+01	1.032549e+01	8.188386e-02	15901.000000	0.000000e+00
2.084494e+01	1.058471e+01	8.604601e-02	15132.000000	0.000000e+00
2.086988e+01	1.067223e+01	8.709193e-02	15016.000000	0.000000e+00
2.089484e+01	1.068502e+01	9.175836e-02	13560.000000	0.000000e+00
2.091874e+01	1.070760e+01	9.601778e-02	12436.000000	0.000000e+00
2.094286e+01	1.100756e+01	9.920342e-02	12312.000000	0.000000e+00
2.096835e+01	1.104481e+01	1.007577e-01	12016.000000	0.000000e+00
2.099333e+01	1.124209e+01	1.101636e-01	10414.000000	0.000000e+00
2.101635e+01	1.136379e+01	1.179893e-01	9276.000000	0.000000e+00
2.104066e+01	1.154083e+01	1.156340e-01	9961.000000	0.000000e+00
2.106684e+01	1.152821e+01	1.200074e-01	9228.000000	0.000000e+00
2.109169e+01	1.163337e+01	1.322999e-01	7732.000000	0.000000e+00
2.111385e+01	1.184310e+01	1.440856e-01	6756.000000	0.000000e+00
2.113864e+01	1.185670e+01	1.346310e-01	7756.000000	0.000000e+00
2.116547e+01	1.222603e+01	1.480449e-01	6820.000000	0.000000e+00
2.118998e+01	1.235928e+01	1.688464e-01	5358.000000	0.000000e+00
2.121167e+01	1.255628e+01	1.776971e-01	4993.000000	0.000000e+00
2.123701e+01	1.246282e+01	1.677440e-01	5520.000000	0.000000e+00
2.126409e+01	1.272349e+01	1.838010e-01	4792.000000	0.000000e+00
2.128812e+01	1.314080e+01	2.241791e-01	3436.000000	0.000000e+00
2.130920e+01	1.302012e+01	2.207117e-01	3480.000000	0.000000e+00
2.133536e+01	1.324528e+01	2.171357e-01	3721.000000	0.000000e+00
2.136298e+01	1.342635e+01	2.399094e-01	3132.000000	0.000000e+00
2.138535e+01	1.360009e+01	3.228978e-01	1774.000000	0.000000e+00
2.140616e+01	1.366348e+01	2.782100e-01	2412.000000	0.000000e+00
2.143360e+01	1.406162e+01	2.989805e-01	2212.000000	0.000000e+00
2.146162e+01	1.421779e+01	3.317246e-01	1837.000000	0.000000e+00
2.148292e+01	1.448382e+01	5.070352e-01	816.000000	0.000000e+00
2.150387e+01	1.451753e+01	3.919365e-01	1372.000000	0.000000e+00
2.153200e+01	1.514367e+01	4.582684e-01	1092.000000	0.000000e+00
2.156014e+01	1.613983e+01	5.555559e-01	844.000000	0.000000e+00
2.158178e+01	1.536374e+01	8.344441e-01	339.000000	0.000000e+00
2.160234e+01	1.563954e+01	6.780599e-01	532.000000	0.000000e+00
2.163046e+01	1.609207e+01	8.434535e-01	364.000000	0.000000e+00
2.165853e+01	1.613794e+01	1.068761e+00	228.000000	0.000000e+00
2.168066e+01	1.789100e+01	2.093983e+00	73.000000	0.000000e+00
2.170037e+01	1.813210e+01	1.978374e+00	84.000000	0.000000e+00
2.172766e+01	1.110135e+01	2.097959e+00	28.000000	0.000000e+00
2.175143e+01	2.278312e+01	1.315384e+01	3.000000	0.000000e+00
