# [<k> (h/Mpc)]	[<P_0(k)> (Mpc/h)^3]	[ErrorBar (Mpc/h)^3]	nModes	[<P_2(k)> (Mpc/h)^3]
3.476422e-02	1.501467e+04	4.164320e+03	13.000000	0.000000e+00
5.890282e-02	1.096875e+04	1.909414e+03	33.000000	0.000000e+00
8.378087e-02	6.481763e+03	7.292553e+02	79.000000	0.000000e+00
1.087368e-01	4.977334e+03	4.601547e+02	117.000000	0.000000e+00
1.341836e-01	3.721164e+03	2.598974e+02	205.000000	0.000000e+00
1.581206e-01	2.747145e+03	1.792040e+02	235.000000	0.000000e+00
1.826843e-01	2.127323e+03	1.107440e+02	369.000000	0.000000e+00
2.073525e-01	1.962240e+03	9.429925e+01	433.000000	0.000000e+00
2.322407e-01	1.714177e+03	7.087248e+01	585.000000	0.000000e+00
2.568838e-01	1.444390e+03	5.543061e+01	679.000000	0.000000e+00
2.811185e-01	1.310807e+03	4.597200e+01	813.000000	0.000000e+00
3.057758e-01	1.159814e+03	3.695475e+01	985.000000	0.000000e+00
3.308750e-01	1.121381e+03	3.260325e+01	1183.000000	0.000000e+00
3.553459e-01	1.039394e+03	2.917759e+01	1269.000000	0.000000e+00
3.797184e-01	8.898198e+02	2.269683e+01	1537.000000	0.000000e+00
4.042043e-01	8.673894e+02	2.133427e+01	1653.000000	0.000000e+00
4.287408e-01	7.822288e+02	1.765524e+01	1963.000000	0.000000e+00
4.533372e-01	7.663895e+02	1.664099e+01	2121.000000	0.000000e+00
4.779960e-01	7.199353e+02	1.465598e+01	2413.000000	0.000000e+00
5.026630e-01	6.830847e+02	1.330712e+01	2635.000000	0.000000e+00
5.271488e-01	6.180455e+02	1.152260e+01	2877.000000	0.000000e+00
5.515428e-01	6.016539e+02	1.068773e+01	3169.000000	0.000000e+00
5.762241e-01	5.669969e+02	9.574428e+00	3507.000000	0.000000e+00
6.007286e-01	5.706656e+02	9.400760e+00	3685.000000	0.000000e+00
6.252569e-01	5.420372e+02	8.398884e+00	4165.000000	0.000000e+00
6.499966e-01	5.270440e+02	7.966335e+00	4377.000000	0.000000e+00
6.746858e-01	4.935277e+02	7.082995e+00	4855.000000	0.000000e+00
6.991271e-01	4.868246e+02	6.934149e+00	4929.000000	0.000000e+00
7.235757e-01	4.690507e+02	6.278613e+00	5581.000000	0.000000e+00
7.479714e-01	4.524737e+02	6.004231e+00	5679.000000	0.000000e+00
7.726133e-01	4.413063e+02	5.522804e+00	6385.000000	0.000000e+00
7.972413e-01	4.233501e+02	5.229733e+00	6553.000000	0.000000e+00
8.218513e-01	4.152259e+02	4.919172e+00	7125.000000	0.000000e+00
8.464491e-01	3.986109e+02	4.619111e+00	7447.000000	0.000000e+00
8.709767e-01	3.914858e+02	4.396497e+00	7929.000000	0.000000e+00
8.955547e-01	3.766331e+02	4.120949e+00	8353.000000	0.000000e+00
9.199772e-01	3.686370e+02	3.935278e+00	8775.000000	0.000000e+00
9.444963e-01	3.672568e+02	3.805617e+00	9313.000000	0.000000e+00
9.690846e-01	3.580677e+02	3.609488e+00	9841.000000	0.000000e+00
9.935517e-01	3.504830e+02	3.471831e+00	10191.000000	0.000000e+00
1.018099e+00	3.422125e+02	3.278253e+00	10897.000000	0.000000e+00
1.042679e+00	3.335955e+02	3.138064e+00	11301.000000	0.000000e+00
1.067353e+00	3.245705e+02	2.959829e+00	12025.000000	0.000000e+00
1.092004e+00	3.155544e+02	2.831138e+00	12423.000000	0.000000e+00
1.116549e+00	3.094096e+02	2.711512e+00	13021.000000	0.000000e+00
1.140967e+00	3.055553e+02	2.639103e+00	13405.000000	0.000000e+00
1.165410e+00	2.953857e+02	2.474729e+00	14247.000000	0.000000e+00
1.189942e+00	2.856431e+02	2.359720e+00	14653.000000	0.000000e+00
1.214340e+00	2.849987e+02	2.301597e+00	15333.000000	0.000000e+00
1.238824e+00	2.785433e+02	2.205596e+00	15949.000000	0.000000e+00
1.263616e+00	2.698479e+02	2.066056e+00	17059.000000	0.000000e+00
1.288278e+00	2.658352e+02	2.033071e+00	17097.000000	0.000000e+00
1.312698e+00	2.590392e+02	1.932644e+00	17965.000000	0.000000e+00
1.337129e+00	2.536118e+02	1.863031e+00	18531.000000	0.000000e+00
1.361846e+00	2.511521e+02	1.790794e+00	19669.000000	0.000000e+00
1.386459e+00	2.451631e+02	1.738221e+00	19893.000000	0.000000e+00
1.410760e+00	2.391506e+02	1.670912e+00	20485.000000	0.000000e+00
1.435294e+00	2.391298e+02	1.621415e+00	21751.000000	0.000000e+00
1.459966e+00	2.318983e+02	1.556084e+00	22209.000000	0.000000e+00
1.484553e+00	2.281756e+02	1.503206e+00	23041.000000	0.000000e+00
1.509059e+00	2.255607e+02	1.465452e+00	23691.000000	0.000000e+00
1.533565e+00	2.190416e+02	1.400635e+00	24457.000000	0.000000e+00
1.558284e+00	2.187872e+02	1.362189e+00	25797.000000	0.000000e+00
1.582818e+00	2.141488e+02	1.337725e+00	25627.000000	0.000000e+00
1.607259e+00	2.096589e+02	1.270847e+00	27217.000000	0.000000e+00
1.631809e+00	2.056564e+02	1.239052e+00	27549.000000	0.000000e+00
1.656366e+00	2.015933e+02	1.187632e+00	28813.000000	0.000000e+00
1.680925e+00	1.994783e+02	1.164273e+00	29355.000000	0.000000e+00
1.705257e+00	1.946944e+02	1.125627e+00	29917.000000	0.000000e+00
1.729806e+00	1.918803e+02	1.078507e+00	31653.000000	0.000000e+00
1.754462e+00	1.887068e+02	1.055712e+00	31951.000000	0.000000e+00
1.778992e+00	1.835781e+02	1.009632e+00	33061.000000	0.000000e+00
1.803411e+00	1.808278e+02	9.865404e-01	33597.000000	0.000000e+00
1.827963e+00	1.799378e+02	9.591127e-01	35197.000000	0.000000e+00
1.852647e+00	1.749544e+02	9.243660e-01	35823.000000	0.000000e+00
1.877249e+00	1.731504e+02	9.007873e-01	36949.000000	0.000000e+00
1.901733e+00	1.693504e+02	8.767576e-01	37309.000000	0.000000e+00
1.926241e+00	1.662434e+02	8.409978e-01	39075.000000	0.000000e+00
1.950830e+00	1.640217e+02	8.266125e-01	39373.000000	0.000000e+00
1.975308e+00	1.628120e+02	8.057139e-01	40833.000000	0.000000e+00
1.999729e+00	1.599445e+02	7.879615e-01	41203.000000	0.000000e+00
2.024419e+00	1.561514e+02	7.470673e-01	43689.000000	0.000000e+00
2.049126e+00	1.535217e+02	7.359702e-01	43513.000000	0.000000e+00
2.073508e+00	1.524743e+02	7.233095e-01	44437.000000	0.000000e+00
2.097846e+00	1.501080e+02	7.025526e-01	45651.000000	0.000000e+00
2.122473e+00	1.469298e+02	6.742664e-01	47485.000000	0.000000e+00
2.147106e+00	1.450259e+02	6.622187e-01	47961.000000	0.000000e+00
2.171601e+00	1.428398e+02	6.443188e-01	49147.000000	0.000000e+00
2.196158e+00	1.402801e+02	6.253226e-01	50325.000000	0.000000e+00
2.220735e+00	1.386187e+02	6.099452e-01	51649.000000	0.000000e+00
2.245251e+00	1.367925e+02	5.989944e-01	52153.000000	0.000000e+00
2.269729e+00	1.349353e+02	5.809759e-01	53943.000000	0.000000e+00
2.294271e+00	1.331083e+02	5.691455e-01	54697.000000	0.000000e+00
2.318928e+00	1.304481e+02	5.476131e-01	56745.000000	0.000000e+00
2.343538e+00	1.285018e+02	5.382020e-01	57007.000000	0.000000e+00
2.368026e+00	1.270371e+02	5.254091e-01	58461.000000	0.000000e+00
2.392423e+00	1.234667e+02	5.081279e-01	59041.000000	0.000000e+00
2.416863e+00	1.219426e+02	4.936703e-01	61015.000000	0.000000e+00
2.441509e+00	1.211382e+02	4.840227e-01	62637.000000	0.000000e+00
2.466080e+00	1.190306e+02	4.735944e-01	63169.000000	0.000000e+00
2.490575e+00	1.173948e+02	4.618656e-01	64605.000000	0.000000e+00
2.515186e+00	1.157906e+02	4.490605e-01	66487.000000	0.000000e+00
2.539777e+00	1.147772e+02	4.433138e-01	67033.000000	0.000000e+00
2.564215e+00	1.131680e+02	4.332124e-01	68241.000000	0.000000e+00
2.588707e+00	1.116019e+02	4.218428e-01	69991.000000	0.000000e+00
2.613337e+00	1.096085e+02	4.098981e-01	71505.000000	0.000000e+00
2.637925e+00	1.090486e+02	4.044140e-01	72709.000000	0.000000e+00
2.662420e+00	1.063559e+02	3.923717e-01	73473.000000	0.000000e+00
2.686963e+00	1.049400e+02	3.812523e-01	75763.000000	0.000000e+00
2.711515e+00	1.043390e+02	3.778293e-01	76261.000000	0.000000e+00
2.735982e+00	1.024342e+02	3.668086e-01	77985.000000	0.000000e+00
2.760573e+00	1.011171e+02	3.574784e-01	80011.000000	0.000000e+00
2.785237e+00	9.926958e+01	3.487784e-01	81009.000000	0.000000e+00
2.809671e+00	9.879594e+01	3.458529e-01	81601.000000	0.000000e+00
2.834151e+00	9.702410e+01	3.346036e-01	84081.000000	0.000000e+00
2.858722e+00	9.560069e+01	3.276014e-01	85159.000000	0.000000e+00
2.883250e+00	9.508059e+01	3.229758e-01	86665.000000	0.000000e+00
2.907819e+00	9.324965e+01	3.137372e-01	88341.000000	0.000000e+00
2.932335e+00	9.229614e+01	3.085482e-01	89479.000000	0.000000e+00
2.956914e+00	9.085496e+01	3.003228e-01	91521.000000	0.000000e+00
2.981449e+00	8.953393e+01	2.945052e-01	92425.000000	0.000000e+00
3.005876e+00	8.877264e+01	2.901950e-01	93579.000000	0.000000e+00
3.030403e+00	8.768785e+01	2.825687e-01	96301.000000	0.000000e+00
3.055041e+00	8.636660e+01	2.763721e-01	97657.000000	0.000000e+00
3.079692e+00	8.536522e+01	2.707716e-01	99393.000000	0.000000e+00
3.104241e+00	8.422919e+01	2.660968e-01	100195.000000	0.000000e+00
3.128710e+00	8.354313e+01	2.619576e-01	101709.000000	0.000000e+00
3.153123e+00	8.253729e+01	2.571505e-01	103021.000000	0.000000e+00
3.177619e+00	8.139928e+01	2.504807e-01	105607.000000	0.000000e+00
3.202185e+00	8.077457e+01	2.471558e-01	106809.000000	0.000000e+00
3.226708e+00	7.943432e+01	2.410279e-01	108613.000000	0.000000e+00
3.251321e+00	7.844054e+01	2.356720e-01	110781.000000	0.000000e+00
3.275882e+00	7.740531e+01	2.316621e-01	111643.000000	0.000000e+00
3.300393e+00	7.676165e+01	2.276872e-01	113661.000000	0.000000e+00
3.324955e+00	7.571862e+01	2.230291e-01	115261.000000	0.000000e+00
3.349528e+00	7.510857e+01	2.191375e-01	117475.000000	0.000000e+00
3.374087e+00	7.424824e+01	2.157896e-01	118389.000000	0.000000e+00
3.398541e+00	7.324278e+01	2.114222e-01	120013.000000	0.000000e+00
3.423011e+00	7.252377e+01	2.077210e-01	121899.000000	0.000000e+00
3.447546e+00	7.134778e+01	2.025186e-01	124117.000000	0.000000e+00
3.472176e+00	7.075370e+01	1.987989e-01	126669.000000	0.000000e+00
3.496772e+00	6.998565e+01	1.964146e-01	126961.000000	0.000000e+00
3.521302e+00	6.925521e+01	1.921570e-01	129895.000000	0.000000e+00
3.545845e+00	6.819024e+01	1.887912e-01	130461.000000	0.000000e+00
3.570351e+00	6.784302e+01	1.858044e-01	133321.000000	0.000000e+00
3.594817e+00	6.679099e+01	1.827163e-01	133623.000000	0.000000e+00
3.619340e+00	6.658036e+01	1.796107e-01	137413.000000	0.000000e+00
3.643921e+00	6.560072e+01	1.764372e-01	138241.000000	0.000000e+00
3.668501e+00	6.470228e+01	1.723336e-01	140961.000000	0.000000e+00
3.693083e+00	6.400665e+01	1.697037e-01	142255.000000	0.000000e+00
3.717636e+00	6.295963e+01	1.658182e-01	144165.000000	0.000000e+00
3.742123e+00	6.267727e+01	1.643895e-01	145369.000000	0.000000e+00
3.766623e+00	6.202827e+01	1.611309e-01	148191.000000	0.000000e+00
3.791211e+00	6.147760e+01	1.586325e-01	150193.000000	0.000000e+00
3.815740e+00	6.065143e+01	1.558360e-01	151477.000000	0.000000e+00
3.840250e+00	5.997152e+01	1.529413e-01	153759.000000	0.000000e+00
3.864816e+00	5.970232e+01	1.510986e-01	156121.000000	0.000000e+00
3.889416e+00	5.915814e+01	1.487207e-01	158229.000000	0.000000e+00
3.913984e+00	5.839724e+01	1.461700e-01	159613.000000	0.000000e+00
3.938439e+00	5.747722e+01	1.433124e-01	160851.000000	0.000000e+00
3.962856e+00	5.710274e+01	1.414592e-01	162949.000000	0.000000e+00
3.987408e+00	5.643824e+01	1.381644e-01	166861.000000	0.000000e+00
4.011951e+00	5.596723e+01	1.369760e-01	166947.000000	0.000000e+00
4.036502e+00	5.546178e+01	1.341956e-01	170809.000000	0.000000e+00
4.061101e+00	5.499595e+01	1.325912e-01	172041.000000	0.000000e+00
4.085632e+00	5.448300e+01	1.306847e-01	173809.000000	0.000000e+00
4.110226e+00	5.404866e+01	1.283331e-01	177375.000000	0.000000e+00
4.134760e+00	5.331588e+01	1.267355e-01	176977.000000	0.000000e+00
4.159247e+00	5.295611e+01	1.245323e-01	180829.000000	0.000000e+00
4.183807e+00	5.221301e+01	1.221936e-01	182583.000000	0.000000e+00
4.208321e+00	5.165894e+01	1.203962e-01	184105.000000	0.000000e+00
4.232839e+00	5.131028e+01	1.185615e-01	187293.000000	0.000000e+00
4.257376e+00	5.099056e+01	1.174982e-01	188329.000000	0.000000e+00
4.281944e+00	5.014404e+01	1.143034e-01	192451.000000	0.000000e+00
4.306505e+00	4.988069e+01	1.136636e-01	192585.000000	0.000000e+00
4.331033e+00	4.921571e+01	1.111338e-01	196117.000000	0.000000e+00
4.355617e+00	4.874039e+01	1.094787e-01	198207.000000	0.000000e+00
4.380161e+00	4.848360e+01	1.085220e-01	199597.000000	0.000000e+00
4.404676e+00	4.822912e+01	1.071607e-01	202557.000000	0.000000e+00
4.429249e+00	4.759033e+01	1.051487e-01	204847.000000	0.000000e+00
4.453772e+00	4.737073e+01	1.042839e-01	206341.000000	0.000000e+00
4.478282e+00	4.669925e+01	1.020966e-01	209217.000000	0.000000e+00
4.502777e+00	4.642508e+01	1.011862e-01	210505.000000	0.000000e+00
4.527289e+00	4.613737e+01	9.966503e-02	214299.000000	0.000000e+00
4.551889e+00	4.536974e+01	9.749272e-02	216565.000000	0.000000e+00
4.576426e+00	4.517429e+01	9.679245e-02	217821.000000	0.000000e+00
4.600893e+00	4.464881e+01	9.516240e-02	220135.000000	0.000000e+00
4.625467e+00	4.421190e+01	9.335115e-02	224305.000000	0.000000e+00
4.650035e+00	4.412129e+01	9.303384e-02	224913.000000	0.000000e+00
4.674541e+00	4.360851e+01	9.138070e-02	227737.000000	0.000000e+00
4.699104e+00	4.296256e+01	8.942096e-02	230835.000000	0.000000e+00
4.723670e+00	4.275125e+01	8.860919e-02	232777.000000	0.000000e+00
4.748182e+00	4.250740e+01	8.780178e-02	234381.000000	0.000000e+00
4.772682e+00	4.206770e+01	8.629295e-02	237655.000000	0.000000e+00
4.797203e+00	4.176398e+01	8.537194e-02	239317.000000	0.000000e+00
4.821755e+00	4.140859e+01	8.390889e-02	243537.000000	0.000000e+00
4.846361e+00	4.116197e+01	8.312123e-02	245227.000000	0.000000e+00
4.870915e+00	4.063362e+01	8.171479e-02	247269.000000	0.000000e+00
4.895426e+00	4.042112e+01	8.090294e-02	249625.000000	0.000000e+00
4.919952e+00	4.025099e+01	8.012833e-02	252337.000000	0.000000e+00
4.944496e+00	3.976696e+01	7.869802e-02	255339.000000	0.000000e+00
4.969013e+00	3.937639e+01	7.775384e-02	256465.000000	0.000000e+00
4.993562e+00	3.917267e+01	7.663655e-02	261273.000000	0.000000e+00
5.018138e+00	3.878632e+01	7.573676e-02	262267.000000	0.000000e+00
5.042642e+00	3.847211e+01	7.477985e-02	264681.000000	0.000000e+00
5.067215e+00	3.803699e+01	7.332602e-02	269089.000000	0.000000e+00
5.091775e+00	3.796581e+01	7.315294e-02	269353.000000	0.000000e+00
5.116309e+00	3.771001e+01	7.203666e-02	274035.000000	0.000000e+00
5.140838e+00	3.733795e+01	7.129498e-02	274273.000000	0.000000e+00
5.165333e+00	3.709337e+01	7.028626e-02	278517.000000	0.000000e+00
5.189818e+00	3.685974e+01	6.972824e-02	279439.000000	0.000000e+00
5.214351e+00	3.646214e+01	6.832899e-02	284757.000000	0.000000e+00
5.238947e+00	3.631229e+01	6.785211e-02	286405.000000	0.000000e+00
5.263479e+00	3.592709e+01	6.688547e-02	288523.000000	0.000000e+00
5.288002e+00	3.569010e+01	6.608631e-02	291657.000000	0.000000e+00
5.312546e+00	3.531422e+01	6.508795e-02	294373.000000	0.000000e+00
5.337121e+00	3.519597e+01	6.449296e-02	297825.000000	0.000000e+00
5.361672e+00	3.494576e+01	6.386894e-02	299371.000000	0.000000e+00
5.386196e+00	3.464849e+01	6.298549e-02	302613.000000	0.000000e+00
5.410715e+00	3.445198e+01	6.242028e-02	304633.000000	0.000000e+00
5.435244e+00	3.415673e+01	6.149357e-02	308527.000000	0.000000e+00
5.459823e+00	3.384751e+01	6.065892e-02	311361.000000	0.000000e+00
5.484389e+00	3.368604e+01	6.010566e-02	314101.000000	0.000000e+00
5.508889e+00	3.345346e+01	5.962843e-02	314757.000000	0.000000e+00
5.533464e+00	3.317216e+01	5.844600e-02	322135.000000	0.000000e+00
5.558036e+00	3.297063e+01	5.827301e-02	320125.000000	0.000000e+00
5.582484e+00	3.266518e+01	5.732877e-02	324657.000000	0.000000e+00
5.606956e+00	3.238041e+01	5.667436e-02	326431.000000	0.000000e+00
5.631560e+00	3.222799e+01	5.579745e-02	333609.000000	0.000000e+00
5.656168e+00	3.193835e+01	5.534644e-02	333001.000000	0.000000e+00
5.680698e+00	3.170783e+01	5.464391e-02	336705.000000	0.000000e+00
5.705204e+00	3.158049e+01	5.428454e-02	338443.000000	0.000000e+00
5.729704e+00	3.144543e+01	5.375632e-02	342181.000000	0.000000e+00
5.754232e+00	3.107124e+01	5.288747e-02	345153.000000	0.000000e+00
5.778772e+00	3.079219e+01	5.215130e-02	348619.000000	0.000000e+00
5.803342e+00	3.063184e+01	5.167189e-02	351429.000000	0.000000e+00
5.827902e+00	3.037878e+01	5.100751e-02	354709.000000	0.000000e+00
5.852409e+00	3.028633e+01	5.077320e-02	355815.000000	0.000000e+00
5.876957e+00	3.007977e+01	5.001383e-02	361717.000000	0.000000e+00
5.901534e+00	2.986394e+01	4.957772e-02	362845.000000	0.000000e+00
5.926030e+00	2.969700e+01	4.914265e-02	365181.000000	0.000000e+00
5.950548e+00	2.958584e+01	4.864888e-02	369847.000000	0.000000e+00
5.975137e+00	2.925797e+01	4.789566e-02	373161.000000	0.000000e+00
5.999657e+00	2.902293e+01	4.746486e-02	373885.000000	0.000000e+00
6.024161e+00	2.895317e+01	4.703097e-02	378987.000000	0.000000e+00
6.048714e+00	2.874939e+01	4.655951e-02	381277.000000	0.000000e+00
6.073267e+00	2.860305e+01	4.606946e-02	385477.000000	0.000000e+00
6.097868e+00	2.836859e+01	4.549352e-02	388845.000000	0.000000e+00
6.122369e+00	2.818957e+01	4.521980e-02	388615.000000	0.000000e+00
6.146867e+00	2.796308e+01	4.448767e-02	395085.000000	0.000000e+00
6.171452e+00	2.790052e+01	4.425973e-02	397381.000000	0.000000e+00
6.195974e+00	2.765090e+01	4.372696e-02	399871.000000	0.000000e+00
6.220444e+00	2.747542e+01	4.336160e-02	401493.000000	0.000000e+00
6.244986e+00	2.740727e+01	4.285856e-02	408937.000000	0.000000e+00
6.269588e+00	2.707400e+01	4.229327e-02	409791.000000	0.000000e+00
6.294124e+00	2.693639e+01	4.191364e-02	413017.000000	0.000000e+00
6.318633e+00	2.680634e+01	4.157342e-02	415761.000000	0.000000e+00
6.343202e+00	2.661262e+01	4.102194e-02	420865.000000	0.000000e+00
6.367770e+00	2.646180e+01	4.069761e-02	422767.000000	0.000000e+00
6.392288e+00	2.633022e+01	4.036873e-02	425421.000000	0.000000e+00
6.416837e+00	2.614985e+01	3.985382e-02	430525.000000	0.000000e+00
6.441383e+00	2.599492e+01	3.956197e-02	431739.000000	0.000000e+00
6.465913e+00	2.588365e+01	3.917607e-02	436525.000000	0.000000e+00
6.490433e+00	2.578639e+01	3.894722e-02	438357.000000	0.000000e+00
6.514946e+00	2.552541e+01	3.837731e-02	442381.000000	0.000000e+00
6.539518e+00	2.541479e+01	3.798930e-02	447559.000000	0.000000e+00
6.564059e+00	2.522353e+01	3.769575e-02	447741.000000	0.000000e+00
6.588587e+00	2.511260e+01	3.727641e-02	453853.000000	0.000000e+00
6.613110e+00	2.493364e+01	3.698722e-02	454431.000000	0.000000e+00
6.637622e+00	2.479325e+01	3.655720e-02	459961.000000	0.000000e+00
6.662172e+00	2.463941e+01	3.621998e-02	462769.000000	0.000000e+00
6.686693e+00	2.447351e+01	3.586043e-02	465759.000000	0.000000e+00
6.711227e+00	2.435440e+01	3.552617e-02	469957.000000	0.000000e+00
6.735777e+00	2.419102e+01	3.515628e-02	473481.000000	0.000000e+00
6.760323e+00	2.410241e+01	3.492572e-02	476245.000000	0.000000e+00
6.784855e+00	2.393726e+01	3.453956e-02	480303.000000	0.000000e+00
6.809427e+00	2.384401e+01	3.425309e-02	484573.000000	0.000000e+00
6.833979e+00	2.376121e+01	3.406671e-02	486493.000000	0.000000e+00
6.858503e+00	2.362010e+01	3.372198e-02	490611.000000	0.000000e+00
6.883055e+00	2.348221e+01	3.340083e-02	494269.000000	0.000000e+00
6.907584e+00	2.331732e+01	3.306583e-02	497277.000000	0.000000e+00
6.932134e+00	2.325889e+01	3.283775e-02	501685.000000	0.000000e+00
6.956669e+00	2.302240e+01	3.242479e-02	504135.000000	0.000000e+00
6.981221e+00	2.293114e+01	3.213684e-02	509149.000000	0.000000e+00
7.005753e+00	2.279243e+01	3.189625e-02	510625.000000	0.000000e+00
7.030233e+00	2.265723e+01	3.158917e-02	514443.000000	0.000000e+00
7.054782e+00	2.261262e+01	3.135707e-02	520033.000000	0.000000e+00
7.079343e+00	2.246582e+01	3.107128e-02	522789.000000	0.000000e+00
7.103883e+00	2.230401e+01	3.075292e-02	526009.000000	0.000000e+00
7.128424e+00	2.223987e+01	3.053514e-02	530475.000000	0.000000e+00
7.152965e+00	2.210520e+01	3.027845e-02	532993.000000	0.000000e+00
7.177501e+00	2.193827e+01	2.992274e-02	537529.000000	0.000000e+00
7.202013e+00	2.184624e+01	2.973747e-02	539691.000000	0.000000e+00
7.226577e+00	2.173620e+01	2.939911e-02	546637.000000	0.000000e+00
7.251125e+00	2.167124e+01	2.930266e-02	546957.000000	0.000000e+00
7.275651e+00	2.159773e+01	2.905234e-02	552655.000000	0.000000e+00
7.300226e+00	2.141836e+01	2.870668e-02	556681.000000	0.000000e+00
7.324759e+00	2.135456e+01	2.857450e-02	558501.000000	0.000000e+00
7.349299e+00	2.119706e+01	2.822031e-02	564193.000000	0.000000e+00
7.373825e+00	2.111184e+01	2.807309e-02	565551.000000	0.000000e+00
7.398312e+00	2.098309e+01	2.779686e-02	569833.000000	0.000000e+00
7.422892e+00	2.097385e+01	2.760222e-02	577389.000000	0.000000e+00
7.447442e+00	2.074038e+01	2.732000e-02	576331.000000	0.000000e+00
7.471956e+00	2.071025e+01	2.712726e-02	582853.000000	0.000000e+00
7.496499e+00	2.059003e+01	2.689963e-02	585897.000000	0.000000e+00
7.521014e+00	2.053066e+01	2.675957e-02	588637.000000	0.000000e+00
7.545557e+00	2.040305e+01	2.644509e-02	595251.000000	0.000000e+00
7.570086e+00	2.027554e+01	2.626663e-02	595849.000000	0.000000e+00
7.594613e+00	2.020825e+01	2.603990e-02	602253.000000	0.000000e+00
7.619172e+00	2.004982e+01	2.575866e-02	605863.000000	0.000000e+00
7.643756e+00	2.002548e+01	2.562167e-02	610873.000000	0.000000e+00
7.668263e+00	1.994742e+01	2.553266e-02	610353.000000	0.000000e+00
7.692777e+00	1.985943e+01	2.524988e-02	618607.000000	0.000000e+00
7.717371e+00	1.976111e+01	2.505253e-02	622185.000000	0.000000e+00
7.741929e+00	1.966741e+01	2.487281e-02	625237.000000	0.000000e+00
7.766457e+00	1.956050e+01	2.468255e-02	628029.000000	0.000000e+00
7.790953e+00	1.949475e+01	2.452266e-02	631975.000000	0.000000e+00
7.815489e+00	1.936428e+01	2.425229e-02	637525.000000	0.000000e+00
7.840050e+00	1.930346e+01	2.409537e-02	641805.000000	0.000000e+00
7.864588e+00	1.920251e+01	2.392248e-02	644323.000000	0.000000e+00
7.889126e+00	1.911280e+01	2.371767e-02	649389.000000	0.000000e+00
7.913643e+00	1.904125e+01	2.358678e-02	651709.000000	0.000000e+00
7.938181e+00	1.894425e+01	2.334870e-02	658309.000000	0.000000e+00
7.962760e+00	1.891212e+01	2.323338e-02	662607.000000	0.000000e+00
7.987311e+00	1.880007e+01	2.306736e-02	664237.000000	0.000000e+00
8.011811e+00	1.865628e+01	2.282349e-02	668169.000000	0.000000e+00
8.036325e+00	1.863829e+01	2.270912e-02	673615.000000	0.000000e+00
8.060868e+00	1.849965e+01	2.247300e-02	677649.000000	0.000000e+00
8.085446e+00	1.848124e+01	2.234792e-02	683893.000000	0.000000e+00
8.109989e+00	1.841144e+01	2.226332e-02	683905.000000	0.000000e+00
8.134471e+00	1.832178e+01	2.207522e-02	688851.000000	0.000000e+00
8.159038e+00	1.822850e+01	2.183110e-02	697189.000000	0.000000e+00
8.183598e+00	1.815472e+01	2.175741e-02	696249.000000	0.000000e+00
8.208073e+00	1.811282e+01	2.162742e-02	701395.000000	0.000000e+00
8.232590e+00	1.805648e+01	2.148216e-02	706497.000000	0.000000e+00
8.257144e+00	1.795418e+01	2.127349e-02	712285.000000	0.000000e+00
8.281710e+00	1.786432e+01	2.111700e-02	715663.000000	0.000000e+00
8.306271e+00	1.778646e+01	2.096072e-02	720057.000000	0.000000e+00
8.330826e+00	1.775199e+01	2.085462e-02	724585.000000	0.000000e+00
8.355374e+00	1.764854e+01	2.069497e-02	727257.000000	0.000000e+00
8.379901e+00	1.760243e+01	2.056405e-02	732703.000000	0.000000e+00
8.404418e+00	1.752522e+01	2.044421e-02	734829.000000	0.000000e+00
8.428928e+00	1.743951e+01	2.026359e-02	740689.000000	0.000000e+00
8.453504e+00	1.731919e+01	2.002548e-02	747979.000000	0.000000e+00
8.478051e+00	1.729387e+01	2.000966e-02	746973.000000	0.000000e+00
8.502580e+00	1.723165e+01	1.981370e-02	756349.000000	0.000000e+00
8.527138e+00	1.721124e+01	1.978653e-02	756633.000000	0.000000e+00
8.551634e+00	1.711967e+01	1.961698e-02	761599.000000	0.000000e+00
8.576156e+00	1.704858e+01	1.946442e-02	767173.000000	0.000000e+00
8.600697e+00	1.699643e+01	1.935339e-02	771261.000000	0.000000e+00
8.625259e+00	1.692448e+01	1.919355e-02	777535.000000	0.000000e+00
8.649836e+00	1.683809e+01	1.905765e-02	780633.000000	0.000000e+00
8.674376e+00	1.677269e+01	1.893402e-02	784729.000000	0.000000e+00
8.698927e+00	1.673580e+01	1.883226e-02	789747.000000	0.000000e+00
8.723450e+00	1.666347e+01	1.872545e-02	791893.000000	0.000000e+00
8.747957e+00	1.660413e+01	1.859100e-02	797677.000000	0.000000e+00
8.772521e+00	1.654306e+01	1.844472e-02	804429.000000	0.000000e+00
8.797047e+00	1.645993e+01	1.835082e-02	804535.000000	0.000000e+00
8.821541e+00	1.642967e+01	1.824549e-02	810861.000000	0.000000e+00
8.846076e+00	1.637989e+01	1.812923e-02	816325.000000	0.000000e+00
8.870641e+00	1.633604e+01	1.801381e-02	822399.000000	0.000000e+00
8.895170e+00	1.632363e+01	1.799896e-02	822505.000000	0.000000e+00
8.919713e+00	1.619333e+01	1.774611e-02	832657.000000	0.000000e+00
8.944263e+00	1.617762e+01	1.773737e-02	831861.000000	0.000000e+00
8.968772e+00	1.609939e+01	1.757283e-02	839335.000000	0.000000e+00
8.993334e+00	1.604140e+01	1.745383e-02	844701.000000	0.000000e+00
9.017895e+00	1.600352e+01	1.737928e-02	847945.000000	0.000000e+00
9.042430e+00	1.595261e+01	1.727344e-02	852915.000000	0.000000e+00
9.066970e+00	1.588958e+01	1.716625e-02	856789.000000	0.000000e+00
9.091538e+00	1.585463e+01	1.704798e-02	864901.000000	0.000000e+00
9.116063e+00	1.580610e+01	1.701988e-02	862455.000000	0.000000e+00
9.140573e+00	1.570736e+01	1.680647e-02	873481.000000	0.000000e+00
9.165140e+00	1.572329e+01	1.680084e-02	875841.000000	0.000000e+00
9.189653e+00	1.562361e+01	1.666668e-02	878749.000000	0.000000e+00
9.214176e+00	1.556957e+01	1.653619e-02	886507.000000	0.000000e+00
9.238722e+00	1.554719e+01	1.648799e-02	889137.000000	0.000000e+00
9.263252e+00	1.551291e+01	1.639571e-02	895213.000000	0.000000e+00
9.287810e+00	1.544209e+01	1.627139e-02	900663.000000	0.000000e+00
9.312363e+00	1.540202e+01	1.619686e-02	904261.000000	0.000000e+00
9.336898e+00	1.535205e+01	1.610114e-02	909117.000000	0.000000e+00
9.361428e+00	1.533865e+01	1.605339e-02	912937.000000	0.000000e+00
9.385969e+00	1.525377e+01	1.590306e-02	920011.000000	0.000000e+00
9.410496e+00	1.522689e+01	1.586437e-02	921249.000000	0.000000e+00
9.435027e+00	1.518531e+01	1.574622e-02	930025.000000	0.000000e+00
9.459577e+00	1.514219e+01	1.568228e-02	932307.000000	0.000000e+00
9.484080e+00	1.510929e+01	1.561810e-02	935905.000000	0.000000e+00
9.508599e+00	1.506406e+01	1.550552e-02	943869.000000	0.000000e+00
9.533177e+00	1.504955e+01	1.544487e-02	949465.000000	0.000000e+00
9.557740e+00	1.497150e+01	1.533760e-02	952831.000000	0.000000e+00
9.582283e+00	1.496337e+01	1.529050e-02	957669.000000	0.000000e+00
9.606825e+00	1.491081e+01	1.519910e-02	962425.000000	0.000000e+00
9.631356e+00	1.488430e+01	1.513605e-02	967011.000000	0.000000e+00
9.655881e+00	1.482487e+01	1.504207e-02	971329.000000	0.000000e+00
9.680426e+00	1.478783e+01	1.494744e-02	978757.000000	0.000000e+00
9.704942e+00	1.477624e+01	1.493453e-02	978915.000000	0.000000e+00
9.729497e+00	1.470724e+01	1.476961e-02	991573.000000	0.000000e+00
9.754046e+00	1.469394e+01	1.477525e-02	989025.000000	0.000000e+00
9.778535e+00	1.463421e+01	1.466586e-02	995689.000000	0.000000e+00
9.803103e+00	1.461317e+01	1.456658e-02	1006407.000000	0.000000e+00
9.827649e+00	1.459515e+01	1.457115e-02	1003297.000000	0.000000e+00
9.852180e+00	1.454668e+01	1.443471e-02	1015573.000000	0.000000e+00
9.876731e+00	1.452295e+01	1.441414e-02	1015155.000000	0.000000e+00
9.901284e+00	1.448040e+01	1.430185e-02	1025125.000000	0.000000e+00
9.925835e+00	1.444465e+01	1.425889e-02	1026225.000000	0.000000e+00
9.950350e+00	1.440540e+01	1.418450e-02	1031389.000000	0.000000e+00
9.974902e+00	1.437535e+01	1.409582e-02	1040055.000000	0.000000e+00
9.999429e+00	1.434806e+01	1.407630e-02	1038985.000000	0.000000e+00
1.002392e+01	1.431054e+01	1.398116e-02	1047673.000000	0.000000e+00
1.004849e+01	1.431188e+01	1.393077e-02	1055463.000000	0.000000e+00
1.007303e+01	1.429246e+01	1.390722e-02	1056169.000000	0.000000e+00
1.009756e+01	1.422677e+01	1.378906e-02	1064493.000000	0.000000e+00
1.012209e+01	1.419580e+01	1.374543e-02	1066603.000000	0.000000e+00
1.014664e+01	1.418217e+01	1.367046e-02	1076265.000000	0.000000e+00
1.017120e+01	1.414425e+01	1.362052e-02	1078381.000000	0.000000e+00
1.019572e+01	1.410426e+01	1.355662e-02	1082425.000000	0.000000e+00
1.022025e+01	1.410825e+01	1.351043e-02	1090455.000000	0.000000e+00
1.024479e+01	1.408285e+01	1.346761e-02	1093453.000000	0.000000e+00
1.026933e+01	1.403705e+01	1.338175e-02	1100337.000000	0.000000e+00
1.029386e+01	1.400972e+01	1.333203e-02	1104247.000000	0.000000e+00
1.031842e+01	1.397346e+01	1.325020e-02	1112149.000000	0.000000e+00
1.034296e+01	1.397753e+01	1.323795e-02	1114857.000000	0.000000e+00
1.036749e+01	1.397149e+01	1.320162e-02	1120033.000000	0.000000e+00
1.039203e+01	1.392798e+01	1.311602e-02	1127643.000000	0.000000e+00
1.041655e+01	1.391891e+01	1.310345e-02	1128337.000000	0.000000e+00
1.044111e+01	1.389888e+01	1.300820e-02	1141629.000000	0.000000e+00
1.046570e+01	1.386895e+01	1.297727e-02	1142143.000000	0.000000e+00
1.049021e+01	1.382980e+01	1.292520e-02	1144873.000000	0.000000e+00
1.051473e+01	1.380965e+01	1.285428e-02	1154169.000000	0.000000e+00
1.053925e+01	1.382137e+01	1.286046e-02	1155019.000000	0.000000e+00
1.056380e+01	1.378580e+01	1.275507e-02	1168149.000000	0.000000e+00
1.058835e+01	1.378462e+01	1.276222e-02	1166641.000000	0.000000e+00
1.061283e+01	1.372504e+01	1.268453e-02	1170789.000000	0.000000e+00
1.063739e+01	1.375516e+01	1.263204e-02	1185727.000000	0.000000e+00
1.066197e+01	1.370657e+01	1.259624e-02	1184065.000000	0.000000e+00
1.068650e+01	1.371527e+01	1.256503e-02	1191465.000000	0.000000e+00
1.071103e+01	1.367069e+01	1.250828e-02	1194499.000000	0.000000e+00
1.073555e+01	1.365454e+01	1.245483e-02	1201929.000000	0.000000e+00
1.076011e+01	1.366878e+01	1.242864e-02	1209517.000000	0.000000e+00
1.078466e+01	1.363236e+01	1.238063e-02	1212429.000000	0.000000e+00
1.080918e+01	1.362807e+01	1.235402e-02	1216891.000000	0.000000e+00
1.083370e+01	1.359286e+01	1.229278e-02	1222705.000000	0.000000e+00
1.085823e+01	1.360452e+01	1.226345e-02	1230669.000000	0.000000e+00
1.088282e+01	1.357052e+01	1.219069e-02	1239187.000000	0.000000e+00
1.090737e+01	1.357932e+01	1.220585e-02	1237713.000000	0.000000e+00
1.093189e+01	1.354082e+01	1.212704e-02	1246753.000000	0.000000e+00
1.095642e+01	1.354348e+01	1.211247e-02	1250245.000000	0.000000e+00
1.098096e+01	1.354156e+01	1.206325e-02	1260111.000000	0.000000e+00
1.100552e+01	1.353345e+01	1.204726e-02	1261945.000000	0.000000e+00
1.103005e+01	1.352027e+01	1.200363e-02	1268661.000000	0.000000e+00
1.105458e+01	1.351384e+01	1.197237e-02	1274083.000000	0.000000e+00
1.107911e+01	1.348430e+01	1.192128e-02	1279413.000000	0.000000e+00
1.110366e+01	1.349042e+01	1.188949e-02	1287433.000000	0.000000e+00
1.112821e+01	1.348024e+01	1.186347e-02	1291135.000000	0.000000e+00
1.115273e+01	1.346740e+01	1.183200e-02	1295541.000000	0.000000e+00
1.117726e+01	1.348389e+01	1.181282e-02	1302937.000000	0.000000e+00
1.120181e+01	1.346118e+01	1.176270e-02	1309641.000000	0.000000e+00
1.122634e+01	1.346210e+01	1.175113e-02	1312399.000000	0.000000e+00
1.125085e+01	1.348824e+01	1.174531e-02	1318809.000000	0.000000e+00
1.127541e+01	1.345807e+01	1.167143e-02	1329589.000000	0.000000e+00
1.129999e+01	1.345669e+01	1.166090e-02	1331719.000000	0.000000e+00
1.132451e+01	1.346875e+01	1.165601e-02	1335225.000000	0.000000e+00
1.134903e+01	1.345949e+01	1.161126e-02	1343689.000000	0.000000e+00
1.137357e+01	1.346340e+01	1.159529e-02	1348173.000000	0.000000e+00
1.139811e+01	1.346319e+01	1.156055e-02	1356247.000000	0.000000e+00
1.142265e+01	1.345582e+01	1.154298e-02	1358889.000000	0.000000e+00
1.144718e+01	1.347927e+01	1.152781e-02	1367221.000000	0.000000e+00
1.147174e+01	1.345685e+01	1.148003e-02	1374043.000000	0.000000e+00
1.149628e+01	1.347612e+01	1.148299e-02	1377273.000000	0.000000e+00
1.152079e+01	1.349675e+01	1.148335e-02	1381405.000000	0.000000e+00
1.154533e+01	1.347806e+01	1.141953e-02	1393023.000000	0.000000e+00
1.156988e+01	1.348099e+01	1.141843e-02	1393897.000000	0.000000e+00
1.159441e+01	1.349924e+01	1.139706e-02	1402921.000000	0.000000e+00
1.161895e+01	1.349459e+01	1.137376e-02	1407705.000000	0.000000e+00
1.164349e+01	1.349075e+01	1.134444e-02	1414183.000000	0.000000e+00
1.166804e+01	1.351785e+01	1.134477e-02	1419789.000000	0.000000e+00
1.169259e+01	1.352818e+01	1.132336e-02	1427341.000000	0.000000e+00
1.171712e+01	1.355231e+01	1.133746e-02	1428879.000000	0.000000e+00
1.174164e+01	1.351815e+01	1.127198e-02	1438249.000000	0.000000e+00
1.176619e+01	1.356029e+01	1.127925e-02	1445365.000000	0.000000e+00
1.179072e+01	1.355693e+01	1.127156e-02	1446621.000000	0.000000e+00
1.181525e+01	1.355992e+01	1.123211e-02	1457443.000000	0.000000e+00
1.183979e+01	1.356716e+01	1.122420e-02	1461057.000000	0.000000e+00
1.186435e+01	1.358883e+01	1.120769e-02	1470049.000000	0.000000e+00
1.188889e+01	1.361524e+01	1.121665e-02	1473411.000000	0.000000e+00
1.191343e+01	1.363163e+01	1.120546e-02	1479913.000000	0.000000e+00
1.193797e+01	1.364341e+01	1.118918e-02	1486789.000000	0.000000e+00
1.196251e+01	1.366103e+01	1.118522e-02	1491687.000000	0.000000e+00
1.198703e+01	1.368547e+01	1.118483e-02	1497133.000000	0.000000e+00
1.201156e+01	1.371121e+01	1.117632e-02	1505061.000000	0.000000e+00
1.203612e+01	1.369553e+01	1.113979e-02	1511485.000000	0.000000e+00
1.206065e+01	1.371885e+01	1.114416e-02	1515447.000000	0.000000e+00
1.208515e+01	1.374960e+01	1.115304e-02	1519825.000000	0.000000e+00
1.210971e+01	1.375383e+01	1.109866e-02	1535701.000000	0.000000e+00
1.213428e+01	1.378637e+01	1.113814e-02	1532055.000000	0.000000e+00
1.215881e+01	1.379586e+01	1.109880e-02	1545061.000000	0.000000e+00
1.218336e+01	1.380534e+01	1.110446e-02	1545609.000000	0.000000e+00
1.220787e+01	1.385264e+01	1.111796e-02	1552441.000000	0.000000e+00
1.223242e+01	1.388443e+01	1.110271e-02	1563859.000000	0.000000e+00
1.225696e+01	1.389888e+01	1.111529e-02	1563573.000000	0.000000e+00
1.228148e+01	1.393356e+01	1.110739e-02	1573621.000000	0.000000e+00
1.230602e+01	1.396732e+01	1.111642e-02	1578687.000000	0.000000e+00
1.233056e+01	1.397752e+01	1.110019e-02	1585621.000000	0.000000e+00
1.235512e+01	1.402073e+01	1.110092e-02	1595229.000000	0.000000e+00
1.237965e+01	1.400646e+01	1.109621e-02	1593337.000000	0.000000e+00
1.240419e+01	1.408615e+01	1.110231e-02	1609747.000000	0.000000e+00
1.242874e+01	1.408646e+01	1.111158e-02	1607133.000000	0.000000e+00
1.245325e+01	1.412682e+01	1.111180e-02	1616293.000000	0.000000e+00
1.247780e+01	1.414492e+01	1.108729e-02	1627611.000000	0.000000e+00
1.250235e+01	1.418305e+01	1.112116e-02	1626445.000000	0.000000e+00
1.252688e+01	1.424130e+01	1.112376e-02	1639065.000000	0.000000e+00
1.255143e+01	1.427025e+01	1.113766e-02	1641631.000000	0.000000e+00
1.257596e+01	1.428855e+01	1.114014e-02	1645109.500000	0.000000e+00
1.260049e+01	1.427188e+01	1.113681e-02	1642254.000000	0.000000e+00
1.262503e+01	1.427511e+01	1.114994e-02	1639132.000000	0.000000e+00
1.264958e+01	1.426287e+01	1.114793e-02	1636914.000000	0.000000e+00
1.267411e+01	1.425273e+01	1.116126e-02	1630684.000000	0.000000e+00
1.269864e+01	1.425228e+01	1.116762e-02	1628722.000000	0.000000e+00
1.272316e+01	1.423056e+01	1.116536e-02	1624422.000000	0.000000e+00
1.274773e+01	1.423503e+01	1.115908e-02	1627270.000000	0.000000e+00
1.277225e+01	1.421568e+01	1.119609e-02	1612140.000000	0.000000e+00
1.279677e+01	1.422098e+01	1.117451e-02	1619578.000000	0.000000e+00
1.282133e+01	1.421431e+01	1.120241e-02	1610010.000000	0.000000e+00
1.284587e+01	1.420331e+01	1.119133e-02	1610704.000000	0.000000e+00
1.287043e+01	1.419417e+01	1.120307e-02	1605262.000000	0.000000e+00
1.289495e+01	1.421731e+01	1.124202e-02	1599360.000000	0.000000e+00
1.291951e+01	1.420627e+01	1.122427e-02	1601932.000000	0.000000e+00
1.294403e+01	1.422181e+01	1.128366e-02	1588584.000000	0.000000e+00
1.296853e+01	1.421759e+01	1.126943e-02	1591654.000000	0.000000e+00
1.299309e+01	1.419049e+01	1.125723e-02	1589028.000000	0.000000e+00
1.301763e+01	1.419000e+01	1.128439e-02	1581280.000000	0.000000e+00
1.304217e+01	1.417350e+01	1.127210e-02	1581046.000000	0.000000e+00
1.306670e+01	1.420056e+01	1.131545e-02	1574952.000000	0.000000e+00
1.309123e+01	1.421043e+01	1.133590e-02	1571458.000000	0.000000e+00
1.311579e+01	1.421285e+01	1.133875e-02	1571202.000000	0.000000e+00
1.314034e+01	1.421516e+01	1.136489e-02	1564492.000000	0.000000e+00
1.316488e+01	1.420903e+01	1.137408e-02	1560618.000000	0.000000e+00
1.318940e+01	1.419715e+01	1.138165e-02	1555936.000000	0.000000e+00
1.321393e+01	1.420378e+01	1.140036e-02	1552282.000000	0.000000e+00
1.323848e+01	1.420061e+01	1.139953e-02	1551816.000000	0.000000e+00
1.326302e+01	1.423074e+01	1.145697e-02	1542820.000000	0.000000e+00
1.328757e+01	1.423595e+01	1.145512e-02	1544448.000000	0.000000e+00
1.331210e+01	1.421795e+01	1.147700e-02	1534678.000000	0.000000e+00
1.333662e+01	1.421935e+01	1.148336e-02	1533280.000000	0.000000e+00
1.336117e+01	1.421431e+01	1.148753e-02	1531080.000000	0.000000e+00
1.338570e+01	1.423440e+01	1.153383e-02	1523110.000000	0.000000e+00
1.341022e+01	1.423248e+01	1.153936e-02	1521240.000000	0.000000e+00
1.343476e+01	1.424569e+01	1.156667e-02	1516876.000000	0.000000e+00
1.345932e+01	1.425224e+01	1.157684e-02	1515606.000000	0.000000e+00
1.348389e+01	1.426920e+01	1.160794e-02	1511086.000000	0.000000e+00
1.350843e+01	1.427862e+01	1.164814e-02	1502656.000000	0.000000e+00
1.353293e+01	1.427698e+01	1.166203e-02	1498734.000000	0.000000e+00
1.355748e+01	1.429115e+01	1.167443e-02	1498522.000000	0.000000e+00
1.358203e+01	1.428165e+01	1.169328e-02	1491708.000000	0.000000e+00
1.360658e+01	1.431816e+01	1.173154e-02	1489582.000000	0.000000e+00
1.363111e+01	1.429867e+01	1.175055e-02	1480728.000000	0.000000e+00
1.365563e+01	1.432505e+01	1.177283e-02	1480576.000000	0.000000e+00
1.368019e+01	1.434361e+01	1.180688e-02	1475866.000000	0.000000e+00
1.370473e+01	1.435791e+01	1.184404e-02	1469544.000000	0.000000e+00
1.372924e+01	1.434488e+01	1.185630e-02	1463848.000000	0.000000e+00
1.375380e+01	1.435037e+01	1.184758e-02	1467126.000000	0.000000e+00
1.377836e+01	1.438317e+01	1.192581e-02	1454566.000000	0.000000e+00
1.380287e+01	1.436432e+01	1.192230e-02	1451610.000000	0.000000e+00
1.382737e+01	1.436144e+01	1.194376e-02	1445818.000000	0.000000e+00
1.385191e+01	1.439317e+01	1.196933e-02	1446016.000000	0.000000e+00
1.387648e+01	1.440694e+01	1.200441e-02	1440330.000000	0.000000e+00
1.390103e+01	1.439896e+01	1.201482e-02	1436242.000000	0.000000e+00
1.392557e+01	1.441621e+01	1.206398e-02	1427976.000000	0.000000e+00
1.395012e+01	1.443522e+01	1.207594e-02	1428910.000000	0.000000e+00
1.397464e+01	1.448039e+01	1.217134e-02	1415416.000000	0.000000e+00
1.399917e+01	1.445160e+01	1.212484e-02	1420626.000000	0.000000e+00
1.402372e+01	1.446854e+01	1.219125e-02	1408486.000000	0.000000e+00
1.404824e+01	1.450172e+01	1.222550e-02	1407036.000000	0.000000e+00
1.407278e+01	1.452666e+01	1.226665e-02	1402426.000000	0.000000e+00
1.409731e+01	1.451510e+01	1.228783e-02	1395372.000000	0.000000e+00
1.412183e+01	1.454552e+01	1.232610e-02	1392538.000000	0.000000e+00
1.414639e+01	1.458684e+01	1.237093e-02	1390330.000000	0.000000e+00
1.417094e+01	1.460476e+01	1.243010e-02	1380510.000000	0.000000e+00
1.419546e+01	1.460098e+01	1.243281e-02	1379194.000000	0.000000e+00
1.422001e+01	1.460834e+01	1.246983e-02	1372398.000000	0.000000e+00
1.424455e+01	1.463824e+01	1.251014e-02	1369156.000000	0.000000e+00
1.426908e+01	1.468304e+01	1.258668e-02	1360848.000000	0.000000e+00
1.429362e+01	1.469532e+01	1.259686e-02	1360924.000000	0.000000e+00
1.431818e+01	1.471655e+01	1.265439e-02	1352476.000000	0.000000e+00
1.434273e+01	1.474607e+01	1.269298e-02	1349664.000000	0.000000e+00
1.436724e+01	1.478705e+01	1.277983e-02	1338790.000000	0.000000e+00
1.439177e+01	1.480284e+01	1.277759e-02	1342122.000000	0.000000e+00
1.441633e+01	1.482068e+01	1.284534e-02	1331206.000000	0.000000e+00
1.444087e+01	1.484052e+01	1.287309e-02	1329024.000000	0.000000e+00
1.446541e+01	1.486903e+01	1.293261e-02	1321882.000000	0.000000e+00
1.448996e+01	1.486154e+01	1.293856e-02	1319338.000000	0.000000e+00
1.451448e+01	1.490018e+01	1.302382e-02	1308900.000000	0.000000e+00
1.453902e+01	1.490845e+01	1.302497e-02	1310122.000000	0.000000e+00
1.456356e+01	1.492512e+01	1.309079e-02	1299882.000000	0.000000e+00
1.458809e+01	1.496913e+01	1.314741e-02	1296322.000000	0.000000e+00
1.461262e+01	1.498437e+01	1.318207e-02	1292140.000000	0.000000e+00
1.463716e+01	1.502968e+01	1.326167e-02	1284408.000000	0.000000e+00
1.466171e+01	1.506540e+01	1.329963e-02	1283164.000000	0.000000e+00
1.468625e+01	1.507718e+01	1.336018e-02	1273548.000000	0.000000e+00
1.471078e+01	1.512403e+01	1.342114e-02	1269862.000000	0.000000e+00
1.473534e+01	1.517345e+01	1.347993e-02	1267050.000000	0.000000e+00
1.475987e+01	1.517448e+01	1.354320e-02	1255408.000000	0.000000e+00
1.478439e+01	1.519500e+01	1.356123e-02	1255462.000000	0.000000e+00
1.480894e+01	1.522637e+01	1.363635e-02	1246800.000000	0.000000e+00
1.483348e+01	1.525733e+01	1.367778e-02	1244302.000000	0.000000e+00
1.485802e+01	1.529244e+01	1.376010e-02	1235124.000000	0.000000e+00
1.488256e+01	1.532268e+01	1.379902e-02	1233028.000000	0.000000e+00
1.490708e+01	1.536096e+01	1.389174e-02	1222710.000000	0.000000e+00
1.493162e+01	1.538652e+01	1.391886e-02	1222006.000000	0.000000e+00
1.495618e+01	1.545434e+01	1.401608e-02	1215760.000000	0.000000e+00
1.498071e+01	1.547357e+01	1.408525e-02	1206846.000000	0.000000e+00
1.500525e+01	1.552266e+01	1.414395e-02	1204456.000000	0.000000e+00
1.502980e+01	1.556671e+01	1.422435e-02	1197648.000000	0.000000e+00
1.505434e+01	1.558987e+01	1.428756e-02	1190608.000000	0.000000e+00
1.507886e+01	1.565643e+01	1.437582e-02	1186098.000000	0.000000e+00
1.510342e+01	1.567231e+01	1.442016e-02	1181206.000000	0.000000e+00
1.512796e+01	1.572241e+01	1.451861e-02	1172704.000000	0.000000e+00
1.515246e+01	1.576184e+01	1.458792e-02	1167420.000000	0.000000e+00
1.517700e+01	1.577612e+01	1.462737e-02	1163236.000000	0.000000e+00
1.520157e+01	1.582341e+01	1.469685e-02	1159182.000000	0.000000e+00
1.522611e+01	1.589163e+01	1.483459e-02	1147588.000000	0.000000e+00
1.525063e+01	1.593809e+01	1.488660e-02	1146256.000000	0.000000e+00
1.527518e+01	1.597497e+01	1.497518e-02	1137984.000000	0.000000e+00
1.529972e+01	1.602625e+01	1.505608e-02	1133026.000000	0.000000e+00
1.532424e+01	1.607548e+01	1.515332e-02	1125414.000000	0.000000e+00
1.534877e+01	1.609478e+01	1.520118e-02	1121026.000000	0.000000e+00
1.537332e+01	1.614696e+01	1.528920e-02	1115352.000000	0.000000e+00
1.539786e+01	1.618004e+01	1.537289e-02	1107766.000000	0.000000e+00
1.542240e+01	1.624422e+01	1.546287e-02	1103614.000000	0.000000e+00
1.544694e+01	1.630039e+01	1.557499e-02	1095318.000000	0.000000e+00
1.547149e+01	1.632304e+01	1.562741e-02	1091008.000000	0.000000e+00
1.549603e+01	1.639557e+01	1.574698e-02	1084074.000000	0.000000e+00
1.552054e+01	1.644378e+01	1.586599e-02	1074160.000000	0.000000e+00
1.554506e+01	1.649326e+01	1.592052e-02	1073244.000000	0.000000e+00
1.556963e+01	1.656364e+01	1.603849e-02	1066558.000000	0.000000e+00
1.559418e+01	1.662389e+01	1.616238e-02	1057924.000000	0.000000e+00
1.561873e+01	1.665123e+01	1.621869e-02	1054050.000000	0.000000e+00
1.564327e+01	1.673923e+01	1.638044e-02	1044286.000000	0.000000e+00
1.566780e+01	1.674873e+01	1.641081e-02	1041606.000000	0.000000e+00
1.569233e+01	1.683661e+01	1.658319e-02	1030798.000000	0.000000e+00
1.571685e+01	1.688201e+01	1.665414e-02	1027552.000000	0.000000e+00
1.574141e+01	1.692770e+01	1.674994e-02	1021338.000000	0.000000e+00
1.576595e+01	1.696804e+01	1.685600e-02	1013338.000000	0.000000e+00
1.579049e+01	1.707252e+01	1.700306e-02	1008186.000000	0.000000e+00
1.581502e+01	1.710814e+01	1.711333e-02	999394.000000	0.000000e+00
1.583955e+01	1.719370e+01	1.723946e-02	994698.000000	0.000000e+00
1.586407e+01	1.721665e+01	1.732910e-02	987064.000000	0.000000e+00
1.588861e+01	1.727612e+01	1.744222e-02	981046.000000	0.000000e+00
1.591315e+01	1.736498e+01	1.758279e-02	975378.000000	0.000000e+00
1.593770e+01	1.739975e+01	1.768461e-02	968044.000000	0.000000e+00
1.596225e+01	1.748764e+01	1.783443e-02	961488.000000	0.000000e+00
1.598677e+01	1.755465e+01	1.797959e-02	953290.000000	0.000000e+00
1.601131e+01	1.763159e+01	1.809851e-02	949068.000000	0.000000e+00
1.603586e+01	1.767955e+01	1.822570e-02	940966.000000	0.000000e+00
1.606040e+01	1.774162e+01	1.835741e-02	934036.000000	0.000000e+00
1.608493e+01	1.783789e+01	1.852059e-02	927636.000000	0.000000e+00
1.610947e+01	1.792141e+01	1.868635e-02	919804.000000	0.000000e+00
1.613400e+01	1.791688e+01	1.874099e-02	913986.000000	0.000000e+00
1.615854e+01	1.805090e+01	1.894786e-02	907564.000000	0.000000e+00
1.618310e+01	1.811604e+01	1.909090e-02	900480.000000	0.000000e+00
1.620765e+01	1.816016e+01	1.921296e-02	893410.000000	0.000000e+00
1.623216e+01	1.828235e+01	1.945168e-02	883384.000000	0.000000e+00
1.625669e+01	1.836675e+01	1.956812e-02	880980.000000	0.000000e+00
1.628123e+01	1.846773e+01	1.978539e-02	871240.000000	0.000000e+00
1.630580e+01	1.851991e+01	1.988493e-02	867420.000000	0.000000e+00
1.633036e+01	1.860307e+01	2.008921e-02	857518.000000	0.000000e+00
1.635486e+01	1.866549e+01	2.026187e-02	848632.000000	0.000000e+00
1.637939e+01	1.872778e+01	2.036579e-02	845610.000000	0.000000e+00
1.640395e+01	1.884520e+01	2.060692e-02	836326.000000	0.000000e+00
1.642848e+01	1.889438e+01	2.074800e-02	829302.000000	0.000000e+00
1.645298e+01	1.895600e+01	2.092728e-02	820480.000000	0.000000e+00
1.647753e+01	1.906145e+01	2.108820e-02	817020.000000	0.000000e+00
1.650209e+01	1.912965e+01	2.127656e-02	808372.000000	0.000000e+00
1.652660e+01	1.923095e+01	2.152401e-02	798280.000000	0.000000e+00
1.655114e+01	1.930500e+01	2.164267e-02	795642.000000	0.000000e+00
1.657571e+01	1.936723e+01	2.184157e-02	786262.000000	0.000000e+00
1.660025e+01	1.951284e+01	2.212408e-02	777876.000000	0.000000e+00
1.662478e+01	1.960943e+01	2.231199e-02	772420.000000	0.000000e+00
1.664931e+01	1.962697e+01	2.247783e-02	762426.000000	0.000000e+00
1.667386e+01	1.979950e+01	2.272854e-02	758866.000000	0.000000e+00
1.669842e+01	1.987940e+01	2.298109e-02	748282.000000	0.000000e+00
1.672293e+01	1.996068e+01	2.319060e-02	740844.000000	0.000000e+00
1.674748e+01	2.004879e+01	2.337044e-02	735940.000000	0.000000e+00
1.677204e+01	2.013912e+01	2.363825e-02	725856.000000	0.000000e+00
1.679655e+01	2.024849e+01	2.388562e-02	718642.000000	0.000000e+00
1.682107e+01	2.028520e+01	2.404733e-02	711582.000000	0.000000e+00
1.684563e+01	2.040400e+01	2.430477e-02	704770.000000	0.000000e+00
1.687018e+01	2.055552e+01	2.462348e-02	696880.000000	0.000000e+00
1.689472e+01	2.059807e+01	2.483509e-02	687894.000000	0.000000e+00
1.691924e+01	2.070960e+01	2.508131e-02	681778.000000	0.000000e+00
1.694378e+01	2.081198e+01	2.537839e-02	672510.000000	0.000000e+00
1.696830e+01	2.095498e+01	2.568017e-02	665854.000000	0.000000e+00
1.699283e+01	2.101238e+01	2.591130e-02	657616.000000	0.000000e+00
1.701740e+01	2.112191e+01	2.616271e-02	651780.000000	0.000000e+00
1.704195e+01	2.122307e+01	2.648678e-02	642034.000000	0.000000e+00
1.706646e+01	2.126995e+01	2.673328e-02	633036.000000	0.000000e+00
1.709097e+01	2.141988e+01	2.703539e-02	627724.000000	0.000000e+00
1.711553e+01	2.147221e+01	2.728656e-02	619236.000000	0.000000e+00
1.714008e+01	2.164136e+01	2.769054e-02	610810.000000	0.000000e+00
1.716463e+01	2.171790e+01	2.792708e-02	604762.000000	0.000000e+00
1.718918e+01	2.179912e+01	2.829018e-02	593754.000000	0.000000e+00
1.721369e+01	2.196567e+01	2.865150e-02	587752.000000	0.000000e+00
1.723823e+01	2.199289e+01	2.890810e-02	578796.000000	0.000000e+00
1.726278e+01	2.217916e+01	2.932740e-02	571930.000000	0.000000e+00
1.728731e+01	2.220263e+01	2.959152e-02	562956.000000	0.000000e+00
1.731188e+01	2.229514e+01	2.989608e-02	556150.000000	0.000000e+00
1.733641e+01	2.246052e+01	3.038720e-02	546334.000000	0.000000e+00
1.736091e+01	2.250565e+01	3.069477e-02	537594.000000	0.000000e+00
1.738543e+01	2.264395e+01	3.103484e-02	532360.000000	0.000000e+00
1.741000e+01	2.261352e+01	3.129954e-02	521988.000000	0.000000e+00
1.743456e+01	2.273833e+01	3.165756e-02	515896.000000	0.000000e+00
1.745909e+01	2.283282e+01	3.212024e-02	505314.000000	0.000000e+00
1.748363e+01	2.289287e+01	3.241895e-02	498658.000000	0.000000e+00
1.750818e+01	2.302864e+01	3.289584e-02	490066.000000	0.000000e+00
1.753269e+01	2.309767e+01	3.333965e-02	479970.000000	0.000000e+00
1.755722e+01	2.319808e+01	3.367931e-02	474436.000000	0.000000e+00
1.758176e+01	2.323547e+01	3.411158e-02	463980.000000	0.000000e+00
1.760629e+01	2.336940e+01	3.457738e-02	456784.000000	0.000000e+00
1.763083e+01	2.338719e+01	3.492704e-02	448366.000000	0.000000e+00
1.765539e+01	2.346445e+01	3.537794e-02	439902.000000	0.000000e+00
1.767993e+01	2.347697e+01	3.575393e-02	431158.000000	0.000000e+00
1.770446e+01	2.354688e+01	3.621405e-02	422778.000000	0.000000e+00
1.772897e+01	2.361342e+01	3.671783e-02	413584.000000	0.000000e+00
1.775351e+01	2.368922e+01	3.715582e-02	406488.000000	0.000000e+00
1.777808e+01	2.362073e+01	3.745292e-02	397754.500000	0.000000e+00
1.780261e+01	2.369294e+01	3.798052e-02	389149.000000	0.000000e+00
1.782713e+01	2.375857e+01	3.843055e-02	382197.000000	0.000000e+00
1.785169e+01	2.371267e+01	3.869024e-02	375628.000000	0.000000e+00
1.787623e+01	2.388327e+01	3.938368e-02	367752.000000	0.000000e+00
1.790076e+01	2.390232e+01	3.973151e-02	361918.000000	0.000000e+00
1.792530e+01	2.403008e+01	4.032359e-02	355134.000000	0.000000e+00
1.794985e+01	2.412056e+01	4.084906e-02	348667.000000	0.000000e+00
1.797440e+01	2.421403e+01	4.134742e-02	342955.000000	0.000000e+00
1.799891e+01	2.428599e+01	4.191453e-02	335724.000000	0.000000e+00
1.802344e+01	2.429061e+01	4.221830e-02	331036.000000	0.000000e+00
1.804802e+01	2.447586e+01	4.290525e-02	325428.000000	0.000000e+00
1.807255e+01	2.450886e+01	4.344470e-02	318253.000000	0.000000e+00
1.809707e+01	2.464724e+01	4.398230e-02	314037.000000	0.000000e+00
1.812164e+01	2.467807e+01	4.445604e-02	308149.000000	0.000000e+00
1.814617e+01	2.479925e+01	4.510767e-02	302257.000000	0.000000e+00
1.817068e+01	2.498665e+01	4.583997e-02	297117.000000	0.000000e+00
1.819523e+01	2.500068e+01	4.621483e-02	292645.000000	0.000000e+00
1.821979e+01	2.516302e+01	4.696637e-02	287046.000000	0.000000e+00
1.824431e+01	2.527412e+01	4.765065e-02	281329.000000	0.000000e+00
1.826883e+01	2.546688e+01	4.836110e-02	277306.000000	0.000000e+00
1.829337e+01	2.557139e+01	4.901271e-02	272202.000000	0.000000e+00
1.831793e+01	2.567777e+01	4.962706e-02	267718.000000	0.000000e+00
1.834250e+01	2.589111e+01	5.048841e-02	262977.000000	0.000000e+00
1.836701e+01	2.584755e+01	5.097918e-02	257071.000000	0.000000e+00
1.839152e+01	2.605362e+01	5.172119e-02	253746.000000	0.000000e+00
1.841609e+01	2.615611e+01	5.239087e-02	249250.000000	0.000000e+00
1.844064e+01	2.624089e+01	5.310419e-02	244174.000000	0.000000e+00
1.846515e+01	2.639731e+01	5.387319e-02	240090.000000	0.000000e+00
1.848971e+01	2.657581e+01	5.470556e-02	235999.000000	0.000000e+00
1.851428e+01	2.668866e+01	5.543488e-02	231786.000000	0.000000e+00
1.853881e+01	2.677914e+01	5.619882e-02	227059.000000	0.000000e+00
1.856328e+01	2.706994e+01	5.740390e-02	222378.000000	0.000000e+00
1.858784e+01	2.712327e+01	5.780139e-02	220195.000000	0.000000e+00
1.861244e+01	2.721170e+01	5.868599e-02	215002.000000	0.000000e+00
1.863693e+01	2.742826e+01	5.977700e-02	210537.000000	0.000000e+00
1.866143e+01	2.749666e+01	6.039635e-02	207271.000000	0.000000e+00
1.868601e+01	2.763036e+01	6.119400e-02	203871.000000	0.000000e+00
1.871055e+01	2.779209e+01	6.226060e-02	199258.000000	0.000000e+00
1.873503e+01	2.796966e+01	6.328511e-02	195331.000000	0.000000e+00
1.875958e+01	2.809013e+01	6.395048e-02	192939.000000	0.000000e+00
1.878417e+01	2.831983e+01	6.524632e-02	188395.000000	0.000000e+00
1.880870e+01	2.845790e+01	6.616631e-02	184983.000000	0.000000e+00
1.883322e+01	2.866015e+01	6.732504e-02	181219.000000	0.000000e+00
1.885775e+01	2.888434e+01	6.848573e-02	177879.000000	0.000000e+00
1.888231e+01	2.914152e+01	6.973510e-02	174631.000000	0.000000e+00
1.890684e+01	2.919340e+01	7.061792e-02	170899.000000	0.000000e+00
1.893134e+01	2.930598e+01	7.161637e-02	167451.000000	0.000000e+00
1.895590e+01	2.945930e+01	7.255128e-02	164875.000000	0.000000e+00
1.898046e+01	2.970649e+01	7.406676e-02	160863.000000	0.000000e+00
1.900495e+01	2.988600e+01	7.528174e-02	157600.000000	0.000000e+00
1.902946e+01	3.008744e+01	7.645893e-02	154851.000000	0.000000e+00
1.905406e+01	3.037942e+01	7.789109e-02	152119.000000	0.000000e+00
1.907863e+01	3.060328e+01	7.943921e-02	148411.000000	0.000000e+00
1.910311e+01	3.068601e+01	8.060153e-02	144942.000000	0.000000e+00
1.912765e+01	3.082183e+01	8.149961e-02	143023.000000	0.000000e+00
1.915226e+01	3.077452e+01	8.234872e-02	139659.000000	0.000000e+00
1.917678e+01	3.119140e+01	8.450503e-02	136240.000000	0.000000e+00
1.920124e+01	3.143817e+01	8.606933e-02	133419.000000	0.000000e+00
1.922581e+01	3.155052e+01	8.703964e-02	131395.000000	0.000000e+00
1.925040e+01	3.182606e+01	8.898295e-02	127924.000000	0.000000e+00
1.927489e+01	3.218002e+01	9.101193e-02	125019.000000	0.000000e+00
1.929941e+01	3.231541e+01	9.223491e-02	122752.000000	0.000000e+00
1.932402e+01	3.275134e+01	9.441643e-02	120327.000000	0.000000e+00
1.934855e+01	3.273648e+01	9.584204e-02	116668.000000	0.000000e+00
1.937298e+01	3.300293e+01	9.765079e-02	114223.000000	0.000000e+00
1.939755e+01	3.317287e+01	9.877473e-02	112791.000000	0.000000e+00
1.942217e+01	3.361436e+01	1.016696e-01	109312.000000	0.000000e+00
1.944667e+01	3.380146e+01	1.033727e-01	106920.000000	0.000000e+00
1.947113e+01	3.414192e+01	1.058671e-01	104005.000000	0.000000e+00
1.949570e+01	3.421495e+01	1.067114e-01	102804.000000	0.000000e+00
1.952032e+01	3.465088e+01	1.097784e-01	99631.000000	0.000000e+00
1.954482e+01	3.477135e+01	1.115820e-01	97108.000000	0.000000e+00
1.956930e+01	3.525541e+01	1.144228e-01	94935.000000	0.000000e+00
1.959391e+01	3.505641e+01	1.148631e-01	93148.000000	0.000000e+00
1.961850e+01	3.550948e+01	1.181367e-01	90348.000000	0.000000e+00
1.964294e+01	3.618635e+01	1.221905e-01	87703.000000	0.000000e+00
1.966740e+01	3.609181e+01	1.230177e-01	86076.000000	0.000000e+00
1.969204e+01	3.640935e+01	1.253262e-01	84400.000000	0.000000e+00
1.971660e+01	3.648800e+01	1.279446e-01	81331.000000	0.000000e+00
1.974103e+01	3.700746e+01	1.312916e-01	79452.000000	0.000000e+00
1.976563e+01	3.716980e+01	1.329529e-01	78160.000000	0.000000e+00
1.979032e+01	3.765888e+01	1.368284e-01	75750.000000	0.000000e+00
1.981482e+01	3.789241e+01	1.401051e-01	73147.000000	0.000000e+00
1.983914e+01	3.847557e+01	1.445878e-01	70812.000000	0.000000e+00
1.986374e+01	3.879907e+01	1.459850e-01	70636.000000	0.000000e+00
1.988844e+01	3.909403e+01	1.503884e-01	67576.000000	0.000000e+00
1.991292e+01	3.924154e+01	1.530644e-01	65727.000000	0.000000e+00
1.993736e+01	3.954033e+01	1.566202e-01	63736.000000	0.000000e+00
1.996197e+01	3.974063e+01	1.587240e-01	62688.000000	0.000000e+00
1.998658e+01	4.029344e+01	1.641638e-01	60244.000000	0.000000e+00
2.001095e+01	4.065580e+01	1.687093e-01	58072.000000	0.000000e+00
2.003547e+01	4.082943e+01	1.703490e-01	57447.000000	0.000000e+00
2.006019e+01	4.195236e+01	1.782546e-01	55390.000000	0.000000e+00
2.008472e+01	4.182240e+01	1.810443e-01	53364.000000	0.000000e+00
2.010903e+01	4.237387e+01	1.871436e-01	51268.000000	0.000000e+00
2.013363e+01	4.275234e+01	1.890438e-01	51144.000000	0.000000e+00
2.015842e+01	4.295849e+01	1.945198e-01	48772.000000	0.000000e+00
2.018288e+01	4.359407e+01	2.014534e-01	46828.000000	0.000000e+00
2.020721e+01	4.410295e+01	2.070493e-01	45372.000000	0.000000e+00
2.023181e+01	4.445128e+01	2.106270e-01	44539.000000	0.000000e+00
2.025650e+01	4.515452e+01	2.184669e-01	42720.000000	0.000000e+00
2.028095e+01	4.525801e+01	2.236880e-01	40936.000000	0.000000e+00
2.030542e+01	4.593280e+01	2.297272e-01	39978.000000	0.000000e+00
2.033011e+01	4.651455e+01	2.367283e-01	38608.000000	0.000000e+00
2.035466e+01	4.698563e+01	2.446239e-01	36892.000000	0.000000e+00
2.037892e+01	4.697956e+01	2.503735e-01	35208.000000	0.000000e+00
2.040348e+01	4.704970e+01	2.514194e-01	35020.000000	0.000000e+00
2.042837e+01	4.794756e+01	2.624674e-01	33372.000000	0.000000e+00
2.045281e+01	4.872219e+01	2.748677e-01	31420.000000	0.000000e+00
2.047697e+01	4.911892e+01	2.819576e-01	30348.000000	0.000000e+00
2.050165e+01	4.936169e+01	2.848001e-01	30040.000000	0.000000e+00
2.052659e+01	4.969371e+01	2.942156e-01	28528.000000	0.000000e+00
2.055100e+01	5.023093e+01	3.078583e-01	26622.000000	0.000000e+00
2.057510e+01	5.060335e+01	3.151649e-01	25780.000000	0.000000e+00
2.059985e+01	5.138467e+01	3.220865e-01	25452.000000	0.000000e+00
2.062477e+01	5.091795e+01	3.288110e-01	23980.000000	0.000000e+00
2.064904e+01	5.227290e+01	3.508011e-01	22204.000000	0.000000e+00
2.067328e+01	5.253059e+01	3.547745e-01	21924.000000	0.000000e+00
2.069813e+01	5.347090e+01	3.685282e-01	21052.000000	0.000000e+00
2.072282e+01	5.416108e+01	3.856078e-01	19728.000000	0.000000e+00
2.074689e+01	5.435635e+01	4.016381e-01	18316.000000	0.000000e+00
2.077148e+01	5.542929e+01	4.072821e-01	18522.000000	0.000000e+00
2.079650e+01	5.506329e+01	4.216223e-01	17056.000000	0.000000e+00
2.082086e+01	5.600105e+01	4.441032e-01	15901.000000	0.000000e+00
2.084494e+01	5.713664e+01	4.644795e-01	15132.000000	0.000000e+00
2.086988e+01	5.770054e+01	4.708718e-01	15016.000000	0.000000e+00
2.089484e+01	5.847207e+01	5.021328e-01	13560.000000	0.000000e+00
2.091874e+01	5.841925e+01	5.238605e-01	12436.000000	0.000000e+00
2.094286e+01	5.869928e+01	5.290156e-01	12312.000000	0.000000e+00
2.096835e+01	6.195328e+01	5.651769e-01	12016.000000	0.000000e+00
2.099333e+01	6.097399e+01	5.974971e-01	10414.000000	0.000000e+00
2.101635e+01	6.257482e+01	6.497095e-01	9276.000000	0.000000e+00
2.104066e+01	6.379038e+01	6.391513e-01	9961.000000	0.000000e+00
2.106684e+01	6.263397e+01	6.520128e-01	9228.000000	0.000000e+00
2.109169e+01	6.404921e+01	7.283965e-01	7732.000000	0.000000e+00
2.111385e+01	6.622154e+01	8.056649e-01	6756.000000	0.000000e+00
2.113864e+01	6.537708e+01	7.423464e-01	7756.000000	0.000000e+00
2.116547e+01	6.532571e+01	7.910282e-01	6820.000000	0.000000e+00
2.118998e+01	6.834988e+01	9.337625e-01	5358.000000	0.000000e+00
2.121167e+01	6.746647e+01	9.547886e-01	4993.000000	0.000000e+00
2.123701e+01	6.760209e+01	9.098935e-01	5520.000000	0.000000e+00
2.126409e+01	7.096759e+01	1.025184e+00	4792.000000	0.000000e+00
2.128812e+01	7.036947e+01	1.200488e+00	3436.000000	0.000000e+00
2.130920e+01	7.262793e+01	1.231159e+00	3480.000000	0.000000e+00
2.133536e+01	7.139565e+01	1.170420e+00	3721.000000	0.000000e+00
2.136298e+01	7.154080e+01	1.278330e+00	3132.000000	0.000000e+00
2.138535e+01	7.435953e+01	1.765468e+00	1774.000000	0.000000e+00
2.140616e+01	7.412723e+01	1.509347e+00	2412.000000	0.000000e+00
2.143360e+01	7.721239e+01	1.641702e+00	2212.000000	0.000000e+00
2.146162e+01	7.753574e+01	1.809037e+00	1837.000000	0.000000e+00
2.148292e+01	7.406107e+01	2.592656e+00	816.000000	0.000000e+00
2.150387e+01	7.927170e+01	2.140135e+00	1372.000000	0.000000e+00
2.153200e+01	7.401511e+01	2.239799e+00	1092.000000	0.000000e+00
2.156014e+01	8.400871e+01	2.891699e+00	844.000000	0.000000e+00
2.158178e+01	8.100835e+01	4.399769e+00	339.000000	0.000000e+00
2.160234e+01	8.420450e+01	3.650728e+00	532.000000	0.000000e+00
2.163046e+01	8.261144e+01	4.330016e+00	364.000000	0.000000e+00
2.165853e+01	7.971790e+01	5.279447e+00	228.000000	0.000000e+00
2.168066e+01	6.281784e+01	7.352272e+00	73.000000	0.000000e+00
2.170037e+01	9.027506e+01	9.849816e+00	84.000000	0.000000e+00
2.172766e+01	1.073595e+02	2.028905e+01	28.000000	0.000000e+00
2.175143e+01	1.194575e+02	6.896884e+01	3.000000	0.000000e+00
