# [<k> (h/Mpc)]	[<P_0(k)> (Mpc/h)^3]	[ErrorBar (Mpc/h)^3]	nModes	[<P_2(k)> (Mpc/h)^3]
3.476422e-02	1.500026e+04	4.160323e+03	13.000000	0.000000e+00
5.890282e-02	1.097970e+04	1.911320e+03	33.000000	0.000000e+00
8.378087e-02	6.475764e+03	7.285803e+02	79.000000	0.000000e+00
1.087368e-01	4.976293e+03	4.600584e+02	117.000000	0.000000e+00
1.341836e-01	3.721201e+03	2.599000e+02	205.000000	0.000000e+00
1.581206e-01	2.746649e+03	1.791716e+02	235.000000	0.000000e+00
1.826843e-01	2.127049e+03	1.107298e+02	369.000000	0.000000e+00
2.073525e-01	1.961795e+03	9.427784e+01	433.000000	0.000000e+00
2.322407e-01	1.713208e+03	7.083245e+01	585.000000	0.000000e+00
2.568838e-01	1.444148e+03	5.542130e+01	679.000000	0.000000e+00
2.811185e-01	1.310272e+03	4.595326e+01	813.000000	0.000000e+00
3.057758e-01	1.160333e+03	3.697129e+01	985.000000	0.000000e+00
3.308750e-01	1.120326e+03	3.257258e+01	1183.000000	0.000000e+00
3.553459e-01	1.038659e+03	2.915697e+01	1269.000000	0.000000e+00
3.797184e-01	8.891806e+02	2.268052e+01	1537.000000	0.000000e+00
4.042043e-01	8.664938e+02	2.131224e+01	1653.000000	0.000000e+00
4.287408e-01	7.822151e+02	1.765493e+01	1963.000000	0.000000e+00
4.533372e-01	7.659637e+02	1.663175e+01	2121.000000	0.000000e+00
4.779960e-01	7.192264e+02	1.464155e+01	2413.000000	0.000000e+00
5.026630e-01	6.825653e+02	1.329701e+01	2635.000000	0.000000e+00
5.271488e-01	6.174421e+02	1.151135e+01	2877.000000	0.000000e+00
5.515428e-01	6.012613e+02	1.068076e+01	3169.000000	0.000000e+00
5.762241e-01	5.662944e+02	9.562564e+00	3507.000000	0.000000e+00
6.007286e-01	5.701404e+02	9.392108e+00	3685.000000	0.000000e+00
6.252569e-01	5.416117e+02	8.392290e+00	4165.000000	0.000000e+00
6.499966e-01	5.262838e+02	7.954845e+00	4377.000000	0.000000e+00
6.746858e-01	4.930520e+02	7.076167e+00	4855.000000	0.000000e+00
6.991271e-01	4.861391e+02	6.924384e+00	4929.000000	0.000000e+00
7.235757e-01	4.681527e+02	6.266593e+00	5581.000000	0.000000e+00
7.479714e-01	4.516330e+02	5.993076e+00	5679.000000	0.000000e+00
7.726133e-01	4.406397e+02	5.514462e+00	6385.000000	0.000000e+00
7.972413e-01	4.223620e+02	5.217527e+00	6553.000000	0.000000e+00
8.218513e-01	4.146483e+02	4.912329e+00	7125.000000	0.000000e+00
8.464491e-01	3.977278e+02	4.608878e+00	7447.000000	0.000000e+00
8.709767e-01	3.907210e+02	4.387909e+00	7929.000000	0.000000e+00
8.955547e-01	3.759990e+02	4.114011e+00	8353.000000	0.000000e+00
9.199772e-01	3.677875e+02	3.926209e+00	8775.000000	0.000000e+00
9.444963e-01	3.662847e+02	3.795543e+00	9313.000000	0.000000e+00
9.690846e-01	3.571913e+02	3.600653e+00	9841.000000	0.000000e+00
9.935517e-01	3.493087e+02	3.460198e+00	10191.000000	0.000000e+00
1.018099e+00	3.413123e+02	3.269629e+00	10897.000000	0.000000e+00
1.042679e+00	3.324607e+02	3.127389e+00	11301.000000	0.000000e+00
1.067353e+00	3.234505e+02	2.949614e+00	12025.000000	0.000000e+00
1.092004e+00	3.146666e+02	2.823172e+00	12423.000000	0.000000e+00
1.116549e+00	3.083261e+02	2.702018e+00	13021.000000	0.000000e+00
1.140967e+00	3.045102e+02	2.630076e+00	13405.000000	0.000000e+00
1.165410e+00	2.942612e+02	2.465309e+00	14247.000000	0.000000e+00
1.189942e+00	2.844782e+02	2.350096e+00	14653.000000	0.000000e+00
1.214340e+00	2.837759e+02	2.291722e+00	15333.000000	0.000000e+00
1.238824e+00	2.774526e+02	2.196959e+00	15949.000000	0.000000e+00
1.263616e+00	2.685789e+02	2.056341e+00	17059.000000	0.000000e+00
1.288278e+00	2.644942e+02	2.022815e+00	17097.000000	0.000000e+00
1.312698e+00	2.579623e+02	1.924610e+00	17965.000000	0.000000e+00
1.337129e+00	2.522380e+02	1.852939e+00	18531.000000	0.000000e+00
1.361846e+00	2.499389e+02	1.782144e+00	19669.000000	0.000000e+00
1.386459e+00	2.438371e+02	1.728820e+00	19893.000000	0.000000e+00
1.410760e+00	2.379974e+02	1.662855e+00	20485.000000	0.000000e+00
1.435294e+00	2.378750e+02	1.612907e+00	21751.000000	0.000000e+00
1.459966e+00	2.305217e+02	1.546847e+00	22209.000000	0.000000e+00
1.484553e+00	2.268220e+02	1.494288e+00	23041.000000	0.000000e+00
1.509059e+00	2.242289e+02	1.456800e+00	23691.000000	0.000000e+00
1.533565e+00	2.177120e+02	1.392133e+00	24457.000000	0.000000e+00
1.558284e+00	2.172676e+02	1.352727e+00	25797.000000	0.000000e+00
1.582818e+00	2.126566e+02	1.328404e+00	25627.000000	0.000000e+00
1.607259e+00	2.083899e+02	1.263155e+00	27217.000000	0.000000e+00
1.631809e+00	2.041640e+02	1.230060e+00	27549.000000	0.000000e+00
1.656366e+00	2.001027e+02	1.178851e+00	28813.000000	0.000000e+00
1.680925e+00	1.979944e+02	1.155612e+00	29355.000000	0.000000e+00
1.705257e+00	1.931020e+02	1.116421e+00	29917.000000	0.000000e+00
1.729806e+00	1.904947e+02	1.070719e+00	31653.000000	0.000000e+00
1.754462e+00	1.870626e+02	1.046513e+00	31951.000000	0.000000e+00
1.778992e+00	1.820654e+02	1.001312e+00	33061.000000	0.000000e+00
1.803411e+00	1.793074e+02	9.782455e-01	33597.000000	0.000000e+00
1.827963e+00	1.782809e+02	9.502810e-01	35197.000000	0.000000e+00
1.852647e+00	1.732434e+02	9.153257e-01	35823.000000	0.000000e+00
1.877249e+00	1.715734e+02	8.925828e-01	36949.000000	0.000000e+00
1.901733e+00	1.675666e+02	8.675224e-01	37309.000000	0.000000e+00
1.926241e+00	1.644609e+02	8.319806e-01	39075.000000	0.000000e+00
1.950830e+00	1.623641e+02	8.182587e-01	39373.000000	0.000000e+00
1.975308e+00	1.610203e+02	7.968470e-01	40833.000000	0.000000e+00
1.999729e+00	1.583644e+02	7.801769e-01	41203.000000	0.000000e+00
2.024419e+00	1.543045e+02	7.382314e-01	43689.000000	0.000000e+00
2.049126e+00	1.517429e+02	7.274430e-01	43513.000000	0.000000e+00
2.073508e+00	1.506595e+02	7.147006e-01	44437.000000	0.000000e+00
2.097846e+00	1.482968e+02	6.940753e-01	45651.000000	0.000000e+00
2.122473e+00	1.451262e+02	6.659898e-01	47485.000000	0.000000e+00
2.147106e+00	1.430789e+02	6.533282e-01	47961.000000	0.000000e+00
2.171601e+00	1.410169e+02	6.360961e-01	49147.000000	0.000000e+00
2.196158e+00	1.383382e+02	6.166661e-01	50325.000000	0.000000e+00
2.220735e+00	1.366030e+02	6.010760e-01	51649.000000	0.000000e+00
2.245251e+00	1.348730e+02	5.905891e-01	52153.000000	0.000000e+00
2.269729e+00	1.330096e+02	5.726843e-01	53943.000000	0.000000e+00
2.294271e+00	1.311571e+02	5.608025e-01	54697.000000	0.000000e+00
2.318928e+00	1.284443e+02	5.392013e-01	56745.000000	0.000000e+00
2.343538e+00	1.265683e+02	5.301038e-01	57007.000000	0.000000e+00
2.368026e+00	1.249880e+02	5.169340e-01	58461.000000	0.000000e+00
2.392423e+00	1.215846e+02	5.003822e-01	59041.000000	0.000000e+00
2.416863e+00	1.199276e+02	4.855130e-01	61015.000000	0.000000e+00
2.441509e+00	1.191819e+02	4.762059e-01	62637.000000	0.000000e+00
2.466080e+00	1.170004e+02	4.655166e-01	63169.000000	0.000000e+00
2.490575e+00	1.152503e+02	4.534287e-01	64605.000000	0.000000e+00
2.515186e+00	1.138163e+02	4.414037e-01	66487.000000	0.000000e+00
2.539777e+00	1.126850e+02	4.352331e-01	67033.000000	0.000000e+00
2.564215e+00	1.111523e+02	4.254963e-01	68241.000000	0.000000e+00
2.588707e+00	1.095123e+02	4.139443e-01	69991.000000	0.000000e+00
2.613337e+00	1.075008e+02	4.020160e-01	71505.000000	0.000000e+00
2.637925e+00	1.069740e+02	3.967202e-01	72709.000000	0.000000e+00
2.662420e+00	1.042796e+02	3.847118e-01	73473.000000	0.000000e+00
2.686963e+00	1.027948e+02	3.734588e-01	75763.000000	0.000000e+00
2.711515e+00	1.022707e+02	3.703394e-01	76261.000000	0.000000e+00
2.735982e+00	1.002960e+02	3.591519e-01	77985.000000	0.000000e+00
2.760573e+00	9.897530e+01	3.499065e-01	80011.000000	0.000000e+00
2.785237e+00	9.721155e+01	3.415476e-01	81009.000000	0.000000e+00
2.809671e+00	9.664620e+01	3.383273e-01	81601.000000	0.000000e+00
2.834151e+00	9.480673e+01	3.269567e-01	84081.000000	0.000000e+00
2.858722e+00	9.351823e+01	3.204653e-01	85159.000000	0.000000e+00
2.883250e+00	9.288170e+01	3.155065e-01	86665.000000	0.000000e+00
2.907819e+00	9.106563e+01	3.063891e-01	88341.000000	0.000000e+00
2.932335e+00	9.010967e+01	3.012387e-01	89479.000000	0.000000e+00
2.956914e+00	8.862284e+01	2.929444e-01	91521.000000	0.000000e+00
2.981449e+00	8.733738e+01	2.872800e-01	92425.000000	0.000000e+00
3.005876e+00	8.653898e+01	2.828933e-01	93579.000000	0.000000e+00
3.030403e+00	8.545295e+01	2.753669e-01	96301.000000	0.000000e+00
3.055041e+00	8.411025e+01	2.691518e-01	97657.000000	0.000000e+00
3.079692e+00	8.309988e+01	2.635861e-01	99393.000000	0.000000e+00
3.104241e+00	8.201856e+01	2.591130e-01	100195.000000	0.000000e+00
3.128710e+00	8.131279e+01	2.549642e-01	101709.000000	0.000000e+00
3.153123e+00	8.027963e+01	2.501166e-01	103021.000000	0.000000e+00
3.177619e+00	7.911890e+01	2.434635e-01	105607.000000	0.000000e+00
3.202185e+00	7.851121e+01	2.402303e-01	106809.000000	0.000000e+00
3.226708e+00	7.713057e+01	2.340376e-01	108613.000000	0.000000e+00
3.251321e+00	7.615371e+01	2.288013e-01	110781.000000	0.000000e+00
3.275882e+00	7.510100e+01	2.247657e-01	111643.000000	0.000000e+00
3.300393e+00	7.444346e+01	2.208111e-01	113661.000000	0.000000e+00
3.324955e+00	7.340213e+01	2.162059e-01	115261.000000	0.000000e+00
3.349528e+00	7.278309e+01	2.123527e-01	117475.000000	0.000000e+00
3.374087e+00	7.192476e+01	2.090368e-01	118389.000000	0.000000e+00
3.398541e+00	7.089118e+01	2.046341e-01	120013.000000	0.000000e+00
3.423011e+00	7.013382e+01	2.008757e-01	121899.000000	0.000000e+00
3.447546e+00	6.901317e+01	1.958918e-01	124117.000000	0.000000e+00
3.472176e+00	6.841478e+01	1.922272e-01	126669.000000	0.000000e+00
3.496772e+00	6.762528e+01	1.897902e-01	126961.000000	0.000000e+00
3.521302e+00	6.690977e+01	1.856493e-01	129895.000000	0.000000e+00
3.545845e+00	6.580460e+01	1.821864e-01	130461.000000	0.000000e+00
3.570351e+00	6.549466e+01	1.793728e-01	133321.000000	0.000000e+00
3.594817e+00	6.440057e+01	1.761770e-01	133623.000000	0.000000e+00
3.619340e+00	6.412946e+01	1.729990e-01	137413.000000	0.000000e+00
3.643921e+00	6.318340e+01	1.699357e-01	138241.000000	0.000000e+00
3.668501e+00	6.231324e+01	1.659705e-01	140961.000000	0.000000e+00
3.693083e+00	6.156695e+01	1.632352e-01	142255.000000	0.000000e+00
3.717636e+00	6.056721e+01	1.595172e-01	144165.000000	0.000000e+00
3.742123e+00	6.026590e+01	1.580650e-01	145369.000000	0.000000e+00
3.766623e+00	5.962861e+01	1.548973e-01	148191.000000	0.000000e+00
3.791211e+00	5.901638e+01	1.522817e-01	150193.000000	0.000000e+00
3.815740e+00	5.817775e+01	1.494802e-01	151477.000000	0.000000e+00
3.840250e+00	5.753580e+01	1.467297e-01	153759.000000	0.000000e+00
3.864816e+00	5.726470e+01	1.449294e-01	156121.000000	0.000000e+00
3.889416e+00	5.668757e+01	1.425098e-01	158229.000000	0.000000e+00
3.913984e+00	5.589129e+01	1.398975e-01	159613.000000	0.000000e+00
3.938439e+00	5.500035e+01	1.371367e-01	160851.000000	0.000000e+00
3.962856e+00	5.460963e+01	1.352831e-01	162949.000000	0.000000e+00
3.987408e+00	5.390365e+01	1.319595e-01	166861.000000	0.000000e+00
4.011951e+00	5.344615e+01	1.308058e-01	166947.000000	0.000000e+00
4.036502e+00	5.292013e+01	1.280459e-01	170809.000000	0.000000e+00
4.061101e+00	5.248926e+01	1.265478e-01	172041.000000	0.000000e+00
4.085632e+00	5.191693e+01	1.245297e-01	173809.000000	0.000000e+00
4.110226e+00	5.150264e+01	1.222878e-01	177375.000000	0.000000e+00
4.134760e+00	5.083675e+01	1.208424e-01	176977.000000	0.000000e+00
4.159247e+00	5.039553e+01	1.185108e-01	180829.000000	0.000000e+00
4.183807e+00	4.967829e+01	1.162617e-01	182583.000000	0.000000e+00
4.208321e+00	4.917356e+01	1.146038e-01	184105.000000	0.000000e+00
4.232839e+00	4.874776e+01	1.126403e-01	187293.000000	0.000000e+00
4.257376e+00	4.843567e+01	1.116109e-01	188329.000000	0.000000e+00
4.281944e+00	4.762400e+01	1.085590e-01	192451.000000	0.000000e+00
4.306505e+00	4.729118e+01	1.077628e-01	192585.000000	0.000000e+00
4.331033e+00	4.664996e+01	1.053401e-01	196117.000000	0.000000e+00
4.355617e+00	4.620275e+01	1.037787e-01	198207.000000	0.000000e+00
4.380161e+00	4.588542e+01	1.027064e-01	199597.000000	0.000000e+00
4.404676e+00	4.562391e+01	1.013722e-01	202557.000000	0.000000e+00
4.429249e+00	4.499622e+01	9.941712e-02	204847.000000	0.000000e+00
4.453772e+00	4.475781e+01	9.853171e-02	206341.000000	0.000000e+00
4.478282e+00	4.409464e+01	9.640227e-02	209217.000000	0.000000e+00
4.502777e+00	4.382911e+01	9.552817e-02	210505.000000	0.000000e+00
4.527289e+00	4.348071e+01	9.392616e-02	214299.000000	0.000000e+00
4.551889e+00	4.276099e+01	9.188690e-02	216565.000000	0.000000e+00
4.576426e+00	4.252300e+01	9.111168e-02	217821.000000	0.000000e+00
4.600893e+00	4.203131e+01	8.958357e-02	220135.000000	0.000000e+00
4.625467e+00	4.157539e+01	8.778431e-02	224305.000000	0.000000e+00
4.650035e+00	4.148817e+01	8.748165e-02	224913.000000	0.000000e+00
4.674541e+00	4.094988e+01	8.580960e-02	227737.000000	0.000000e+00
4.699104e+00	4.033565e+01	8.395340e-02	230835.000000	0.000000e+00
4.723670e+00	4.013190e+01	8.318015e-02	232777.000000	0.000000e+00
4.748182e+00	3.981805e+01	8.224675e-02	234381.000000	0.000000e+00
4.772682e+00	3.943668e+01	8.089596e-02	237655.000000	0.000000e+00
4.797203e+00	3.909187e+01	7.990973e-02	239317.000000	0.000000e+00
4.821755e+00	3.872303e+01	7.846696e-02	243537.000000	0.000000e+00
4.846361e+00	3.846162e+01	7.766824e-02	245227.000000	0.000000e+00
4.870915e+00	3.796907e+01	7.635634e-02	247269.000000	0.000000e+00
4.895426e+00	3.772670e+01	7.551006e-02	249625.000000	0.000000e+00
4.919952e+00	3.753395e+01	7.471948e-02	252337.000000	0.000000e+00
4.944496e+00	3.705656e+01	7.333419e-02	255339.000000	0.000000e+00
4.969013e+00	3.666716e+01	7.240410e-02	256465.000000	0.000000e+00
4.993562e+00	3.643300e+01	7.127671e-02	261273.000000	0.000000e+00
5.018138e+00	3.607664e+01	7.044566e-02	262267.000000	0.000000e+00
5.042642e+00	3.575009e+01	6.948896e-02	264681.000000	0.000000e+00
5.067215e+00	3.531481e+01	6.807833e-02	269089.000000	0.000000e+00
5.091775e+00	3.522153e+01	6.786523e-02	269353.000000	0.000000e+00
5.116309e+00	3.494120e+01	6.674747e-02	274035.000000	0.000000e+00
5.140838e+00	3.457673e+01	6.602256e-02	274273.000000	0.000000e+00
5.165333e+00	3.434169e+01	6.507225e-02	278517.000000	0.000000e+00
5.189818e+00	3.408998e+01	6.448865e-02	279439.000000	0.000000e+00
5.214351e+00	3.371573e+01	6.318229e-02	284757.000000	0.000000e+00
5.238947e+00	3.353726e+01	6.266677e-02	286405.000000	0.000000e+00
5.263479e+00	3.316019e+01	6.173434e-02	288523.000000	0.000000e+00
5.288002e+00	3.289789e+01	6.091606e-02	291657.000000	0.000000e+00
5.312546e+00	3.252660e+01	5.995006e-02	294373.000000	0.000000e+00
5.337121e+00	3.240334e+01	5.937576e-02	297825.000000	0.000000e+00
5.361672e+00	3.214155e+01	5.874378e-02	299371.000000	0.000000e+00
5.386196e+00	3.185581e+01	5.790885e-02	302613.000000	0.000000e+00
5.410715e+00	3.162910e+01	5.730578e-02	304633.000000	0.000000e+00
5.435244e+00	3.132338e+01	5.639259e-02	308527.000000	0.000000e+00
5.459823e+00	3.101601e+01	5.558452e-02	311361.000000	0.000000e+00
5.484389e+00	3.084032e+01	5.502806e-02	314101.000000	0.000000e+00
5.508889e+00	3.059892e+01	5.454041e-02	314757.000000	0.000000e+00
5.533464e+00	3.034697e+01	5.346829e-02	322135.000000	0.000000e+00
5.558036e+00	3.010669e+01	5.321122e-02	320125.000000	0.000000e+00
5.582484e+00	2.981022e+01	5.231820e-02	324657.000000	0.000000e+00
5.606956e+00	2.952212e+01	5.167160e-02	326431.000000	0.000000e+00
5.631560e+00	2.937144e+01	5.085180e-02	333609.000000	0.000000e+00
5.656168e+00	2.908427e+01	5.040057e-02	333001.000000	0.000000e+00
5.680698e+00	2.886009e+01	4.973623e-02	336705.000000	0.000000e+00
5.705204e+00	2.867013e+01	4.928184e-02	338443.000000	0.000000e+00
5.729704e+00	2.855874e+01	4.882149e-02	342181.000000	0.000000e+00
5.754232e+00	2.817020e+01	4.794951e-02	345153.000000	0.000000e+00
5.778772e+00	2.792995e+01	4.730365e-02	348619.000000	0.000000e+00
5.803342e+00	2.771892e+01	4.675817e-02	351429.000000	0.000000e+00
5.827902e+00	2.748202e+01	4.614372e-02	354709.000000	0.000000e+00
5.852409e+00	2.736212e+01	4.587094e-02	355815.000000	0.000000e+00
5.876957e+00	2.716327e+01	4.516454e-02	361717.000000	0.000000e+00
5.901534e+00	2.697246e+01	4.477752e-02	362845.000000	0.000000e+00
5.926030e+00	2.675326e+01	4.427134e-02	365181.000000	0.000000e+00
5.950548e+00	2.665944e+01	4.383692e-02	369847.000000	0.000000e+00
5.975137e+00	2.631924e+01	4.308491e-02	373161.000000	0.000000e+00
5.999657e+00	2.609332e+01	4.267371e-02	373885.000000	0.000000e+00
6.024161e+00	2.602043e+01	4.226709e-02	378987.000000	0.000000e+00
6.048714e+00	2.579455e+01	4.177415e-02	381277.000000	0.000000e+00
6.073267e+00	2.563397e+01	4.128731e-02	385477.000000	0.000000e+00
6.097868e+00	2.540548e+01	4.074170e-02	388845.000000	0.000000e+00
6.122369e+00	2.521543e+01	4.044889e-02	388615.000000	0.000000e+00
6.146867e+00	2.500207e+01	3.977688e-02	395085.000000	0.000000e+00
6.171452e+00	2.490396e+01	3.950616e-02	397381.000000	0.000000e+00
6.195974e+00	2.466905e+01	3.901149e-02	399871.000000	0.000000e+00
6.220444e+00	2.447798e+01	3.863106e-02	401493.000000	0.000000e+00
6.244986e+00	2.438446e+01	3.813159e-02	408937.000000	0.000000e+00
6.269588e+00	2.406628e+01	3.759480e-02	409791.000000	0.000000e+00
6.294124e+00	2.391618e+01	3.721413e-02	413017.000000	0.000000e+00
6.318633e+00	2.378026e+01	3.688032e-02	415761.000000	0.000000e+00
6.343202e+00	2.359625e+01	3.637237e-02	420865.000000	0.000000e+00
6.367770e+00	2.344125e+01	3.605207e-02	422767.000000	0.000000e+00
6.392288e+00	2.330239e+01	3.572654e-02	425421.000000	0.000000e+00
6.416837e+00	2.313221e+01	3.525477e-02	430525.000000	0.000000e+00
6.441383e+00	2.296193e+01	3.494602e-02	431739.000000	0.000000e+00
6.465913e+00	2.280395e+01	3.451481e-02	436525.000000	0.000000e+00
6.490433e+00	2.271170e+01	3.430328e-02	438357.000000	0.000000e+00
6.514946e+00	2.244867e+01	3.375145e-02	442381.000000	0.000000e+00
6.539518e+00	2.234459e+01	3.340006e-02	447559.000000	0.000000e+00
6.564059e+00	2.214213e+01	3.309070e-02	447741.000000	0.000000e+00
6.588587e+00	2.204502e+01	3.272299e-02	453853.000000	0.000000e+00
6.613110e+00	2.184148e+01	3.240023e-02	454431.000000	0.000000e+00
6.637622e+00	2.171396e+01	3.201684e-02	459961.000000	0.000000e+00
6.662172e+00	2.152526e+01	3.164216e-02	462769.000000	0.000000e+00
6.686693e+00	2.139315e+01	3.134686e-02	465759.000000	0.000000e+00
6.711227e+00	2.123934e+01	3.098218e-02	469957.000000	0.000000e+00
6.735777e+00	2.107443e+01	3.062701e-02	473481.000000	0.000000e+00
6.760323e+00	2.098352e+01	3.040627e-02	476245.000000	0.000000e+00
6.784855e+00	2.080658e+01	3.002224e-02	480303.000000	0.000000e+00
6.809427e+00	2.071526e+01	2.975849e-02	484573.000000	0.000000e+00
6.833979e+00	2.060956e+01	2.954816e-02	486493.000000	0.000000e+00
6.858503e+00	2.046488e+01	2.921734e-02	490611.000000	0.000000e+00
6.883055e+00	2.032582e+01	2.891122e-02	494269.000000	0.000000e+00
6.907584e+00	2.016758e+01	2.859924e-02	497277.000000	0.000000e+00
6.932134e+00	2.007574e+01	2.834366e-02	501685.000000	0.000000e+00
6.956669e+00	1.986406e+01	2.797658e-02	504135.000000	0.000000e+00
6.981221e+00	1.974623e+01	2.767335e-02	509149.000000	0.000000e+00
7.005753e+00	1.961574e+01	2.745071e-02	510625.000000	0.000000e+00
7.030233e+00	1.946272e+01	2.713531e-02	514443.000000	0.000000e+00
7.054782e+00	1.941459e+01	2.692234e-02	520033.000000	0.000000e+00
7.079343e+00	1.927595e+01	2.665953e-02	522789.000000	0.000000e+00
7.103883e+00	1.910567e+01	2.634303e-02	526009.000000	0.000000e+00
7.128424e+00	1.901174e+01	2.610294e-02	530475.000000	0.000000e+00
7.152965e+00	1.889967e+01	2.588769e-02	532993.000000	0.000000e+00
7.177501e+00	1.873008e+01	2.554692e-02	537529.000000	0.000000e+00
7.202013e+00	1.862374e+01	2.535096e-02	539691.000000	0.000000e+00
7.226577e+00	1.851164e+01	2.503775e-02	546637.000000	0.000000e+00
7.251125e+00	1.842356e+01	2.491133e-02	546957.000000	0.000000e+00
7.275651e+00	1.833687e+01	2.466597e-02	552655.000000	0.000000e+00
7.300226e+00	1.817019e+01	2.435321e-02	556681.000000	0.000000e+00
7.324759e+00	1.809079e+01	2.420725e-02	558501.000000	0.000000e+00
7.349299e+00	1.792584e+01	2.386523e-02	564193.000000	0.000000e+00
7.373825e+00	1.783568e+01	2.371667e-02	565551.000000	0.000000e+00
7.398312e+00	1.770461e+01	2.345377e-02	569833.000000	0.000000e+00
7.422892e+00	1.766799e+01	2.325161e-02	577389.000000	0.000000e+00
7.447442e+00	1.745409e+01	2.299117e-02	576331.000000	0.000000e+00
7.471956e+00	1.739987e+01	2.279116e-02	582853.000000	0.000000e+00
7.496499e+00	1.726936e+01	2.256137e-02	585897.000000	0.000000e+00
7.521014e+00	1.721368e+01	2.243623e-02	588637.000000	0.000000e+00
7.545557e+00	1.708352e+01	2.214253e-02	595251.000000	0.000000e+00
7.570086e+00	1.695333e+01	2.196277e-02	595849.000000	0.000000e+00
7.594613e+00	1.687272e+01	2.174181e-02	602253.000000	0.000000e+00
7.619172e+00	1.671771e+01	2.147779e-02	605863.000000	0.000000e+00
7.643756e+00	1.666840e+01	2.132644e-02	610873.000000	0.000000e+00
7.668263e+00	1.657725e+01	2.121885e-02	610353.000000	0.000000e+00
7.692777e+00	1.648946e+01	2.096520e-02	618607.000000	0.000000e+00
7.717371e+00	1.638049e+01	2.076668e-02	622185.000000	0.000000e+00
7.741929e+00	1.628343e+01	2.059319e-02	625237.000000	0.000000e+00
7.766457e+00	1.617154e+01	2.040617e-02	628029.000000	0.000000e+00
7.790953e+00	1.608635e+01	2.023520e-02	631975.000000	0.000000e+00
7.815489e+00	1.598137e+01	2.001545e-02	637525.000000	0.000000e+00
7.840050e+00	1.588825e+01	1.983236e-02	641805.000000	0.000000e+00
7.864588e+00	1.579241e+01	1.967418e-02	644323.000000	0.000000e+00
7.889126e+00	1.569086e+01	1.947128e-02	649389.000000	0.000000e+00
7.913643e+00	1.560723e+01	1.933299e-02	651709.000000	0.000000e+00
7.938181e+00	1.550543e+01	1.911037e-02	658309.000000	0.000000e+00
7.962760e+00	1.546677e+01	1.900078e-02	662607.000000	0.000000e+00
7.987311e+00	1.533866e+01	1.882027e-02	664237.000000	0.000000e+00
8.011811e+00	1.519812e+01	1.859288e-02	668169.000000	0.000000e+00
8.036325e+00	1.517286e+01	1.848679e-02	673615.000000	0.000000e+00
8.060868e+00	1.504481e+01	1.827613e-02	677649.000000	0.000000e+00
8.085446e+00	1.499664e+01	1.813427e-02	683893.000000	0.000000e+00
8.109989e+00	1.490410e+01	1.802220e-02	683905.000000	0.000000e+00
8.134471e+00	1.482800e+01	1.786569e-02	688851.000000	0.000000e+00
8.159038e+00	1.471677e+01	1.762533e-02	697189.000000	0.000000e+00
8.183598e+00	1.465259e+01	1.756031e-02	696249.000000	0.000000e+00
8.208073e+00	1.459229e+01	1.742377e-02	701395.000000	0.000000e+00
8.232590e+00	1.452041e+01	1.727523e-02	706497.000000	0.000000e+00
8.257144e+00	1.441478e+01	1.707973e-02	712285.000000	0.000000e+00
8.281710e+00	1.431630e+01	1.692297e-02	715663.000000	0.000000e+00
8.306271e+00	1.423526e+01	1.677575e-02	720057.000000	0.000000e+00
8.330826e+00	1.418975e+01	1.666979e-02	724585.000000	0.000000e+00
8.355374e+00	1.409482e+01	1.652782e-02	727257.000000	0.000000e+00
8.379901e+00	1.401702e+01	1.637539e-02	732703.000000	0.000000e+00
8.404418e+00	1.394148e+01	1.626357e-02	734829.000000	0.000000e+00
8.428928e+00	1.384405e+01	1.608590e-02	740689.000000	0.000000e+00
8.453504e+00	1.373849e+01	1.588526e-02	747979.000000	0.000000e+00
8.478051e+00	1.369552e+01	1.584623e-02	746973.000000	0.000000e+00
8.502580e+00	1.363013e+01	1.567252e-02	756349.000000	0.000000e+00
8.527138e+00	1.357699e+01	1.560849e-02	756633.000000	0.000000e+00
8.551634e+00	1.348202e+01	1.544869e-02	761599.000000	0.000000e+00
8.576156e+00	1.341196e+01	1.531249e-02	767173.000000	0.000000e+00
8.600697e+00	1.333579e+01	1.518512e-02	771261.000000	0.000000e+00
8.625259e+00	1.326092e+01	1.503881e-02	777535.000000	0.000000e+00
8.649836e+00	1.318390e+01	1.492177e-02	780633.000000	0.000000e+00
8.674376e+00	1.311332e+01	1.480311e-02	784729.000000	0.000000e+00
8.698927e+00	1.305327e+01	1.468843e-02	789747.000000	0.000000e+00
8.723450e+00	1.298655e+01	1.459353e-02	791893.000000	0.000000e+00
8.747957e+00	1.289630e+01	1.443948e-02	797677.000000	0.000000e+00
8.772521e+00	1.283962e+01	1.431556e-02	804429.000000	0.000000e+00
8.797047e+00	1.274868e+01	1.421323e-02	804535.000000	0.000000e+00
8.821541e+00	1.270483e+01	1.410898e-02	810861.000000	0.000000e+00
8.846076e+00	1.264855e+01	1.399940e-02	816325.000000	0.000000e+00
8.870641e+00	1.259827e+01	1.389216e-02	822399.000000	0.000000e+00
8.895170e+00	1.254841e+01	1.383629e-02	822505.000000	0.000000e+00
8.919713e+00	1.243468e+01	1.362704e-02	832657.000000	0.000000e+00
8.944263e+00	1.239966e+01	1.359516e-02	831861.000000	0.000000e+00
8.968772e+00	1.232860e+01	1.345693e-02	839335.000000	0.000000e+00
8.993334e+00	1.226155e+01	1.334117e-02	844701.000000	0.000000e+00
9.017895e+00	1.220606e+01	1.325537e-02	847945.000000	0.000000e+00
9.042430e+00	1.214627e+01	1.315195e-02	852915.000000	0.000000e+00
9.066970e+00	1.206944e+01	1.303918e-02	856789.000000	0.000000e+00
9.091538e+00	1.203648e+01	1.294244e-02	864901.000000	0.000000e+00
9.116063e+00	1.196077e+01	1.287927e-02	862455.000000	0.000000e+00
9.140573e+00	1.187558e+01	1.270656e-02	873481.000000	0.000000e+00
9.165140e+00	1.186017e+01	1.267297e-02	875841.000000	0.000000e+00
9.189653e+00	1.177044e+01	1.255626e-02	878749.000000	0.000000e+00
9.214176e+00	1.170491e+01	1.243160e-02	886507.000000	0.000000e+00
9.238722e+00	1.165330e+01	1.235847e-02	889137.000000	0.000000e+00
9.263252e+00	1.161247e+01	1.227330e-02	895213.000000	0.000000e+00
9.287810e+00	1.154591e+01	1.216598e-02	900663.000000	0.000000e+00
9.312363e+00	1.148540e+01	1.207812e-02	904261.000000	0.000000e+00
9.336898e+00	1.143997e+01	1.199817e-02	909117.000000	0.000000e+00
9.361428e+00	1.139727e+01	1.192835e-02	912937.000000	0.000000e+00
9.385969e+00	1.132998e+01	1.181225e-02	920011.000000	0.000000e+00
9.410496e+00	1.126676e+01	1.173845e-02	921249.000000	0.000000e+00
9.435027e+00	1.122100e+01	1.163548e-02	930025.000000	0.000000e+00
9.459577e+00	1.116876e+01	1.156712e-02	932307.000000	0.000000e+00
9.484080e+00	1.112325e+01	1.149783e-02	935905.000000	0.000000e+00
9.508599e+00	1.106414e+01	1.138838e-02	943869.000000	0.000000e+00
9.533177e+00	1.103926e+01	1.132924e-02	949465.000000	0.000000e+00
9.557740e+00	1.097112e+01	1.123940e-02	952831.000000	0.000000e+00
9.582283e+00	1.092830e+01	1.116722e-02	957669.000000	0.000000e+00
9.606825e+00	1.085875e+01	1.106869e-02	962425.000000	0.000000e+00
9.631356e+00	1.082851e+01	1.101167e-02	967011.000000	0.000000e+00
9.655881e+00	1.076819e+01	1.092596e-02	971329.000000	0.000000e+00
9.680426e+00	1.071644e+01	1.083211e-02	978757.000000	0.000000e+00
9.704942e+00	1.067475e+01	1.078910e-02	978915.000000	0.000000e+00
9.729497e+00	1.061434e+01	1.065935e-02	991573.000000	0.000000e+00
9.754046e+00	1.057571e+01	1.063423e-02	989025.000000	0.000000e+00
9.778535e+00	1.050687e+01	1.052959e-02	995689.000000	0.000000e+00
9.803103e+00	1.046910e+01	1.043572e-02	1006407.000000	0.000000e+00
9.827649e+00	1.043170e+01	1.041455e-02	1003297.000000	0.000000e+00
9.852180e+00	1.038266e+01	1.030275e-02	1015573.000000	0.000000e+00
9.876731e+00	1.033701e+01	1.025956e-02	1015155.000000	0.000000e+00
9.901284e+00	1.027894e+01	1.015219e-02	1025125.000000	0.000000e+00
9.925835e+00	1.023373e+01	1.010212e-02	1026225.000000	0.000000e+00
9.950350e+00	1.018410e+01	1.002793e-02	1031389.000000	0.000000e+00
9.974902e+00	1.014753e+01	9.950206e-03	1040055.000000	0.000000e+00
9.999429e+00	1.010647e+01	9.915053e-03	1038985.000000	0.000000e+00
1.002392e+01	1.005390e+01	9.822495e-03	1047673.000000	0.000000e+00
1.004849e+01	1.003965e+01	9.772308e-03	1055463.000000	0.000000e+00
1.007303e+01	9.990558e+00	9.721271e-03	1056169.000000	0.000000e+00
1.009756e+01	9.935901e+00	9.630212e-03	1064493.000000	0.000000e+00
1.012209e+01	9.894879e+00	9.580961e-03	1066603.000000	0.000000e+00
1.014664e+01	9.860468e+00	9.504689e-03	1076265.000000	0.000000e+00
1.017120e+01	9.814680e+00	9.451267e-03	1078381.000000	0.000000e+00
1.019572e+01	9.770137e+00	9.390782e-03	1082425.000000	0.000000e+00
1.022025e+01	9.743129e+00	9.330278e-03	1090455.000000	0.000000e+00
1.024479e+01	9.704557e+00	9.280591e-03	1093453.000000	0.000000e+00
1.026933e+01	9.653808e+00	9.203136e-03	1100337.000000	0.000000e+00
1.029386e+01	9.613667e+00	9.148627e-03	1104247.000000	0.000000e+00
1.031842e+01	9.575239e+00	9.079629e-03	1112149.000000	0.000000e+00
1.034296e+01	9.549764e+00	9.044468e-03	1114857.000000	0.000000e+00
1.036749e+01	9.521119e+00	8.996479e-03	1120033.000000	0.000000e+00
1.039203e+01	9.477422e+00	8.924922e-03	1127643.000000	0.000000e+00
1.041655e+01	9.447762e+00	8.894254e-03	1128337.000000	0.000000e+00
1.044111e+01	9.400936e+00	8.798500e-03	1141629.000000	0.000000e+00
1.046570e+01	9.360617e+00	8.758792e-03	1142143.000000	0.000000e+00
1.049021e+01	9.315077e+00	8.705782e-03	1144873.000000	0.000000e+00
1.051473e+01	9.284032e+00	8.641754e-03	1154169.000000	0.000000e+00
1.053925e+01	9.258168e+00	8.614508e-03	1155019.000000	0.000000e+00
1.056380e+01	9.219393e+00	8.530082e-03	1168149.000000	0.000000e+00
1.058835e+01	9.192036e+00	8.510265e-03	1166641.000000	0.000000e+00
1.061283e+01	9.142694e+00	8.449575e-03	1170789.000000	0.000000e+00
1.063739e+01	9.119422e+00	8.374810e-03	1185727.000000	0.000000e+00
1.066197e+01	9.082759e+00	8.346993e-03	1184065.000000	0.000000e+00
1.068650e+01	9.066934e+00	8.306533e-03	1191465.000000	0.000000e+00
1.071103e+01	9.016795e+00	8.250101e-03	1194499.000000	0.000000e+00
1.073555e+01	8.989417e+00	8.199589e-03	1201929.000000	0.000000e+00
1.076011e+01	8.967900e+00	8.154264e-03	1209517.000000	0.000000e+00
1.078466e+01	8.936311e+00	8.115778e-03	1212429.000000	0.000000e+00
1.080918e+01	8.902842e+00	8.070544e-03	1216891.000000	0.000000e+00
1.083370e+01	8.865720e+00	8.017762e-03	1222705.000000	0.000000e+00
1.085823e+01	8.840330e+00	7.968890e-03	1230669.000000	0.000000e+00
1.088282e+01	8.797005e+00	7.902535e-03	1239187.000000	0.000000e+00
1.090737e+01	8.787146e+00	7.898377e-03	1237713.000000	0.000000e+00
1.093189e+01	8.738003e+00	7.825678e-03	1246753.000000	0.000000e+00
1.095642e+01	8.718049e+00	7.796896e-03	1250245.000000	0.000000e+00
1.098096e+01	8.698797e+00	7.749163e-03	1260111.000000	0.000000e+00
1.100552e+01	8.670102e+00	7.717986e-03	1261945.000000	0.000000e+00
1.103005e+01	8.630385e+00	7.662268e-03	1268661.000000	0.000000e+00
1.105458e+01	8.608492e+00	7.626551e-03	1274083.000000	0.000000e+00
1.107911e+01	8.581882e+00	7.587124e-03	1279413.000000	0.000000e+00
1.110366e+01	8.559714e+00	7.543917e-03	1287433.000000	0.000000e+00
1.112821e+01	8.533406e+00	7.509942e-03	1291135.000000	0.000000e+00
1.115273e+01	8.499101e+00	7.467021e-03	1295541.000000	0.000000e+00
1.117726e+01	8.485667e+00	7.434029e-03	1302937.000000	0.000000e+00
1.120181e+01	8.455691e+00	7.388784e-03	1309641.000000	0.000000e+00
1.122634e+01	8.430364e+00	7.358909e-03	1312399.000000	0.000000e+00
1.125085e+01	8.432517e+00	7.342877e-03	1318809.000000	0.000000e+00
1.127541e+01	8.383223e+00	7.270300e-03	1329589.000000	0.000000e+00
1.129999e+01	8.370582e+00	7.253529e-03	1331719.000000	0.000000e+00
1.132451e+01	8.355254e+00	7.230735e-03	1335225.000000	0.000000e+00
1.134903e+01	8.327797e+00	7.184238e-03	1343689.000000	0.000000e+00
1.137357e+01	8.311508e+00	7.158253e-03	1348173.000000	0.000000e+00
1.139811e+01	8.296065e+00	7.123653e-03	1356247.000000	0.000000e+00
1.142265e+01	8.267511e+00	7.092229e-03	1358889.000000	0.000000e+00
1.144718e+01	8.258828e+00	7.063161e-03	1367221.000000	0.000000e+00
1.147174e+01	8.232193e+00	7.022883e-03	1374043.000000	0.000000e+00
1.149628e+01	8.209511e+00	6.995315e-03	1377273.000000	0.000000e+00
1.152079e+01	8.198857e+00	6.975780e-03	1381405.000000	0.000000e+00
1.154533e+01	8.166420e+00	6.919147e-03	1393023.000000	0.000000e+00
1.156988e+01	8.150148e+00	6.903195e-03	1393897.000000	0.000000e+00
1.159441e+01	8.143887e+00	6.875672e-03	1402921.000000	0.000000e+00
1.161895e+01	8.111257e+00	6.836477e-03	1407705.000000	0.000000e+00
1.164349e+01	8.099984e+00	6.811321e-03	1414183.000000	0.000000e+00
1.166804e+01	8.084581e+00	6.784934e-03	1419789.000000	0.000000e+00
1.169259e+01	8.071052e+00	6.755636e-03	1427341.000000	0.000000e+00
1.171712e+01	8.064327e+00	6.746374e-03	1428879.000000	0.000000e+00
1.174164e+01	8.020472e+00	6.687794e-03	1438249.000000	0.000000e+00
1.176619e+01	8.031777e+00	6.680714e-03	1445365.000000	0.000000e+00
1.179072e+01	8.001163e+00	6.652360e-03	1446621.000000	0.000000e+00
1.181525e+01	7.991084e+00	6.619267e-03	1457443.000000	0.000000e+00
1.183979e+01	7.973664e+00	6.596664e-03	1461057.000000	0.000000e+00
1.186435e+01	7.964744e+00	6.569101e-03	1470049.000000	0.000000e+00
1.188889e+01	7.959499e+00	6.557281e-03	1473411.000000	0.000000e+00
1.191343e+01	7.946755e+00	6.532384e-03	1479913.000000	0.000000e+00
1.193797e+01	7.949638e+00	6.519626e-03	1486789.000000	0.000000e+00
1.196251e+01	7.925502e+00	6.489152e-03	1491687.000000	0.000000e+00
1.198703e+01	7.913807e+00	6.467781e-03	1497133.000000	0.000000e+00
1.201156e+01	7.900443e+00	6.439830e-03	1505061.000000	0.000000e+00
1.203612e+01	7.900962e+00	6.426553e-03	1511485.000000	0.000000e+00
1.206065e+01	7.882549e+00	6.403189e-03	1515447.000000	0.000000e+00
1.208515e+01	7.882522e+00	6.393937e-03	1519825.000000	0.000000e+00
1.210971e+01	7.866315e+00	6.347723e-03	1535701.000000	0.000000e+00
1.213428e+01	7.865147e+00	6.354328e-03	1532055.000000	0.000000e+00
1.215881e+01	7.851948e+00	6.316908e-03	1545061.000000	0.000000e+00
1.218336e+01	7.840287e+00	6.306409e-03	1545609.000000	0.000000e+00
1.220787e+01	7.848356e+00	6.298993e-03	1552441.000000	0.000000e+00
1.223242e+01	7.844461e+00	6.272841e-03	1563859.000000	0.000000e+00
1.225696e+01	7.837615e+00	6.267940e-03	1563573.000000	0.000000e+00
1.228148e+01	7.837842e+00	6.248078e-03	1573621.000000	0.000000e+00
1.230602e+01	7.836952e+00	6.237336e-03	1578687.000000	0.000000e+00
1.233056e+01	7.830216e+00	6.218334e-03	1585621.000000	0.000000e+00
1.235512e+01	7.830553e+00	6.199846e-03	1595229.000000	0.000000e+00
1.237965e+01	7.821032e+00	6.195983e-03	1593337.000000	0.000000e+00
1.240419e+01	7.820914e+00	6.164228e-03	1609747.000000	0.000000e+00
1.242874e+01	7.820938e+00	6.169258e-03	1607133.000000	0.000000e+00
1.245325e+01	7.825133e+00	6.155051e-03	1616293.000000	0.000000e+00
1.247780e+01	7.817862e+00	6.127915e-03	1627611.000000	0.000000e+00
1.250235e+01	7.829987e+00	6.139618e-03	1626445.000000	0.000000e+00
1.252688e+01	7.830419e+00	6.116274e-03	1639065.000000	0.000000e+00
1.255143e+01	7.837743e+00	6.117208e-03	1641631.000000	0.000000e+00
1.257596e+01	7.838560e+00	6.111374e-03	1645109.500000	0.000000e+00
1.260049e+01	7.807347e+00	6.092328e-03	1642254.000000	0.000000e+00
1.262503e+01	7.786208e+00	6.081617e-03	1639132.000000	0.000000e+00
1.264958e+01	7.763475e+00	6.067968e-03	1636914.000000	0.000000e+00
1.267411e+01	7.739492e+00	6.060767e-03	1630684.000000	0.000000e+00
1.269864e+01	7.709402e+00	6.040838e-03	1628722.000000	0.000000e+00
1.272316e+01	7.681046e+00	6.026580e-03	1624422.000000	0.000000e+00
1.274773e+01	7.669746e+00	6.012446e-03	1627270.000000	0.000000e+00
1.277225e+01	7.644652e+00	6.020830e-03	1612140.000000	0.000000e+00
1.279677e+01	7.621204e+00	5.988563e-03	1619578.000000	0.000000e+00
1.282133e+01	7.606429e+00	5.994687e-03	1610010.000000	0.000000e+00
1.284587e+01	7.580743e+00	5.973157e-03	1610704.000000	0.000000e+00
1.287043e+01	7.555826e+00	5.963606e-03	1605262.000000	0.000000e+00
1.289495e+01	7.536801e+00	5.959557e-03	1599360.000000	0.000000e+00
1.291951e+01	7.525319e+00	5.945698e-03	1601932.000000	0.000000e+00
1.294403e+01	7.498987e+00	5.949734e-03	1588584.000000	0.000000e+00
1.296853e+01	7.487614e+00	5.934978e-03	1591654.000000	0.000000e+00
1.299309e+01	7.454020e+00	5.913230e-03	1589028.000000	0.000000e+00
1.301763e+01	7.431913e+00	5.910119e-03	1581280.000000	0.000000e+00
1.304217e+01	7.408675e+00	5.892076e-03	1581046.000000	0.000000e+00
1.306670e+01	7.404280e+00	5.899962e-03	1574952.000000	0.000000e+00
1.309123e+01	7.394992e+00	5.899108e-03	1571458.000000	0.000000e+00
1.311579e+01	7.370171e+00	5.879786e-03	1571202.000000	0.000000e+00
1.314034e+01	7.356678e+00	5.881594e-03	1564492.000000	0.000000e+00
1.316488e+01	7.333602e+00	5.870418e-03	1560618.000000	0.000000e+00
1.318940e+01	7.304661e+00	5.856042e-03	1555936.000000	0.000000e+00
1.321393e+01	7.301795e+00	5.860630e-03	1552282.000000	0.000000e+00
1.323848e+01	7.268734e+00	5.834970e-03	1551816.000000	0.000000e+00
1.326302e+01	7.255562e+00	5.841353e-03	1542820.000000	0.000000e+00
1.328757e+01	7.237878e+00	5.824043e-03	1544448.000000	0.000000e+00
1.331210e+01	7.221483e+00	5.829318e-03	1534678.000000	0.000000e+00
1.333662e+01	7.187415e+00	5.804462e-03	1533280.000000	0.000000e+00
1.336117e+01	7.182102e+00	5.804337e-03	1531080.000000	0.000000e+00
1.338570e+01	7.158573e+00	5.800439e-03	1523110.000000	0.000000e+00
1.341022e+01	7.143386e+00	5.791690e-03	1521240.000000	0.000000e+00
1.343476e+01	7.127087e+00	5.786781e-03	1516876.000000	0.000000e+00
1.345932e+01	7.109861e+00	5.775212e-03	1515606.000000	0.000000e+00
1.348389e+01	7.097370e+00	5.773682e-03	1511086.000000	0.000000e+00
1.350843e+01	7.066707e+00	5.764840e-03	1502656.000000	0.000000e+00
1.353293e+01	7.060442e+00	5.767261e-03	1498734.000000	0.000000e+00
1.355748e+01	7.042070e+00	5.752661e-03	1498522.000000	0.000000e+00
1.358203e+01	7.025512e+00	5.752228e-03	1491708.000000	0.000000e+00
1.360658e+01	7.011032e+00	5.744467e-03	1489582.000000	0.000000e+00
1.363111e+01	6.997224e+00	5.750269e-03	1480728.000000	0.000000e+00
1.365563e+01	6.985712e+00	5.741103e-03	1480576.000000	0.000000e+00
1.368019e+01	6.967478e+00	5.735247e-03	1475866.000000	0.000000e+00
1.370473e+01	6.954459e+00	5.736831e-03	1469544.000000	0.000000e+00
1.372924e+01	6.931787e+00	5.729243e-03	1463848.000000	0.000000e+00
1.375380e+01	6.919924e+00	5.713045e-03	1467126.000000	0.000000e+00
1.377836e+01	6.913860e+00	5.732630e-03	1454566.000000	0.000000e+00
1.380287e+01	6.888337e+00	5.717279e-03	1451610.000000	0.000000e+00
1.382737e+01	6.867452e+00	5.711351e-03	1445818.000000	0.000000e+00
1.385191e+01	6.864541e+00	5.708539e-03	1446016.000000	0.000000e+00
1.387648e+01	6.853477e+00	5.710576e-03	1440330.000000	0.000000e+00
1.390103e+01	6.830356e+00	5.699405e-03	1436242.000000	0.000000e+00
1.392557e+01	6.818610e+00	5.706048e-03	1427976.000000	0.000000e+00
1.395012e+01	6.808553e+00	5.695770e-03	1428910.000000	0.000000e+00
1.397464e+01	6.804123e+00	5.719131e-03	1415416.000000	0.000000e+00
1.399917e+01	6.768745e+00	5.678953e-03	1420626.000000	0.000000e+00
1.402372e+01	6.777258e+00	5.710547e-03	1408486.000000	0.000000e+00
1.404824e+01	6.757363e+00	5.696717e-03	1407036.000000	0.000000e+00
1.407278e+01	6.743956e+00	5.694751e-03	1402426.000000	0.000000e+00
1.409731e+01	6.728340e+00	5.695907e-03	1395372.000000	0.000000e+00
1.412183e+01	6.716112e+00	5.691338e-03	1392538.000000	0.000000e+00
1.414639e+01	6.702848e+00	5.684607e-03	1390330.000000	0.000000e+00
1.417094e+01	6.692679e+00	5.696134e-03	1380510.000000	0.000000e+00
1.419546e+01	6.678140e+00	5.686471e-03	1379194.000000	0.000000e+00
1.422001e+01	6.666130e+00	5.690281e-03	1372398.000000	0.000000e+00
1.424455e+01	6.654815e+00	5.687345e-03	1369156.000000	0.000000e+00
1.426908e+01	6.650229e+00	5.700747e-03	1360848.000000	0.000000e+00
1.429362e+01	6.635120e+00	5.687637e-03	1360924.000000	0.000000e+00
1.431818e+01	6.625794e+00	5.697353e-03	1352476.000000	0.000000e+00
1.434273e+01	6.619729e+00	5.698065e-03	1349664.000000	0.000000e+00
1.436724e+01	6.615163e+00	5.717212e-03	1338790.000000	0.000000e+00
1.439177e+01	6.606259e+00	5.702425e-03	1342122.000000	0.000000e+00
1.441633e+01	6.587514e+00	5.709511e-03	1331206.000000	0.000000e+00
1.444087e+01	6.572865e+00	5.701490e-03	1329024.000000	0.000000e+00
1.446541e+01	6.574870e+00	5.718615e-03	1321882.000000	0.000000e+00
1.448996e+01	6.557428e+00	5.708940e-03	1319338.000000	0.000000e+00
1.451448e+01	6.547730e+00	5.723181e-03	1308900.000000	0.000000e+00
1.453902e+01	6.542311e+00	5.715778e-03	1310122.000000	0.000000e+00
1.456356e+01	6.522595e+00	5.720954e-03	1299882.000000	0.000000e+00
1.458809e+01	6.525218e+00	5.731108e-03	1296322.000000	0.000000e+00
1.461262e+01	6.512353e+00	5.729057e-03	1292140.000000	0.000000e+00
1.463716e+01	6.499648e+00	5.735065e-03	1284408.000000	0.000000e+00
1.466171e+01	6.497169e+00	5.735656e-03	1283164.000000	0.000000e+00
1.468625e+01	6.489472e+00	5.750448e-03	1273548.000000	0.000000e+00
1.471078e+01	6.486128e+00	5.755821e-03	1269862.000000	0.000000e+00
1.473534e+01	6.467830e+00	5.745949e-03	1267050.000000	0.000000e+00
1.475987e+01	6.462260e+00	5.767558e-03	1255408.000000	0.000000e+00
1.478439e+01	6.457864e+00	5.763511e-03	1255462.000000	0.000000e+00
1.480894e+01	6.452368e+00	5.778575e-03	1246800.000000	0.000000e+00
1.483348e+01	6.433536e+00	5.767490e-03	1244302.000000	0.000000e+00
1.485802e+01	6.430319e+00	5.785984e-03	1235124.000000	0.000000e+00
1.488256e+01	6.423680e+00	5.784921e-03	1233028.000000	0.000000e+00
1.490708e+01	6.409644e+00	5.796585e-03	1222710.000000	0.000000e+00
1.493162e+01	6.410476e+00	5.799007e-03	1222006.000000	0.000000e+00
1.495618e+01	6.409092e+00	5.812628e-03	1215760.000000	0.000000e+00
1.498071e+01	6.395432e+00	5.821622e-03	1206846.000000	0.000000e+00
1.500525e+01	6.391592e+00	5.823895e-03	1204456.000000	0.000000e+00
1.502980e+01	6.388986e+00	5.838044e-03	1197648.000000	0.000000e+00
1.505434e+01	6.371800e+00	5.839528e-03	1190608.000000	0.000000e+00
1.507886e+01	6.377206e+00	5.855584e-03	1186098.000000	0.000000e+00
1.510342e+01	6.374027e+00	5.864771e-03	1181206.000000	0.000000e+00
1.512796e+01	6.350035e+00	5.863837e-03	1172704.000000	0.000000e+00
1.515246e+01	6.362736e+00	5.888848e-03	1167420.000000	0.000000e+00
1.517700e+01	6.348496e+00	5.886226e-03	1163236.000000	0.000000e+00
1.520157e+01	6.347223e+00	5.895327e-03	1159182.000000	0.000000e+00
1.522611e+01	6.338009e+00	5.916432e-03	1147588.000000	0.000000e+00
1.525063e+01	6.343630e+00	5.925118e-03	1146256.000000	0.000000e+00
1.527518e+01	6.327567e+00	5.931556e-03	1137984.000000	0.000000e+00
1.529972e+01	6.331107e+00	5.947846e-03	1133026.000000	0.000000e+00
1.532424e+01	6.330752e+00	5.967592e-03	1125414.000000	0.000000e+00
1.534877e+01	6.318972e+00	5.968134e-03	1121026.000000	0.000000e+00
1.537332e+01	6.321599e+00	5.985783e-03	1115352.000000	0.000000e+00
1.539786e+01	6.304811e+00	5.990293e-03	1107766.000000	0.000000e+00
1.542240e+01	6.315473e+00	6.011700e-03	1103614.000000	0.000000e+00
1.544694e+01	6.317981e+00	6.036820e-03	1095318.000000	0.000000e+00
1.547149e+01	6.308802e+00	6.039944e-03	1091008.000000	0.000000e+00
1.549603e+01	6.310447e+00	6.060810e-03	1084074.000000	0.000000e+00
1.552054e+01	6.306350e+00	6.084762e-03	1074160.000000	0.000000e+00
1.554506e+01	6.309012e+00	6.089928e-03	1073244.000000	0.000000e+00
1.556963e+01	6.301105e+00	6.101330e-03	1066558.000000	0.000000e+00
1.559418e+01	6.290989e+00	6.116341e-03	1057924.000000	0.000000e+00
1.561873e+01	6.292132e+00	6.128683e-03	1054050.000000	0.000000e+00
1.564327e+01	6.306709e+00	6.171533e-03	1044286.000000	0.000000e+00
1.566780e+01	6.298602e+00	6.171524e-03	1041606.000000	0.000000e+00
1.569233e+01	6.301662e+00	6.206808e-03	1030798.000000	0.000000e+00
1.571685e+01	6.301198e+00	6.216147e-03	1027552.000000	0.000000e+00
1.574141e+01	6.292421e+00	6.226343e-03	1021338.000000	0.000000e+00
1.576595e+01	6.289610e+00	6.248080e-03	1013338.000000	0.000000e+00
1.579049e+01	6.304597e+00	6.278950e-03	1008186.000000	0.000000e+00
1.581502e+01	6.290679e+00	6.292586e-03	999394.000000	0.000000e+00
1.583955e+01	6.309580e+00	6.326373e-03	994698.000000	0.000000e+00
1.586407e+01	6.301656e+00	6.342815e-03	987064.000000	0.000000e+00
1.588861e+01	6.300634e+00	6.361208e-03	981046.000000	0.000000e+00
1.591315e+01	6.305468e+00	6.384558e-03	975378.000000	0.000000e+00
1.593770e+01	6.300873e+00	6.404027e-03	968044.000000	0.000000e+00
1.596225e+01	6.315796e+00	6.441042e-03	961488.000000	0.000000e+00
1.598677e+01	6.322039e+00	6.475073e-03	953290.000000	0.000000e+00
1.601131e+01	6.330189e+00	6.497825e-03	949068.000000	0.000000e+00
1.603586e+01	6.314449e+00	6.509513e-03	940966.000000	0.000000e+00
1.606040e+01	6.328802e+00	6.548468e-03	934036.000000	0.000000e+00
1.608493e+01	6.329375e+00	6.571613e-03	927636.000000	0.000000e+00
1.610947e+01	6.337466e+00	6.607969e-03	919804.000000	0.000000e+00
1.613400e+01	6.347469e+00	6.639430e-03	913986.000000	0.000000e+00
1.615854e+01	6.344648e+00	6.659918e-03	907564.000000	0.000000e+00
1.618310e+01	6.354114e+00	6.696039e-03	900480.000000	0.000000e+00
1.620765e+01	6.365305e+00	6.734321e-03	893410.000000	0.000000e+00
1.623216e+01	6.360404e+00	6.767214e-03	883384.000000	0.000000e+00
1.625669e+01	6.360660e+00	6.776714e-03	880980.000000	0.000000e+00
1.628123e+01	6.379243e+00	6.834398e-03	871240.000000	0.000000e+00
1.630580e+01	6.370716e+00	6.840275e-03	867420.000000	0.000000e+00
1.633036e+01	6.388932e+00	6.899326e-03	857518.000000	0.000000e+00
1.635486e+01	6.398942e+00	6.946219e-03	848632.000000	0.000000e+00
1.637939e+01	6.402203e+00	6.962166e-03	845610.000000	0.000000e+00
1.640395e+01	6.407803e+00	7.006826e-03	836326.000000	0.000000e+00
1.642848e+01	6.415443e+00	7.044826e-03	829302.000000	0.000000e+00
1.645298e+01	6.429944e+00	7.098608e-03	820480.000000	0.000000e+00
1.647753e+01	6.424700e+00	7.107822e-03	817020.000000	0.000000e+00
1.650209e+01	6.426989e+00	7.148286e-03	808372.000000	0.000000e+00
1.652660e+01	6.438919e+00	7.206681e-03	798280.000000	0.000000e+00
1.655114e+01	6.459092e+00	7.241235e-03	795642.000000	0.000000e+00
1.657571e+01	6.445625e+00	7.269112e-03	786262.000000	0.000000e+00
1.660025e+01	6.465560e+00	7.330793e-03	777876.000000	0.000000e+00
1.662478e+01	6.483019e+00	7.376504e-03	772420.000000	0.000000e+00
1.664931e+01	6.475689e+00	7.416297e-03	762426.000000	0.000000e+00
1.667386e+01	6.508482e+00	7.471317e-03	758866.000000	0.000000e+00
1.669842e+01	6.519720e+00	7.536961e-03	748282.000000	0.000000e+00
1.672293e+01	6.513776e+00	7.567796e-03	740844.000000	0.000000e+00
1.674748e+01	6.528347e+00	7.609954e-03	735940.000000	0.000000e+00
1.677204e+01	6.532987e+00	7.668079e-03	725856.000000	0.000000e+00
1.679655e+01	6.553660e+00	7.730857e-03	718642.000000	0.000000e+00
1.682107e+01	6.558869e+00	7.775288e-03	711582.000000	0.000000e+00
1.684563e+01	6.579268e+00	7.837073e-03	704770.000000	0.000000e+00
1.687018e+01	6.583727e+00	7.886654e-03	696880.000000	0.000000e+00
1.689472e+01	6.591546e+00	7.947426e-03	687894.000000	0.000000e+00
1.691924e+01	6.608383e+00	8.003386e-03	681778.000000	0.000000e+00
1.694378e+01	6.615937e+00	8.067555e-03	672510.000000	0.000000e+00
1.696830e+01	6.629242e+00	8.124083e-03	665854.000000	0.000000e+00
1.699283e+01	6.636492e+00	8.183751e-03	657616.000000	0.000000e+00
1.701740e+01	6.642792e+00	8.228111e-03	651780.000000	0.000000e+00
1.704195e+01	6.655365e+00	8.306018e-03	642034.000000	0.000000e+00
1.706646e+01	6.664640e+00	8.376498e-03	633036.000000	0.000000e+00
1.709097e+01	6.694844e+00	8.449989e-03	627724.000000	0.000000e+00
1.711553e+01	6.698070e+00	8.511804e-03	619236.000000	0.000000e+00
1.714008e+01	6.705852e+00	8.580268e-03	610810.000000	0.000000e+00
1.716463e+01	6.712622e+00	8.631772e-03	604762.000000	0.000000e+00
1.718918e+01	6.719883e+00	8.720842e-03	593754.000000	0.000000e+00
1.721369e+01	6.755110e+00	8.811207e-03	587752.000000	0.000000e+00
1.723823e+01	6.729633e+00	8.845627e-03	578796.000000	0.000000e+00
1.726278e+01	6.764623e+00	8.944832e-03	571930.000000	0.000000e+00
1.728731e+01	6.737264e+00	8.979380e-03	562956.000000	0.000000e+00
1.731188e+01	6.777103e+00	9.087578e-03	556150.000000	0.000000e+00
1.733641e+01	6.775027e+00	9.166044e-03	546334.000000	0.000000e+00
1.736091e+01	6.781524e+00	9.249114e-03	537594.000000	0.000000e+00
1.738543e+01	6.800869e+00	9.320983e-03	532360.000000	0.000000e+00
1.741000e+01	6.796366e+00	9.406899e-03	521988.000000	0.000000e+00
1.743456e+01	6.824921e+00	9.502033e-03	515896.000000	0.000000e+00
1.745909e+01	6.801987e+00	9.568749e-03	505314.000000	0.000000e+00
1.748363e+01	6.807200e+00	9.639779e-03	498658.000000	0.000000e+00
1.750818e+01	6.789843e+00	9.699123e-03	490066.000000	0.000000e+00
1.753269e+01	6.808120e+00	9.826982e-03	479970.000000	0.000000e+00
1.755722e+01	6.812510e+00	9.890501e-03	474436.000000	0.000000e+00
1.758176e+01	6.795296e+00	9.976053e-03	463980.000000	0.000000e+00
1.760629e+01	6.796414e+00	1.005598e-02	456784.000000	0.000000e+00
1.763083e+01	6.819682e+00	1.018469e-02	448366.000000	0.000000e+00
1.765539e+01	6.769926e+00	1.020718e-02	439902.000000	0.000000e+00
1.767993e+01	6.775055e+00	1.031798e-02	431158.000000	0.000000e+00
1.770446e+01	6.786208e+00	1.043689e-02	422778.000000	0.000000e+00
1.772897e+01	6.761324e+00	1.051356e-02	413584.000000	0.000000e+00
1.775351e+01	6.730658e+00	1.055683e-02	406488.000000	0.000000e+00
1.777808e+01	6.693956e+00	1.061391e-02	397754.500000	0.000000e+00
1.780261e+01	6.692119e+00	1.072768e-02	389149.000000	0.000000e+00
1.782713e+01	6.696769e+00	1.083232e-02	382197.000000	0.000000e+00
1.785169e+01	6.670772e+00	1.088422e-02	375628.000000	0.000000e+00
1.787623e+01	6.681913e+00	1.101852e-02	367752.000000	0.000000e+00
1.790076e+01	6.671991e+00	1.109048e-02	361918.000000	0.000000e+00
1.792530e+01	6.652418e+00	1.116306e-02	355134.000000	0.000000e+00
1.794985e+01	6.660083e+00	1.127909e-02	348667.000000	0.000000e+00
1.797440e+01	6.676546e+00	1.140075e-02	342955.000000	0.000000e+00
1.799891e+01	6.655171e+00	1.148598e-02	335724.000000	0.000000e+00
1.802344e+01	6.652795e+00	1.156289e-02	331036.000000	0.000000e+00
1.804802e+01	6.667978e+00	1.168871e-02	325428.000000	0.000000e+00
1.807255e+01	6.661429e+00	1.180813e-02	318253.000000	0.000000e+00
1.809707e+01	6.658385e+00	1.188170e-02	314037.000000	0.000000e+00
1.812164e+01	6.682511e+00	1.203814e-02	308149.000000	0.000000e+00
1.814617e+01	6.647311e+00	1.209088e-02	302257.000000	0.000000e+00
1.817068e+01	6.684961e+00	1.226408e-02	297117.000000	0.000000e+00
1.819523e+01	6.692633e+00	1.237162e-02	292645.000000	0.000000e+00
1.821979e+01	6.693275e+00	1.249289e-02	287046.000000	0.000000e+00
1.824431e+01	6.705558e+00	1.264235e-02	281329.000000	0.000000e+00
1.826883e+01	6.674718e+00	1.267515e-02	277306.000000	0.000000e+00
1.829337e+01	6.706827e+00	1.285498e-02	272202.000000	0.000000e+00
1.831793e+01	6.724403e+00	1.299616e-02	267718.000000	0.000000e+00
1.834250e+01	6.721570e+00	1.310726e-02	262977.000000	0.000000e+00
1.836701e+01	6.719962e+00	1.325380e-02	257071.000000	0.000000e+00
1.839152e+01	6.706947e+00	1.331451e-02	253746.000000	0.000000e+00
1.841609e+01	6.721315e+00	1.346284e-02	249250.000000	0.000000e+00
1.844064e+01	6.751522e+00	1.366319e-02	244174.000000	0.000000e+00
1.846515e+01	6.739927e+00	1.375524e-02	240090.000000	0.000000e+00
1.848971e+01	6.717222e+00	1.382721e-02	235999.000000	0.000000e+00
1.851428e+01	6.762781e+00	1.404694e-02	231786.000000	0.000000e+00
1.853881e+01	6.760082e+00	1.418674e-02	227059.000000	0.000000e+00
1.856328e+01	6.771092e+00	1.435862e-02	222378.000000	0.000000e+00
1.858784e+01	6.789169e+00	1.446815e-02	220195.000000	0.000000e+00
1.861244e+01	6.803481e+00	1.467270e-02	215002.000000	0.000000e+00
1.863693e+01	6.809133e+00	1.483978e-02	210537.000000	0.000000e+00
1.866143e+01	6.810171e+00	1.495852e-02	207271.000000	0.000000e+00
1.868601e+01	6.802351e+00	1.506542e-02	203871.000000	0.000000e+00
1.871055e+01	6.835793e+00	1.531373e-02	199258.000000	0.000000e+00
1.873503e+01	6.879073e+00	1.556483e-02	195331.000000	0.000000e+00
1.875958e+01	6.831387e+00	1.555245e-02	192939.000000	0.000000e+00
1.878417e+01	6.886325e+00	1.586547e-02	188395.000000	0.000000e+00
1.880870e+01	6.895173e+00	1.603169e-02	184983.000000	0.000000e+00
1.883322e+01	6.872996e+00	1.614523e-02	181219.000000	0.000000e+00
1.885775e+01	6.914309e+00	1.639406e-02	177879.000000	0.000000e+00
1.888231e+01	6.914659e+00	1.654665e-02	174631.000000	0.000000e+00
1.890684e+01	6.940861e+00	1.678973e-02	170899.000000	0.000000e+00
1.893134e+01	6.959140e+00	1.700637e-02	167451.000000	0.000000e+00
1.895590e+01	6.952985e+00	1.712355e-02	164875.000000	0.000000e+00
1.898046e+01	7.007653e+00	1.747208e-02	160863.000000	0.000000e+00
1.900495e+01	7.020016e+00	1.768317e-02	157600.000000	0.000000e+00
1.902946e+01	6.982607e+00	1.774437e-02	154851.000000	0.000000e+00
1.905406e+01	7.076407e+00	1.814350e-02	152119.000000	0.000000e+00
1.907863e+01	7.056460e+00	1.831698e-02	148411.000000	0.000000e+00
1.910311e+01	7.086003e+00	1.861248e-02	144942.000000	0.000000e+00
1.912765e+01	7.085610e+00	1.873589e-02	143023.000000	0.000000e+00
1.915226e+01	7.135047e+00	1.909248e-02	139659.000000	0.000000e+00
1.917678e+01	7.166939e+00	1.941697e-02	136240.000000	0.000000e+00
1.920124e+01	7.219644e+00	1.976546e-02	133419.000000	0.000000e+00
1.922581e+01	7.159426e+00	1.975099e-02	131395.000000	0.000000e+00
1.925040e+01	7.235004e+00	2.022846e-02	127924.000000	0.000000e+00
1.927489e+01	7.227706e+00	2.044149e-02	125019.000000	0.000000e+00
1.929941e+01	7.255607e+00	2.070902e-02	122752.000000	0.000000e+00
1.932402e+01	7.309430e+00	2.107182e-02	120327.000000	0.000000e+00
1.934855e+01	7.327001e+00	2.145114e-02	116668.000000	0.000000e+00
1.937298e+01	7.361497e+00	2.178158e-02	114223.000000	0.000000e+00
1.939755e+01	7.339622e+00	2.185428e-02	112791.000000	0.000000e+00
1.942217e+01	7.384896e+00	2.233626e-02	109312.000000	0.000000e+00
1.944667e+01	7.401881e+00	2.263667e-02	106920.000000	0.000000e+00
1.947113e+01	7.454672e+00	2.311540e-02	104005.000000	0.000000e+00
1.949570e+01	7.431982e+00	2.317926e-02	102804.000000	0.000000e+00
1.952032e+01	7.465680e+00	2.365223e-02	99631.000000	0.000000e+00
1.954482e+01	7.530178e+00	2.416450e-02	97108.000000	0.000000e+00
1.956930e+01	7.590106e+00	2.463398e-02	94935.000000	0.000000e+00
1.959391e+01	7.592712e+00	2.487770e-02	93148.000000	0.000000e+00
1.961850e+01	7.610419e+00	2.531916e-02	90348.000000	0.000000e+00
1.964294e+01	7.619518e+00	2.572884e-02	87703.000000	0.000000e+00
1.966740e+01	7.698077e+00	2.623863e-02	86076.000000	0.000000e+00
1.969204e+01	7.721606e+00	2.657886e-02	84400.000000	0.000000e+00
1.971660e+01	7.757160e+00	2.720036e-02	81331.000000	0.000000e+00
1.974103e+01	7.773311e+00	2.757742e-02	79452.000000	0.000000e+00
1.976563e+01	7.878598e+00	2.818102e-02	78160.000000	0.000000e+00
1.979032e+01	7.867484e+00	2.858542e-02	75750.000000	0.000000e+00
1.981482e+01	7.958379e+00	2.942567e-02	73147.000000	0.000000e+00
1.983914e+01	7.944751e+00	2.985567e-02	70812.000000	0.000000e+00
1.986374e+01	8.016860e+00	3.016416e-02	70636.000000	0.000000e+00
1.988844e+01	7.959899e+00	3.062043e-02	67576.000000	0.000000e+00
1.991292e+01	8.024005e+00	3.129820e-02	65727.000000	0.000000e+00
1.993736e+01	8.150393e+00	3.228391e-02	63736.000000	0.000000e+00
1.996197e+01	8.118717e+00	3.242614e-02	62688.000000	0.000000e+00
1.998658e+01	8.176275e+00	3.331184e-02	60244.000000	0.000000e+00
2.001095e+01	8.213056e+00	3.408171e-02	58072.000000	0.000000e+00
2.003547e+01	8.325147e+00	3.473427e-02	57447.000000	0.000000e+00
2.006019e+01	8.392509e+00	3.565957e-02	55390.000000	0.000000e+00
2.008472e+01	8.413060e+00	3.641915e-02	53364.000000	0.000000e+00
2.010903e+01	8.436321e+00	3.725889e-02	51268.000000	0.000000e+00
2.013363e+01	8.503213e+00	3.759982e-02	51144.000000	0.000000e+00
2.015842e+01	8.590709e+00	3.889947e-02	48772.000000	0.000000e+00
2.018288e+01	8.645573e+00	3.995223e-02	46828.000000	0.000000e+00
2.020721e+01	8.671283e+00	4.070890e-02	45372.000000	0.000000e+00
2.023181e+01	8.690210e+00	4.117751e-02	44539.000000	0.000000e+00
2.025650e+01	8.724534e+00	4.221109e-02	42720.000000	0.000000e+00
2.028095e+01	8.861388e+00	4.379747e-02	40936.000000	0.000000e+00
2.030542e+01	8.885382e+00	4.443913e-02	39978.000000	0.000000e+00
2.033011e+01	8.960081e+00	4.560089e-02	38608.000000	0.000000e+00
2.035466e+01	8.948951e+00	4.659143e-02	36892.000000	0.000000e+00
2.037892e+01	9.028884e+00	4.811864e-02	35208.000000	0.000000e+00
2.040348e+01	9.047883e+00	4.834916e-02	35020.000000	0.000000e+00
2.042837e+01	9.118714e+00	4.991631e-02	33372.000000	0.000000e+00
2.045281e+01	9.224695e+00	5.204139e-02	31420.000000	0.000000e+00
2.047697e+01	9.373443e+00	5.380642e-02	30348.000000	0.000000e+00
2.050165e+01	9.429310e+00	5.440389e-02	30040.000000	0.000000e+00
2.052659e+01	9.353974e+00	5.538096e-02	28528.000000	0.000000e+00
2.055100e+01	9.486216e+00	5.813968e-02	26622.000000	0.000000e+00
2.057510e+01	9.533184e+00	5.937403e-02	25780.000000	0.000000e+00
2.059985e+01	9.725131e+00	6.095853e-02	25452.000000	0.000000e+00
2.062477e+01	9.664568e+00	6.241053e-02	23980.000000	0.000000e+00
2.064904e+01	9.862614e+00	6.618757e-02	22204.000000	0.000000e+00
2.067328e+01	9.893132e+00	6.681499e-02	21924.000000	0.000000e+00
2.069813e+01	1.000952e+01	6.898692e-02	21052.000000	0.000000e+00
2.072282e+01	1.015253e+01	7.228246e-02	19728.000000	0.000000e+00
2.074689e+01	1.009982e+01	7.462737e-02	18316.000000	0.000000e+00
2.077148e+01	1.032065e+01	7.583383e-02	18522.000000	0.000000e+00
2.079650e+01	1.039928e+01	7.962777e-02	17056.000000	0.000000e+00
2.082086e+01	1.033080e+01	8.192598e-02	15901.000000	0.000000e+00
2.084494e+01	1.059256e+01	8.610984e-02	15132.000000	0.000000e+00
2.086988e+01	1.068256e+01	8.717627e-02	15016.000000	0.000000e+00
2.089484e+01	1.069579e+01	9.185085e-02	13560.000000	0.000000e+00
2.091874e+01	1.071769e+01	9.610825e-02	12436.000000	0.000000e+00
2.094286e+01	1.101471e+01	9.926789e-02	12312.000000	0.000000e+00
2.096835e+01	1.105226e+01	1.008257e-01	12016.000000	0.000000e+00
2.099333e+01	1.125034e+01	1.102445e-01	10414.000000	0.000000e+00
2.101635e+01	1.137411e+01	1.180965e-01	9276.000000	0.000000e+00
2.104066e+01	1.154970e+01	1.157229e-01	9961.000000	0.000000e+00
2.106684e+01	1.154122e+01	1.201429e-01	9228.000000	0.000000e+00
2.109169e+01	1.163818e+01	1.323547e-01	7732.000000	0.000000e+00
2.111385e+01	1.185216e+01	1.441958e-01	6756.000000	0.000000e+00
2.113864e+01	1.186195e+01	1.346905e-01	7756.000000	0.000000e+00
2.116547e+01	1.223194e+01	1.481164e-01	6820.000000	0.000000e+00
2.118998e+01	1.237161e+01	1.690148e-01	5358.000000	0.000000e+00
2.121167e+01	1.256437e+01	1.778115e-01	4993.000000	0.000000e+00
2.123701e+01	1.247388e+01	1.678927e-01	5520.000000	0.000000e+00
2.126409e+01	1.273373e+01	1.839489e-01	4792.000000	0.000000e+00
2.128812e+01	1.314428e+01	2.242385e-01	3436.000000	0.000000e+00
2.130920e+01	1.303004e+01	2.208799e-01	3480.000000	0.000000e+00
2.133536e+01	1.324673e+01	2.171594e-01	3721.000000	0.000000e+00
2.136298e+01	1.344122e+01	2.401750e-01	3132.000000	0.000000e+00
2.138535e+01	1.361544e+01	3.232622e-01	1774.000000	0.000000e+00
2.140616e+01	1.366863e+01	2.783149e-01	2412.000000	0.000000e+00
2.143360e+01	1.406021e+01	2.989504e-01	2212.000000	0.000000e+00
2.146162e+01	1.422973e+01	3.320031e-01	1837.000000	0.000000e+00
2.148292e+01	1.447380e+01	5.066843e-01	816.000000	0.000000e+00
2.150387e+01	1.454208e+01	3.925992e-01	1372.000000	0.000000e+00
2.153200e+01	1.515353e+01	4.585666e-01	1092.000000	0.000000e+00
2.156014e+01	1.612876e+01	5.551746e-01	844.000000	0.000000e+00
2.158178e+01	1.540012e+01	8.364197e-01	339.000000	0.000000e+00
2.160234e+01	1.562618e+01	6.774810e-01	532.000000	0.000000e+00
2.163046e+01	1.611907e+01	8.448687e-01	364.000000	0.000000e+00
2.165853e+01	1.605764e+01	1.063443e+00	228.000000	0.000000e+00
2.168066e+01	1.791483e+01	2.096772e+00	73.000000	0.000000e+00
2.170037e+01	1.821435e+01	1.987349e+00	84.000000	0.000000e+00
2.172766e+01	1.105604e+01	2.089396e+00	28.000000	0.000000e+00
2.175143e+01	2.312892e+01	1.335349e+01	3.000000	0.000000e+00
