# [<k> (h/Mpc)]	[<P_0(k)> (Mpc/h)^3]	[ErrorBar (Mpc/h)^3]	nModes	[<P_2(k)> (Mpc/h)^3]
3.476422e-02	1.501314e+04	4.163897e+03	13.000000	0.000000e+00
5.890282e-02	1.097154e+04	1.909899e+03	33.000000	0.000000e+00
8.378087e-02	6.480344e+03	7.290956e+02	79.000000	0.000000e+00
1.087368e-01	4.976322e+03	4.600612e+02	117.000000	0.000000e+00
1.341836e-01	3.720727e+03	2.598668e+02	205.000000	0.000000e+00
1.581206e-01	2.746961e+03	1.791920e+02	235.000000	0.000000e+00
1.826843e-01	2.127136e+03	1.107343e+02	369.000000	0.000000e+00
2.073525e-01	1.961956e+03	9.428559e+01	433.000000	0.000000e+00
2.322407e-01	1.713508e+03	7.084483e+01	585.000000	0.000000e+00
2.568838e-01	1.444151e+03	5.542143e+01	679.000000	0.000000e+00
2.811185e-01	1.310257e+03	4.595272e+01	813.000000	0.000000e+00
3.057758e-01	1.160021e+03	3.696135e+01	985.000000	0.000000e+00
3.308750e-01	1.120800e+03	3.258636e+01	1183.000000	0.000000e+00
3.553459e-01	1.039142e+03	2.917051e+01	1269.000000	0.000000e+00
3.797184e-01	8.895376e+02	2.268963e+01	1537.000000	0.000000e+00
4.042043e-01	8.668741e+02	2.132159e+01	1653.000000	0.000000e+00
4.287408e-01	7.821229e+02	1.765285e+01	1963.000000	0.000000e+00
4.533372e-01	7.661361e+02	1.663549e+01	2121.000000	0.000000e+00
4.779960e-01	7.194934e+02	1.464698e+01	2413.000000	0.000000e+00
5.026630e-01	6.825764e+02	1.329722e+01	2635.000000	0.000000e+00
5.271488e-01	6.177632e+02	1.151734e+01	2877.000000	0.000000e+00
5.515428e-01	6.013201e+02	1.068180e+01	3169.000000	0.000000e+00
5.762241e-01	5.664068e+02	9.564462e+00	3507.000000	0.000000e+00
6.007286e-01	5.702269e+02	9.393533e+00	3685.000000	0.000000e+00
6.252569e-01	5.417229e+02	8.394015e+00	4165.000000	0.000000e+00
6.499966e-01	5.264280e+02	7.957025e+00	4377.000000	0.000000e+00
6.746858e-01	4.929000e+02	7.073986e+00	4855.000000	0.000000e+00
6.991271e-01	4.861709e+02	6.924837e+00	4929.000000	0.000000e+00
7.235757e-01	4.683845e+02	6.269697e+00	5581.000000	0.000000e+00
7.479714e-01	4.519877e+02	5.997782e+00	5679.000000	0.000000e+00
7.726133e-01	4.406906e+02	5.515100e+00	6385.000000	0.000000e+00
7.972413e-01	4.227208e+02	5.221960e+00	6553.000000	0.000000e+00
8.218513e-01	4.147525e+02	4.913563e+00	7125.000000	0.000000e+00
8.464491e-01	3.980666e+02	4.612805e+00	7447.000000	0.000000e+00
8.709767e-01	3.908918e+02	4.389827e+00	7929.000000	0.000000e+00
8.955547e-01	3.760142e+02	4.114177e+00	8353.000000	0.000000e+00
9.199772e-01	3.679975e+02	3.928451e+00	8775.000000	0.000000e+00
9.444963e-01	3.665696e+02	3.798495e+00	9313.000000	0.000000e+00
9.690846e-01	3.574022e+02	3.602779e+00	9841.000000	0.000000e+00
9.935517e-01	3.496650e+02	3.463728e+00	10191.000000	0.000000e+00
1.018099e+00	3.415423e+02	3.271832e+00	10897.000000	0.000000e+00
1.042679e+00	3.328020e+02	3.130600e+00	11301.000000	0.000000e+00
1.067353e+00	3.237423e+02	2.952275e+00	12025.000000	0.000000e+00
1.092004e+00	3.147609e+02	2.824018e+00	12423.000000	0.000000e+00
1.116549e+00	3.086567e+02	2.704914e+00	13021.000000	0.000000e+00
1.140967e+00	3.048569e+02	2.633072e+00	13405.000000	0.000000e+00
1.165410e+00	2.946167e+02	2.468287e+00	14247.000000	0.000000e+00
1.189942e+00	2.848444e+02	2.353122e+00	14653.000000	0.000000e+00
1.214340e+00	2.840876e+02	2.294239e+00	15333.000000	0.000000e+00
1.238824e+00	2.777785e+02	2.199540e+00	15949.000000	0.000000e+00
1.263616e+00	2.688760e+02	2.058615e+00	17059.000000	0.000000e+00
1.288278e+00	2.648958e+02	2.025887e+00	17097.000000	0.000000e+00
1.312698e+00	2.582813e+02	1.926989e+00	17965.000000	0.000000e+00
1.337129e+00	2.525210e+02	1.855018e+00	18531.000000	0.000000e+00
1.361846e+00	2.503190e+02	1.784854e+00	19669.000000	0.000000e+00
1.386459e+00	2.441823e+02	1.731267e+00	19893.000000	0.000000e+00
1.410760e+00	2.382083e+02	1.664328e+00	20485.000000	0.000000e+00
1.435294e+00	2.380884e+02	1.614353e+00	21751.000000	0.000000e+00
1.459966e+00	2.308686e+02	1.549175e+00	22209.000000	0.000000e+00
1.484553e+00	2.271806e+02	1.496651e+00	23041.000000	0.000000e+00
1.509059e+00	2.245546e+02	1.458916e+00	23691.000000	0.000000e+00
1.533565e+00	2.180570e+02	1.394339e+00	24457.000000	0.000000e+00
1.558284e+00	2.176467e+02	1.355088e+00	25797.000000	0.000000e+00
1.582818e+00	2.130397e+02	1.330797e+00	25627.000000	0.000000e+00
1.607259e+00	2.086737e+02	1.264875e+00	27217.000000	0.000000e+00
1.631809e+00	2.045839e+02	1.232589e+00	27549.000000	0.000000e+00
1.656366e+00	2.005038e+02	1.181214e+00	28813.000000	0.000000e+00
1.680925e+00	1.982380e+02	1.157033e+00	29355.000000	0.000000e+00
1.705257e+00	1.934235e+02	1.118279e+00	29917.000000	0.000000e+00
1.729806e+00	1.907766e+02	1.072303e+00	31653.000000	0.000000e+00
1.754462e+00	1.874396e+02	1.048623e+00	31951.000000	0.000000e+00
1.778992e+00	1.824945e+02	1.003672e+00	33061.000000	0.000000e+00
1.803411e+00	1.796579e+02	9.801578e-01	33597.000000	0.000000e+00
1.827963e+00	1.787080e+02	9.525572e-01	35197.000000	0.000000e+00
1.852647e+00	1.736928e+02	9.177002e-01	35823.000000	0.000000e+00
1.877249e+00	1.719130e+02	8.943495e-01	36949.000000	0.000000e+00
1.901733e+00	1.680861e+02	8.702118e-01	37309.000000	0.000000e+00
1.926241e+00	1.649627e+02	8.345193e-01	39075.000000	0.000000e+00
1.950830e+00	1.627508e+02	8.202079e-01	39373.000000	0.000000e+00
1.975308e+00	1.615551e+02	7.994934e-01	40833.000000	0.000000e+00
1.999729e+00	1.586688e+02	7.816766e-01	41203.000000	0.000000e+00
2.024419e+00	1.548089e+02	7.406445e-01	43689.000000	0.000000e+00
2.049126e+00	1.521638e+02	7.294604e-01	43513.000000	0.000000e+00
2.073508e+00	1.511120e+02	7.168470e-01	44437.000000	0.000000e+00
2.097846e+00	1.487872e+02	6.963706e-01	45651.000000	0.000000e+00
2.122473e+00	1.455934e+02	6.681340e-01	47485.000000	0.000000e+00
2.147106e+00	1.436104e+02	6.557553e-01	47961.000000	0.000000e+00
2.171601e+00	1.414538e+02	6.380666e-01	49147.000000	0.000000e+00
2.196158e+00	1.388424e+02	6.189138e-01	50325.000000	0.000000e+00
2.220735e+00	1.371613e+02	6.035325e-01	51649.000000	0.000000e+00
2.245251e+00	1.354328e+02	5.930403e-01	52153.000000	0.000000e+00
2.269729e+00	1.335298e+02	5.749244e-01	53943.000000	0.000000e+00
2.294271e+00	1.317317e+02	5.632597e-01	54697.000000	0.000000e+00
2.318928e+00	1.290340e+02	5.416770e-01	56745.000000	0.000000e+00
2.343538e+00	1.271200e+02	5.324146e-01	57007.000000	0.000000e+00
2.368026e+00	1.256071e+02	5.194948e-01	58461.000000	0.000000e+00
2.392423e+00	1.221445e+02	5.026862e-01	59041.000000	0.000000e+00
2.416863e+00	1.204705e+02	4.877110e-01	61015.000000	0.000000e+00
2.441509e+00	1.197044e+02	4.782937e-01	62637.000000	0.000000e+00
2.466080e+00	1.175795e+02	4.678209e-01	63169.000000	0.000000e+00
2.490575e+00	1.158672e+02	4.558559e-01	64605.000000	0.000000e+00
2.515186e+00	1.143660e+02	4.435356e-01	66487.000000	0.000000e+00
2.539777e+00	1.133090e+02	4.376432e-01	67033.000000	0.000000e+00
2.564215e+00	1.117798e+02	4.278984e-01	68241.000000	0.000000e+00
2.588707e+00	1.101505e+02	4.163564e-01	69991.000000	0.000000e+00
2.613337e+00	1.081375e+02	4.043972e-01	71505.000000	0.000000e+00
2.637925e+00	1.076327e+02	3.991629e-01	72709.000000	0.000000e+00
2.662420e+00	1.049201e+02	3.870749e-01	73473.000000	0.000000e+00
2.686963e+00	1.034562e+02	3.758615e-01	75763.000000	0.000000e+00
2.711515e+00	1.028751e+02	3.725283e-01	76261.000000	0.000000e+00
2.735982e+00	1.009878e+02	3.616292e-01	77985.000000	0.000000e+00
2.760573e+00	9.961436e+01	3.521657e-01	80011.000000	0.000000e+00
2.785237e+00	9.780482e+01	3.436320e-01	81009.000000	0.000000e+00
2.809671e+00	9.727934e+01	3.405437e-01	81601.000000	0.000000e+00
2.834151e+00	9.550991e+01	3.293817e-01	84081.000000	0.000000e+00
2.858722e+00	9.413212e+01	3.225689e-01	85159.000000	0.000000e+00
2.883250e+00	9.355237e+01	3.177847e-01	86665.000000	0.000000e+00
2.907819e+00	9.173959e+01	3.086566e-01	88341.000000	0.000000e+00
2.932335e+00	9.077003e+01	3.034463e-01	89479.000000	0.000000e+00
2.956914e+00	8.927456e+01	2.950987e-01	91521.000000	0.000000e+00
2.981449e+00	8.801071e+01	2.894948e-01	92425.000000	0.000000e+00
3.005876e+00	8.725867e+01	2.852459e-01	93579.000000	0.000000e+00
3.030403e+00	8.613817e+01	2.775749e-01	96301.000000	0.000000e+00
3.055041e+00	8.480813e+01	2.713850e-01	97657.000000	0.000000e+00
3.079692e+00	8.378107e+01	2.657468e-01	99393.000000	0.000000e+00
3.104241e+00	8.270294e+01	2.612750e-01	100195.000000	0.000000e+00
3.128710e+00	8.198256e+01	2.570643e-01	101709.000000	0.000000e+00
3.153123e+00	8.097924e+01	2.522962e-01	103021.000000	0.000000e+00
3.177619e+00	7.984520e+01	2.456985e-01	105607.000000	0.000000e+00
3.202185e+00	7.919104e+01	2.423105e-01	106809.000000	0.000000e+00
3.226708e+00	7.783967e+01	2.361892e-01	108613.000000	0.000000e+00
3.251321e+00	7.685139e+01	2.308974e-01	110781.000000	0.000000e+00
3.275882e+00	7.583006e+01	2.269476e-01	111643.000000	0.000000e+00
3.300393e+00	7.513773e+01	2.228704e-01	113661.000000	0.000000e+00
3.324955e+00	7.414737e+01	2.184010e-01	115261.000000	0.000000e+00
3.349528e+00	7.353768e+01	2.145543e-01	117475.000000	0.000000e+00
3.374087e+00	7.265556e+01	2.111607e-01	118389.000000	0.000000e+00
3.398541e+00	7.164786e+01	2.068184e-01	120013.000000	0.000000e+00
3.423011e+00	7.091730e+01	2.031197e-01	121899.000000	0.000000e+00
3.447546e+00	6.976362e+01	1.980220e-01	124117.000000	0.000000e+00
3.472176e+00	6.916174e+01	1.943259e-01	126669.000000	0.000000e+00
3.496772e+00	6.841161e+01	1.919971e-01	126961.000000	0.000000e+00
3.521302e+00	6.768724e+01	1.878065e-01	129895.000000	0.000000e+00
3.545845e+00	6.661001e+01	1.844162e-01	130461.000000	0.000000e+00
3.570351e+00	6.624176e+01	1.814189e-01	133321.000000	0.000000e+00
3.594817e+00	6.518947e+01	1.783351e-01	133623.000000	0.000000e+00
3.619340e+00	6.496259e+01	1.752465e-01	137413.000000	0.000000e+00
3.643921e+00	6.400386e+01	1.721424e-01	138241.000000	0.000000e+00
3.668501e+00	6.312549e+01	1.681339e-01	140961.000000	0.000000e+00
3.693083e+00	6.238206e+01	1.653964e-01	142255.000000	0.000000e+00
3.717636e+00	6.135370e+01	1.615886e-01	144165.000000	0.000000e+00
3.742123e+00	6.112632e+01	1.603217e-01	145369.000000	0.000000e+00
3.766623e+00	6.042170e+01	1.569575e-01	148191.000000	0.000000e+00
3.791211e+00	5.987760e+01	1.545039e-01	150193.000000	0.000000e+00
3.815740e+00	5.903152e+01	1.516738e-01	151477.000000	0.000000e+00
3.840250e+00	5.834599e+01	1.487958e-01	153759.000000	0.000000e+00
3.864816e+00	5.805350e+01	1.469257e-01	156121.000000	0.000000e+00
3.889416e+00	5.749905e+01	1.445499e-01	158229.000000	0.000000e+00
3.913984e+00	5.675582e+01	1.420615e-01	159613.000000	0.000000e+00
3.938439e+00	5.583661e+01	1.392218e-01	160851.000000	0.000000e+00
3.962856e+00	5.547804e+01	1.374343e-01	162949.000000	0.000000e+00
3.987408e+00	5.480603e+01	1.341686e-01	166861.000000	0.000000e+00
4.011951e+00	5.436075e+01	1.330443e-01	166947.000000	0.000000e+00
4.036502e+00	5.381553e+01	1.302124e-01	170809.000000	0.000000e+00
4.061101e+00	5.334962e+01	1.286220e-01	172041.000000	0.000000e+00
4.085632e+00	5.281236e+01	1.266775e-01	173809.000000	0.000000e+00
4.110226e+00	5.241542e+01	1.244551e-01	177375.000000	0.000000e+00
4.134760e+00	5.172217e+01	1.229471e-01	176977.000000	0.000000e+00
4.159247e+00	5.134208e+01	1.207367e-01	180829.000000	0.000000e+00
4.183807e+00	5.057964e+01	1.183711e-01	182583.000000	0.000000e+00
4.208321e+00	5.005843e+01	1.166660e-01	184105.000000	0.000000e+00
4.232839e+00	4.968112e+01	1.147970e-01	187293.000000	0.000000e+00
4.257376e+00	4.933791e+01	1.136900e-01	188329.000000	0.000000e+00
4.281944e+00	4.852924e+01	1.106225e-01	192451.000000	0.000000e+00
4.306505e+00	4.824597e+01	1.099385e-01	192585.000000	0.000000e+00
4.331033e+00	4.759464e+01	1.074733e-01	196117.000000	0.000000e+00
4.355617e+00	4.710800e+01	1.058121e-01	198207.000000	0.000000e+00
4.380161e+00	4.684434e+01	1.048528e-01	199597.000000	0.000000e+00
4.404676e+00	4.657837e+01	1.034929e-01	202557.000000	0.000000e+00
4.429249e+00	4.595967e+01	1.015458e-01	204847.000000	0.000000e+00
4.453772e+00	4.572228e+01	1.006550e-01	206341.000000	0.000000e+00
4.478282e+00	4.502474e+01	9.843573e-02	209217.000000	0.000000e+00
4.502777e+00	4.479048e+01	9.762353e-02	210505.000000	0.000000e+00
4.527289e+00	4.446781e+01	9.605847e-02	214299.000000	0.000000e+00
4.551889e+00	4.373418e+01	9.397814e-02	216565.000000	0.000000e+00
4.576426e+00	4.352165e+01	9.325142e-02	217821.000000	0.000000e+00
4.600893e+00	4.301752e+01	9.168554e-02	220135.000000	0.000000e+00
4.625467e+00	4.256202e+01	8.986752e-02	224305.000000	0.000000e+00
4.650035e+00	4.249958e+01	8.961431e-02	224913.000000	0.000000e+00
4.674541e+00	4.199208e+01	8.799351e-02	227737.000000	0.000000e+00
4.699104e+00	4.132886e+01	8.602062e-02	230835.000000	0.000000e+00
4.723670e+00	4.116668e+01	8.532491e-02	232777.000000	0.000000e+00
4.748182e+00	4.085705e+01	8.439288e-02	234381.000000	0.000000e+00
4.772682e+00	4.042932e+01	8.293215e-02	237655.000000	0.000000e+00
4.797203e+00	4.012487e+01	8.202135e-02	239317.000000	0.000000e+00
4.821755e+00	3.975751e+01	8.056319e-02	243537.000000	0.000000e+00
4.846361e+00	3.949215e+01	7.974926e-02	245227.000000	0.000000e+00
4.870915e+00	3.898466e+01	7.839872e-02	247269.000000	0.000000e+00
4.895426e+00	3.876637e+01	7.759095e-02	249625.000000	0.000000e+00
4.919952e+00	3.858480e+01	7.681142e-02	252337.000000	0.000000e+00
4.944496e+00	3.813542e+01	7.546924e-02	255339.000000	0.000000e+00
4.969013e+00	3.773047e+01	7.450375e-02	256465.000000	0.000000e+00
4.993562e+00	3.751754e+01	7.339848e-02	261273.000000	0.000000e+00
5.018138e+00	3.714525e+01	7.253230e-02	262267.000000	0.000000e+00
5.042642e+00	3.679515e+01	7.152028e-02	264681.000000	0.000000e+00
5.067215e+00	3.637257e+01	7.011744e-02	269089.000000	0.000000e+00
5.091775e+00	3.631625e+01	6.997455e-02	269353.000000	0.000000e+00
5.116309e+00	3.604975e+01	6.886510e-02	274035.000000	0.000000e+00
5.140838e+00	3.569696e+01	6.816159e-02	274273.000000	0.000000e+00
5.165333e+00	3.545224e+01	6.717656e-02	278517.000000	0.000000e+00
5.189818e+00	3.520436e+01	6.659674e-02	279439.000000	0.000000e+00
5.214351e+00	3.482241e+01	6.525618e-02	284757.000000	0.000000e+00
5.238947e+00	3.465139e+01	6.474859e-02	286405.000000	0.000000e+00
5.263479e+00	3.428870e+01	6.383529e-02	288523.000000	0.000000e+00
5.288002e+00	3.403076e+01	6.301377e-02	291657.000000	0.000000e+00
5.312546e+00	3.365971e+01	6.203851e-02	294373.000000	0.000000e+00
5.337121e+00	3.353762e+01	6.145422e-02	297825.000000	0.000000e+00
5.361672e+00	3.329627e+01	6.085422e-02	299371.000000	0.000000e+00
5.386196e+00	3.299234e+01	5.997486e-02	302613.000000	0.000000e+00
5.410715e+00	3.280498e+01	5.943624e-02	304633.000000	0.000000e+00
5.435244e+00	3.249215e+01	5.849676e-02	308527.000000	0.000000e+00
5.459823e+00	3.220118e+01	5.770848e-02	311361.000000	0.000000e+00
5.484389e+00	3.201055e+01	5.711609e-02	314101.000000	0.000000e+00
5.508889e+00	3.177690e+01	5.664008e-02	314757.000000	0.000000e+00
5.533464e+00	3.152147e+01	5.553764e-02	322135.000000	0.000000e+00
5.558036e+00	3.130832e+01	5.533501e-02	320125.000000	0.000000e+00
5.582484e+00	3.102051e+01	5.444232e-02	324657.000000	0.000000e+00
5.606956e+00	3.071270e+01	5.375543e-02	326431.000000	0.000000e+00
5.631560e+00	3.058876e+01	5.295939e-02	333609.000000	0.000000e+00
5.656168e+00	3.028828e+01	5.248701e-02	333001.000000	0.000000e+00
5.680698e+00	3.007185e+01	5.182453e-02	336705.000000	0.000000e+00
5.705204e+00	2.990915e+01	5.141163e-02	338443.000000	0.000000e+00
5.729704e+00	2.979472e+01	5.093442e-02	342181.000000	0.000000e+00
5.754232e+00	2.941648e+01	5.007084e-02	345153.000000	0.000000e+00
5.778772e+00	2.916939e+01	4.940283e-02	348619.000000	0.000000e+00
5.803342e+00	2.899982e+01	4.891888e-02	351429.000000	0.000000e+00
5.827902e+00	2.873632e+01	4.824974e-02	354709.000000	0.000000e+00
5.852409e+00	2.865185e+01	4.803309e-02	355815.000000	0.000000e+00
5.876957e+00	2.842179e+01	4.725708e-02	361717.000000	0.000000e+00
5.901534e+00	2.822505e+01	4.685696e-02	362845.000000	0.000000e+00
5.926030e+00	2.806838e+01	4.644759e-02	365181.000000	0.000000e+00
5.950548e+00	2.792957e+01	4.592542e-02	369847.000000	0.000000e+00
5.975137e+00	2.760808e+01	4.519477e-02	373161.000000	0.000000e+00
5.999657e+00	2.738479e+01	4.478580e-02	373885.000000	0.000000e+00
6.024161e+00	2.733315e+01	4.439944e-02	378987.000000	0.000000e+00
6.048714e+00	2.711685e+01	4.391561e-02	381277.000000	0.000000e+00
6.073267e+00	2.695028e+01	4.340743e-02	385477.000000	0.000000e+00
6.097868e+00	2.671790e+01	4.284636e-02	388845.000000	0.000000e+00
6.122369e+00	2.653758e+01	4.256980e-02	388615.000000	0.000000e+00
6.146867e+00	2.632364e+01	4.187943e-02	395085.000000	0.000000e+00
6.171452e+00	2.622938e+01	4.160873e-02	397381.000000	0.000000e+00
6.195974e+00	2.600249e+01	4.112018e-02	399871.000000	0.000000e+00
6.220444e+00	2.583365e+01	4.077057e-02	401493.000000	0.000000e+00
6.244986e+00	2.576699e+01	4.029355e-02	408937.000000	0.000000e+00
6.269588e+00	2.540968e+01	3.969338e-02	409791.000000	0.000000e+00
6.294124e+00	2.527470e+01	3.932802e-02	413017.000000	0.000000e+00
6.318633e+00	2.516407e+01	3.902644e-02	415761.000000	0.000000e+00
6.343202e+00	2.497493e+01	3.849753e-02	420865.000000	0.000000e+00
6.367770e+00	2.482121e+01	3.817441e-02	422767.000000	0.000000e+00
6.392288e+00	2.467253e+01	3.782720e-02	425421.000000	0.000000e+00
6.416837e+00	2.450886e+01	3.735286e-02	430525.000000	0.000000e+00
6.441383e+00	2.435197e+01	3.706153e-02	431739.000000	0.000000e+00
6.465913e+00	2.422262e+01	3.666203e-02	436525.000000	0.000000e+00
6.490433e+00	2.412835e+01	3.644296e-02	438357.000000	0.000000e+00
6.514946e+00	2.386626e+01	3.588278e-02	442381.000000	0.000000e+00
6.539518e+00	2.376600e+01	3.552475e-02	447559.000000	0.000000e+00
6.564059e+00	2.357935e+01	3.523858e-02	447741.000000	0.000000e+00
6.588587e+00	2.346530e+01	3.483120e-02	453853.000000	0.000000e+00
6.613110e+00	2.327166e+01	3.452180e-02	454431.000000	0.000000e+00
6.637622e+00	2.314969e+01	3.413380e-02	459961.000000	0.000000e+00
6.662172e+00	2.298542e+01	3.378861e-02	462769.000000	0.000000e+00
6.686693e+00	2.283295e+01	3.345657e-02	465759.000000	0.000000e+00
6.711227e+00	2.271170e+01	3.312993e-02	469957.000000	0.000000e+00
6.735777e+00	2.255275e+01	3.277542e-02	473481.000000	0.000000e+00
6.760323e+00	2.246666e+01	3.255542e-02	476245.000000	0.000000e+00
6.784855e+00	2.230893e+01	3.219000e-02	480303.000000	0.000000e+00
6.809427e+00	2.220446e+01	3.189779e-02	484573.000000	0.000000e+00
6.833979e+00	2.211654e+01	3.170873e-02	486493.000000	0.000000e+00
6.858503e+00	2.198157e+01	3.138268e-02	490611.000000	0.000000e+00
6.883055e+00	2.184422e+01	3.107097e-02	494269.000000	0.000000e+00
6.907584e+00	2.167742e+01	3.074032e-02	497277.000000	0.000000e+00
6.932134e+00	2.160118e+01	3.049734e-02	501685.000000	0.000000e+00
6.956669e+00	2.139056e+01	3.012651e-02	504135.000000	0.000000e+00
6.981221e+00	2.128103e+01	2.982430e-02	509149.000000	0.000000e+00
7.005753e+00	2.114270e+01	2.958757e-02	510625.000000	0.000000e+00
7.030233e+00	2.101784e+01	2.930350e-02	514443.000000	0.000000e+00
7.054782e+00	2.096733e+01	2.907553e-02	520033.000000	0.000000e+00
7.079343e+00	2.083682e+01	2.881829e-02	522789.000000	0.000000e+00
7.103883e+00	2.066669e+01	2.849537e-02	526009.000000	0.000000e+00
7.128424e+00	2.058747e+01	2.826640e-02	530475.000000	0.000000e+00
7.152965e+00	2.046852e+01	2.803662e-02	532993.000000	0.000000e+00
7.177501e+00	2.030136e+01	2.769008e-02	537529.000000	0.000000e+00
7.202013e+00	2.021776e+01	2.752076e-02	539691.000000	0.000000e+00
7.226577e+00	2.009868e+01	2.718430e-02	546637.000000	0.000000e+00
7.251125e+00	2.002625e+01	2.707840e-02	546957.000000	0.000000e+00
7.275651e+00	1.994427e+01	2.682818e-02	552655.000000	0.000000e+00
7.300226e+00	1.977917e+01	2.650970e-02	556681.000000	0.000000e+00
7.324759e+00	1.970910e+01	2.637272e-02	558501.000000	0.000000e+00
7.349299e+00	1.957237e+01	2.605732e-02	564193.000000	0.000000e+00
7.373825e+00	1.948335e+01	2.590764e-02	565551.000000	0.000000e+00
7.398312e+00	1.936188e+01	2.564920e-02	569833.000000	0.000000e+00
7.422892e+00	1.932964e+01	2.543839e-02	577389.000000	0.000000e+00
7.447442e+00	1.911895e+01	2.518420e-02	576331.000000	0.000000e+00
7.471956e+00	1.905848e+01	2.496368e-02	582853.000000	0.000000e+00
7.496499e+00	1.895409e+01	2.476237e-02	585897.000000	0.000000e+00
7.521014e+00	1.888488e+01	2.461447e-02	588637.000000	0.000000e+00
7.545557e+00	1.877316e+01	2.433253e-02	595251.000000	0.000000e+00
7.570086e+00	1.863820e+01	2.414548e-02	595849.000000	0.000000e+00
7.594613e+00	1.856447e+01	2.392175e-02	602253.000000	0.000000e+00
7.619172e+00	1.841951e+01	2.366415e-02	605863.000000	0.000000e+00
7.643756e+00	1.837265e+01	2.350695e-02	610873.000000	0.000000e+00
7.668263e+00	1.829047e+01	2.341178e-02	610353.000000	0.000000e+00
7.692777e+00	1.820377e+01	2.314483e-02	618607.000000	0.000000e+00
7.717371e+00	1.810320e+01	2.295068e-02	622185.000000	0.000000e+00
7.741929e+00	1.801902e+01	2.278814e-02	625237.000000	0.000000e+00
7.766457e+00	1.790660e+01	2.259556e-02	628029.000000	0.000000e+00
7.790953e+00	1.781397e+01	2.240840e-02	631975.000000	0.000000e+00
7.815489e+00	1.771932e+01	2.219210e-02	637525.000000	0.000000e+00
7.840050e+00	1.764864e+01	2.202976e-02	641805.000000	0.000000e+00
7.864588e+00	1.754311e+01	2.185520e-02	644323.000000	0.000000e+00
7.889126e+00	1.746560e+01	2.167360e-02	649389.000000	0.000000e+00
7.913643e+00	1.738493e+01	2.153505e-02	651709.000000	0.000000e+00
7.938181e+00	1.729001e+01	2.130984e-02	658309.000000	0.000000e+00
7.962760e+00	1.726069e+01	2.120460e-02	662607.000000	0.000000e+00
7.987311e+00	1.713240e+01	2.102116e-02	664237.000000	0.000000e+00
8.011811e+00	1.701304e+01	2.081319e-02	668169.000000	0.000000e+00
8.036325e+00	1.697625e+01	2.068407e-02	673615.000000	0.000000e+00
8.060868e+00	1.684374e+01	2.046144e-02	677649.000000	0.000000e+00
8.085446e+00	1.682869e+01	2.034962e-02	683893.000000	0.000000e+00
8.109989e+00	1.673822e+01	2.024005e-02	683905.000000	0.000000e+00
8.134471e+00	1.666193e+01	2.007533e-02	688851.000000	0.000000e+00
8.159038e+00	1.656121e+01	1.983429e-02	697189.000000	0.000000e+00
8.183598e+00	1.650296e+01	1.977788e-02	696249.000000	0.000000e+00
8.208073e+00	1.644641e+01	1.963767e-02	701395.000000	0.000000e+00
8.232590e+00	1.637720e+01	1.948428e-02	706497.000000	0.000000e+00
8.257144e+00	1.628380e+01	1.929429e-02	712285.000000	0.000000e+00
8.281710e+00	1.620023e+01	1.914992e-02	715663.000000	0.000000e+00
8.306271e+00	1.611170e+01	1.898707e-02	720057.000000	0.000000e+00
8.330826e+00	1.607322e+01	1.888244e-02	724585.000000	0.000000e+00
8.355374e+00	1.600996e+01	1.877355e-02	727257.000000	0.000000e+00
8.379901e+00	1.592340e+01	1.860252e-02	732703.000000	0.000000e+00
8.404418e+00	1.585084e+01	1.849094e-02	734829.000000	0.000000e+00
8.428928e+00	1.575456e+01	1.830578e-02	740689.000000	0.000000e+00
8.453504e+00	1.564833e+01	1.809353e-02	747979.000000	0.000000e+00
8.478051e+00	1.562628e+01	1.808020e-02	746973.000000	0.000000e+00
8.502580e+00	1.555492e+01	1.788573e-02	756349.000000	0.000000e+00
8.527138e+00	1.553343e+01	1.785767e-02	756633.000000	0.000000e+00
8.551634e+00	1.545889e+01	1.771394e-02	761599.000000	0.000000e+00
8.576156e+00	1.538138e+01	1.756098e-02	767173.000000	0.000000e+00
8.600697e+00	1.531883e+01	1.744315e-02	771261.000000	0.000000e+00
8.625259e+00	1.523987e+01	1.728308e-02	777535.000000	0.000000e+00
8.649836e+00	1.518350e+01	1.718496e-02	780633.000000	0.000000e+00
8.674376e+00	1.510585e+01	1.705239e-02	784729.000000	0.000000e+00
8.698927e+00	1.505624e+01	1.694230e-02	789747.000000	0.000000e+00
8.723450e+00	1.499183e+01	1.684696e-02	791893.000000	0.000000e+00
8.747957e+00	1.492529e+01	1.671126e-02	797677.000000	0.000000e+00
8.772521e+00	1.486979e+01	1.657910e-02	804429.000000	0.000000e+00
8.797047e+00	1.478266e+01	1.648087e-02	804535.000000	0.000000e+00
8.821541e+00	1.473717e+01	1.636594e-02	810861.000000	0.000000e+00
8.846076e+00	1.469631e+01	1.626585e-02	816325.000000	0.000000e+00
8.870641e+00	1.464521e+01	1.614932e-02	822399.000000	0.000000e+00
8.895170e+00	1.463187e+01	1.613357e-02	822505.000000	0.000000e+00
8.919713e+00	1.451017e+01	1.590155e-02	832657.000000	0.000000e+00
8.944263e+00	1.448521e+01	1.588178e-02	831861.000000	0.000000e+00
8.968772e+00	1.442235e+01	1.574230e-02	839335.000000	0.000000e+00
8.993334e+00	1.436833e+01	1.563345e-02	844701.000000	0.000000e+00
9.017895e+00	1.432167e+01	1.555285e-02	847945.000000	0.000000e+00
9.042430e+00	1.426491e+01	1.544600e-02	852915.000000	0.000000e+00
9.066970e+00	1.420462e+01	1.534591e-02	856789.000000	0.000000e+00
9.091538e+00	1.417360e+01	1.524042e-02	864901.000000	0.000000e+00
9.116063e+00	1.411060e+01	1.519418e-02	862455.000000	0.000000e+00
9.140573e+00	1.402049e+01	1.500156e-02	873481.000000	0.000000e+00
9.165140e+00	1.401895e+01	1.497969e-02	875841.000000	0.000000e+00
9.189653e+00	1.392911e+01	1.485905e-02	878749.000000	0.000000e+00
9.214176e+00	1.389141e+01	1.475385e-02	886507.000000	0.000000e+00
9.238722e+00	1.384822e+01	1.468620e-02	889137.000000	0.000000e+00
9.263252e+00	1.380831e+01	1.459410e-02	895213.000000	0.000000e+00
9.287810e+00	1.375546e+01	1.449419e-02	900663.000000	0.000000e+00
9.312363e+00	1.368728e+01	1.439363e-02	904261.000000	0.000000e+00
9.336898e+00	1.365144e+01	1.431754e-02	909117.000000	0.000000e+00
9.361428e+00	1.363483e+01	1.427017e-02	912937.000000	0.000000e+00
9.385969e+00	1.355991e+01	1.413710e-02	920011.000000	0.000000e+00
9.410496e+00	1.352172e+01	1.408781e-02	921249.000000	0.000000e+00
9.435027e+00	1.348721e+01	1.398539e-02	930025.000000	0.000000e+00
9.459577e+00	1.344704e+01	1.392667e-02	932307.000000	0.000000e+00
9.484080e+00	1.341154e+01	1.386317e-02	935905.000000	0.000000e+00
9.508599e+00	1.336543e+01	1.375711e-02	943869.000000	0.000000e+00
9.533177e+00	1.333418e+01	1.368443e-02	949465.000000	0.000000e+00
9.557740e+00	1.326994e+01	1.359443e-02	952831.000000	0.000000e+00
9.582283e+00	1.325207e+01	1.354179e-02	957669.000000	0.000000e+00
9.606825e+00	1.319107e+01	1.344611e-02	962425.000000	0.000000e+00
9.631356e+00	1.316317e+01	1.338582e-02	967011.000000	0.000000e+00
9.655881e+00	1.310654e+01	1.329857e-02	971329.000000	0.000000e+00
9.680426e+00	1.307926e+01	1.322043e-02	978757.000000	0.000000e+00
9.704942e+00	1.303959e+01	1.317928e-02	978915.000000	0.000000e+00
9.729497e+00	1.299978e+01	1.305491e-02	991573.000000	0.000000e+00
9.754046e+00	1.296646e+01	1.303820e-02	989025.000000	0.000000e+00
9.778535e+00	1.291553e+01	1.294346e-02	995689.000000	0.000000e+00
9.803103e+00	1.289067e+01	1.284957e-02	1006407.000000	0.000000e+00
9.827649e+00	1.285838e+01	1.283723e-02	1003297.000000	0.000000e+00
9.852180e+00	1.282130e+01	1.272262e-02	1015573.000000	0.000000e+00
9.876731e+00	1.279528e+01	1.269941e-02	1015155.000000	0.000000e+00
9.901284e+00	1.274458e+01	1.258743e-02	1025125.000000	0.000000e+00
9.925835e+00	1.270138e+01	1.253804e-02	1026225.000000	0.000000e+00
9.950350e+00	1.265808e+01	1.246398e-02	1031389.000000	0.000000e+00
9.974902e+00	1.262959e+01	1.238401e-02	1040055.000000	0.000000e+00
9.999429e+00	1.259604e+01	1.235746e-02	1038985.000000	0.000000e+00
1.002392e+01	1.255246e+01	1.226355e-02	1047673.000000	0.000000e+00
1.004849e+01	1.255784e+01	1.222344e-02	1055463.000000	0.000000e+00
1.007303e+01	1.253558e+01	1.219770e-02	1056169.000000	0.000000e+00
1.009756e+01	1.247055e+01	1.208688e-02	1064493.000000	0.000000e+00
1.012209e+01	1.243651e+01	1.204196e-02	1066603.000000	0.000000e+00
1.014664e+01	1.241210e+01	1.196426e-02	1076265.000000	0.000000e+00
1.017120e+01	1.238903e+01	1.193029e-02	1078381.000000	0.000000e+00
1.019572e+01	1.234741e+01	1.186799e-02	1082425.000000	0.000000e+00
1.022025e+01	1.233403e+01	1.181139e-02	1090455.000000	0.000000e+00
1.024479e+01	1.230578e+01	1.176818e-02	1093453.000000	0.000000e+00
1.026933e+01	1.226658e+01	1.169393e-02	1100337.000000	0.000000e+00
1.029386e+01	1.223523e+01	1.164338e-02	1104247.000000	0.000000e+00
1.031842e+01	1.220418e+01	1.157250e-02	1112149.000000	0.000000e+00
1.034296e+01	1.219273e+01	1.154759e-02	1114857.000000	0.000000e+00
1.036749e+01	1.218037e+01	1.150920e-02	1120033.000000	0.000000e+00
1.039203e+01	1.213965e+01	1.143196e-02	1127643.000000	0.000000e+00
1.041655e+01	1.211931e+01	1.140929e-02	1128337.000000	0.000000e+00
1.044111e+01	1.209951e+01	1.132414e-02	1141629.000000	0.000000e+00
1.046570e+01	1.206000e+01	1.128462e-02	1142143.000000	0.000000e+00
1.049021e+01	1.201728e+01	1.123124e-02	1144873.000000	0.000000e+00
1.051473e+01	1.201310e+01	1.118202e-02	1154169.000000	0.000000e+00
1.053925e+01	1.200628e+01	1.117156e-02	1155019.000000	0.000000e+00
1.056380e+01	1.195850e+01	1.106439e-02	1168149.000000	0.000000e+00
1.058835e+01	1.196613e+01	1.107861e-02	1166641.000000	0.000000e+00
1.061283e+01	1.190479e+01	1.100228e-02	1170789.000000	0.000000e+00
1.063739e+01	1.193322e+01	1.095886e-02	1185727.000000	0.000000e+00
1.066197e+01	1.186641e+01	1.090515e-02	1184065.000000	0.000000e+00
1.068650e+01	1.188183e+01	1.088536e-02	1191465.000000	0.000000e+00
1.071103e+01	1.184734e+01	1.083996e-02	1194499.000000	0.000000e+00
1.073555e+01	1.181476e+01	1.077670e-02	1201929.000000	0.000000e+00
1.076011e+01	1.183232e+01	1.075880e-02	1209517.000000	0.000000e+00
1.078466e+01	1.178652e+01	1.070428e-02	1212429.000000	0.000000e+00
1.080918e+01	1.177369e+01	1.067301e-02	1216891.000000	0.000000e+00
1.083370e+01	1.173633e+01	1.061382e-02	1222705.000000	0.000000e+00
1.085823e+01	1.173481e+01	1.057805e-02	1230669.000000	0.000000e+00
1.088282e+01	1.169565e+01	1.050645e-02	1239187.000000	0.000000e+00
1.090737e+01	1.170934e+01	1.052501e-02	1237713.000000	0.000000e+00
1.093189e+01	1.166865e+01	1.045034e-02	1246753.000000	0.000000e+00
1.095642e+01	1.166237e+01	1.043012e-02	1250245.000000	0.000000e+00
1.098096e+01	1.165433e+01	1.038205e-02	1260111.000000	0.000000e+00
1.100552e+01	1.164870e+01	1.036949e-02	1261945.000000	0.000000e+00
1.103005e+01	1.162984e+01	1.032525e-02	1268661.000000	0.000000e+00
1.105458e+01	1.160774e+01	1.028369e-02	1274083.000000	0.000000e+00
1.107911e+01	1.159345e+01	1.024961e-02	1279413.000000	0.000000e+00
1.110366e+01	1.159278e+01	1.021705e-02	1287433.000000	0.000000e+00
1.112821e+01	1.158029e+01	1.019140e-02	1291135.000000	0.000000e+00
1.115273e+01	1.156471e+01	1.016036e-02	1295541.000000	0.000000e+00
1.117726e+01	1.156548e+01	1.013216e-02	1302937.000000	0.000000e+00
1.120181e+01	1.155312e+01	1.009539e-02	1309641.000000	0.000000e+00
1.122634e+01	1.153221e+01	1.006653e-02	1312399.000000	0.000000e+00
1.125085e+01	1.155945e+01	1.006575e-02	1318809.000000	0.000000e+00
1.127541e+01	1.152206e+01	9.992435e-03	1329589.000000	0.000000e+00
1.129999e+01	1.152031e+01	9.982925e-03	1331719.000000	0.000000e+00
1.132451e+01	1.152539e+01	9.974211e-03	1335225.000000	0.000000e+00
1.134903e+01	1.151100e+01	9.930333e-03	1343689.000000	0.000000e+00
1.137357e+01	1.151466e+01	9.916957e-03	1348173.000000	0.000000e+00
1.139811e+01	1.150444e+01	9.878619e-03	1356247.000000	0.000000e+00
1.142265e+01	1.149613e+01	9.861881e-03	1358889.000000	0.000000e+00
1.144718e+01	1.150917e+01	9.842933e-03	1367221.000000	0.000000e+00
1.147174e+01	1.149096e+01	9.802935e-03	1374043.000000	0.000000e+00
1.149628e+01	1.149049e+01	9.791031e-03	1377273.000000	0.000000e+00
1.152079e+01	1.149991e+01	9.784395e-03	1381405.000000	0.000000e+00
1.154533e+01	1.147445e+01	9.721938e-03	1393023.000000	0.000000e+00
1.156988e+01	1.146492e+01	9.710815e-03	1393897.000000	0.000000e+00
1.159441e+01	1.148350e+01	9.695217e-03	1402921.000000	0.000000e+00
1.161895e+01	1.147872e+01	9.674704e-03	1407705.000000	0.000000e+00
1.164349e+01	1.147876e+01	9.652551e-03	1414183.000000	0.000000e+00
1.166804e+01	1.148724e+01	9.640591e-03	1419789.000000	0.000000e+00
1.169259e+01	1.148265e+01	9.611218e-03	1427341.000000	0.000000e+00
1.171712e+01	1.150170e+01	9.621979e-03	1428879.000000	0.000000e+00
1.174164e+01	1.146825e+01	9.562693e-03	1438249.000000	0.000000e+00
1.176619e+01	1.149243e+01	9.559236e-03	1445365.000000	0.000000e+00
1.179072e+01	1.149244e+01	9.555088e-03	1446621.000000	0.000000e+00
1.181525e+01	1.150324e+01	9.528496e-03	1457443.000000	0.000000e+00
1.183979e+01	1.149778e+01	9.512187e-03	1461057.000000	0.000000e+00
1.186435e+01	1.150870e+01	9.492057e-03	1470049.000000	0.000000e+00
1.188889e+01	1.152559e+01	9.495136e-03	1473411.000000	0.000000e+00
1.191343e+01	1.153033e+01	9.478155e-03	1479913.000000	0.000000e+00
1.193797e+01	1.154583e+01	9.468919e-03	1486789.000000	0.000000e+00
1.196251e+01	1.155105e+01	9.457635e-03	1491687.000000	0.000000e+00
1.198703e+01	1.157481e+01	9.459836e-03	1497133.000000	0.000000e+00
1.201156e+01	1.158384e+01	9.442252e-03	1505061.000000	0.000000e+00
1.203612e+01	1.156460e+01	9.406512e-03	1511485.000000	0.000000e+00
1.206065e+01	1.158048e+01	9.407110e-03	1515447.000000	0.000000e+00
1.208515e+01	1.160714e+01	9.415178e-03	1519825.000000	0.000000e+00
1.210971e+01	1.160726e+01	9.366476e-03	1535701.000000	0.000000e+00
1.213428e+01	1.162048e+01	9.388302e-03	1532055.000000	0.000000e+00
1.215881e+01	1.163082e+01	9.357016e-03	1545061.000000	0.000000e+00
1.218336e+01	1.164067e+01	9.363280e-03	1545609.000000	0.000000e+00
1.220787e+01	1.167004e+01	9.366231e-03	1552441.000000	0.000000e+00
1.223242e+01	1.168034e+01	9.340212e-03	1563859.000000	0.000000e+00
1.225696e+01	1.168947e+01	9.348363e-03	1563573.000000	0.000000e+00
1.228148e+01	1.171606e+01	9.339666e-03	1573621.000000	0.000000e+00
1.230602e+01	1.174549e+01	9.348095e-03	1578687.000000	0.000000e+00
1.233056e+01	1.174859e+01	9.330091e-03	1585621.000000	0.000000e+00
1.235512e+01	1.177626e+01	9.323862e-03	1595229.000000	0.000000e+00
1.237965e+01	1.176495e+01	9.320433e-03	1593337.000000	0.000000e+00
1.240419e+01	1.182378e+01	9.319179e-03	1609747.000000	0.000000e+00
1.242874e+01	1.181606e+01	9.320662e-03	1607133.000000	0.000000e+00
1.245325e+01	1.184881e+01	9.319971e-03	1616293.000000	0.000000e+00
1.247780e+01	1.186866e+01	9.303074e-03	1627611.000000	0.000000e+00
1.250235e+01	1.189832e+01	9.329663e-03	1626445.000000	0.000000e+00
1.252688e+01	1.191958e+01	9.310285e-03	1639065.000000	0.000000e+00
1.255143e+01	1.196334e+01	9.337157e-03	1641631.000000	0.000000e+00
1.257596e+01	1.197782e+01	9.338566e-03	1645109.500000	0.000000e+00
1.260049e+01	1.194208e+01	9.318793e-03	1642254.000000	0.000000e+00
1.262503e+01	1.193951e+01	9.325656e-03	1639132.000000	0.000000e+00
1.264958e+01	1.192525e+01	9.320828e-03	1636914.000000	0.000000e+00
1.267411e+01	1.191090e+01	9.327382e-03	1630684.000000	0.000000e+00
1.269864e+01	1.189399e+01	9.319746e-03	1628722.000000	0.000000e+00
1.272316e+01	1.186924e+01	9.312652e-03	1624422.000000	0.000000e+00
1.274773e+01	1.187040e+01	9.305410e-03	1627270.000000	0.000000e+00
1.277225e+01	1.184527e+01	9.329183e-03	1612140.000000	0.000000e+00
1.279677e+01	1.183582e+01	9.300310e-03	1619578.000000	0.000000e+00
1.282133e+01	1.182617e+01	9.320299e-03	1610010.000000	0.000000e+00
1.284587e+01	1.181586e+01	9.310167e-03	1610704.000000	0.000000e+00
1.287043e+01	1.179925e+01	9.312828e-03	1605262.000000	0.000000e+00
1.289495e+01	1.179876e+01	9.329607e-03	1599360.000000	0.000000e+00
1.291951e+01	1.178821e+01	9.313780e-03	1601932.000000	0.000000e+00
1.294403e+01	1.179158e+01	9.355501e-03	1588584.000000	0.000000e+00
1.296853e+01	1.179171e+01	9.346576e-03	1591654.000000	0.000000e+00
1.299309e+01	1.176906e+01	9.336330e-03	1589028.000000	0.000000e+00
1.301763e+01	1.175670e+01	9.349344e-03	1581280.000000	0.000000e+00
1.304217e+01	1.174287e+01	9.339032e-03	1581046.000000	0.000000e+00
1.306670e+01	1.174921e+01	9.362137e-03	1574952.000000	0.000000e+00
1.309123e+01	1.176527e+01	9.385352e-03	1571458.000000	0.000000e+00
1.311579e+01	1.174995e+01	9.373891e-03	1571202.000000	0.000000e+00
1.314034e+01	1.174260e+01	9.388095e-03	1564492.000000	0.000000e+00
1.316488e+01	1.173829e+01	9.396293e-03	1560618.000000	0.000000e+00
1.318940e+01	1.173541e+01	9.408114e-03	1555936.000000	0.000000e+00
1.321393e+01	1.172751e+01	9.412833e-03	1552282.000000	0.000000e+00
1.323848e+01	1.171452e+01	9.403825e-03	1551816.000000	0.000000e+00
1.326302e+01	1.171216e+01	9.429300e-03	1542820.000000	0.000000e+00
1.328757e+01	1.172001e+01	9.430645e-03	1544448.000000	0.000000e+00
1.331210e+01	1.170562e+01	9.448997e-03	1534678.000000	0.000000e+00
1.333662e+01	1.170485e+01	9.452687e-03	1533280.000000	0.000000e+00
1.336117e+01	1.170179e+01	9.456998e-03	1531080.000000	0.000000e+00
1.338570e+01	1.170559e+01	9.484792e-03	1523110.000000	0.000000e+00
1.341022e+01	1.169318e+01	9.480555e-03	1521240.000000	0.000000e+00
1.343476e+01	1.172086e+01	9.516661e-03	1516876.000000	0.000000e+00
1.345932e+01	1.171551e+01	9.516300e-03	1515606.000000	0.000000e+00
1.348389e+01	1.170972e+01	9.525806e-03	1511086.000000	0.000000e+00
1.350843e+01	1.171415e+01	9.556107e-03	1502656.000000	0.000000e+00
1.353293e+01	1.172341e+01	9.576163e-03	1498734.000000	0.000000e+00
1.355748e+01	1.172008e+01	9.574119e-03	1498522.000000	0.000000e+00
1.358203e+01	1.171279e+01	9.589994e-03	1491708.000000	0.000000e+00
1.360658e+01	1.173244e+01	9.612938e-03	1489582.000000	0.000000e+00
1.363111e+01	1.171046e+01	9.623569e-03	1480728.000000	0.000000e+00
1.365563e+01	1.172504e+01	9.636047e-03	1480576.000000	0.000000e+00
1.368019e+01	1.172588e+01	9.652100e-03	1475866.000000	0.000000e+00
1.370473e+01	1.173380e+01	9.679376e-03	1469544.000000	0.000000e+00
1.372924e+01	1.171877e+01	9.685766e-03	1463848.000000	0.000000e+00
1.375380e+01	1.172546e+01	9.680466e-03	1467126.000000	0.000000e+00
1.377836e+01	1.174640e+01	9.739529e-03	1454566.000000	0.000000e+00
1.380287e+01	1.172393e+01	9.730791e-03	1451610.000000	0.000000e+00
1.382737e+01	1.172501e+01	9.751164e-03	1445818.000000	0.000000e+00
1.385191e+01	1.174544e+01	9.767486e-03	1446016.000000	0.000000e+00
1.387648e+01	1.175450e+01	9.794292e-03	1440330.000000	0.000000e+00
1.390103e+01	1.173155e+01	9.789069e-03	1436242.000000	0.000000e+00
1.392557e+01	1.175818e+01	9.839646e-03	1427976.000000	0.000000e+00
1.395012e+01	1.175753e+01	9.835888e-03	1428910.000000	0.000000e+00
1.397464e+01	1.178376e+01	9.904708e-03	1415416.000000	0.000000e+00
1.399917e+01	1.175500e+01	9.862402e-03	1420626.000000	0.000000e+00
1.402372e+01	1.178352e+01	9.928845e-03	1408486.000000	0.000000e+00
1.404824e+01	1.179721e+01	9.945500e-03	1407036.000000	0.000000e+00
1.407278e+01	1.180260e+01	9.966386e-03	1402426.000000	0.000000e+00
1.409731e+01	1.179987e+01	9.989237e-03	1395372.000000	0.000000e+00
1.412183e+01	1.181281e+01	1.001036e-02	1392538.000000	0.000000e+00
1.414639e+01	1.184583e+01	1.004631e-02	1390330.000000	0.000000e+00
1.417094e+01	1.183680e+01	1.007429e-02	1380510.000000	0.000000e+00
1.419546e+01	1.183776e+01	1.007992e-02	1379194.000000	0.000000e+00
1.422001e+01	1.183807e+01	1.010510e-02	1372398.000000	0.000000e+00
1.424455e+01	1.186170e+01	1.013726e-02	1369156.000000	0.000000e+00
1.426908e+01	1.188613e+01	1.018909e-02	1360848.000000	0.000000e+00
1.429362e+01	1.189142e+01	1.019335e-02	1360924.000000	0.000000e+00
1.431818e+01	1.191489e+01	1.024531e-02	1352476.000000	0.000000e+00
1.434273e+01	1.193296e+01	1.027153e-02	1349664.000000	0.000000e+00
1.436724e+01	1.196042e+01	1.033690e-02	1338790.000000	0.000000e+00
1.439177e+01	1.196608e+01	1.032895e-02	1342122.000000	0.000000e+00
1.441633e+01	1.197917e+01	1.038255e-02	1331206.000000	0.000000e+00
1.444087e+01	1.198559e+01	1.039664e-02	1329024.000000	0.000000e+00
1.446541e+01	1.201691e+01	1.045193e-02	1321882.000000	0.000000e+00
1.448996e+01	1.201040e+01	1.045633e-02	1319338.000000	0.000000e+00
1.451448e+01	1.203032e+01	1.051535e-02	1308900.000000	0.000000e+00
1.453902e+01	1.203657e+01	1.051591e-02	1310122.000000	0.000000e+00
1.456356e+01	1.205314e+01	1.057178e-02	1299882.000000	0.000000e+00
1.458809e+01	1.207976e+01	1.060967e-02	1296322.000000	0.000000e+00
1.461262e+01	1.207986e+01	1.062691e-02	1292140.000000	0.000000e+00
1.463716e+01	1.210677e+01	1.068259e-02	1284408.000000	0.000000e+00
1.466171e+01	1.214243e+01	1.071925e-02	1283164.000000	0.000000e+00
1.468625e+01	1.214879e+01	1.076528e-02	1273548.000000	0.000000e+00
1.471078e+01	1.218355e+01	1.081174e-02	1269862.000000	0.000000e+00
1.473534e+01	1.219563e+01	1.083446e-02	1267050.000000	0.000000e+00
1.475987e+01	1.220328e+01	1.089141e-02	1255408.000000	0.000000e+00
1.478439e+01	1.222607e+01	1.091151e-02	1255462.000000	0.000000e+00
1.480894e+01	1.223889e+01	1.096084e-02	1246800.000000	0.000000e+00
1.483348e+01	1.226394e+01	1.099429e-02	1244302.000000	0.000000e+00
1.485802e+01	1.229118e+01	1.105957e-02	1235124.000000	0.000000e+00
1.488256e+01	1.230370e+01	1.108024e-02	1233028.000000	0.000000e+00
1.490708e+01	1.232469e+01	1.114588e-02	1222710.000000	0.000000e+00
1.493162e+01	1.235238e+01	1.117413e-02	1222006.000000	0.000000e+00
1.495618e+01	1.240589e+01	1.125134e-02	1215760.000000	0.000000e+00
1.498071e+01	1.241722e+01	1.130312e-02	1206846.000000	0.000000e+00
1.500525e+01	1.242845e+01	1.132456e-02	1204456.000000	0.000000e+00
1.502980e+01	1.244664e+01	1.137333e-02	1197648.000000	0.000000e+00
1.505434e+01	1.247930e+01	1.143683e-02	1190608.000000	0.000000e+00
1.507886e+01	1.252070e+01	1.149657e-02	1186098.000000	0.000000e+00
1.510342e+01	1.254079e+01	1.153884e-02	1181206.000000	0.000000e+00
1.512796e+01	1.257082e+01	1.160832e-02	1172704.000000	0.000000e+00
1.515246e+01	1.260352e+01	1.166482e-02	1167420.000000	0.000000e+00
1.517700e+01	1.261698e+01	1.169827e-02	1163236.000000	0.000000e+00
1.520157e+01	1.264521e+01	1.174492e-02	1159182.000000	0.000000e+00
1.522611e+01	1.269633e+01	1.185182e-02	1147588.000000	0.000000e+00
1.525063e+01	1.272895e+01	1.188918e-02	1146256.000000	0.000000e+00
1.527518e+01	1.274595e+01	1.194824e-02	1137984.000000	0.000000e+00
1.529972e+01	1.278116e+01	1.200743e-02	1133026.000000	0.000000e+00
1.532424e+01	1.283422e+01	1.209799e-02	1125414.000000	0.000000e+00
1.534877e+01	1.283471e+01	1.212211e-02	1121026.000000	0.000000e+00
1.537332e+01	1.288628e+01	1.220174e-02	1115352.000000	0.000000e+00
1.539786e+01	1.288398e+01	1.224126e-02	1107766.000000	0.000000e+00
1.542240e+01	1.294266e+01	1.232012e-02	1103614.000000	0.000000e+00
1.544694e+01	1.298232e+01	1.240458e-02	1095318.000000	0.000000e+00
1.547149e+01	1.300594e+01	1.245167e-02	1091008.000000	0.000000e+00
1.549603e+01	1.305749e+01	1.254095e-02	1084074.000000	0.000000e+00
1.552054e+01	1.307959e+01	1.262001e-02	1074160.000000	0.000000e+00
1.554506e+01	1.310961e+01	1.265437e-02	1073244.000000	0.000000e+00
1.556963e+01	1.315533e+01	1.273824e-02	1066558.000000	0.000000e+00
1.559418e+01	1.320273e+01	1.283620e-02	1057924.000000	0.000000e+00
1.561873e+01	1.324432e+01	1.290028e-02	1054050.000000	0.000000e+00
1.564327e+01	1.330595e+01	1.302075e-02	1044286.000000	0.000000e+00
1.566780e+01	1.330792e+01	1.303942e-02	1041606.000000	0.000000e+00
1.569233e+01	1.337169e+01	1.317042e-02	1030798.000000	0.000000e+00
1.571685e+01	1.340203e+01	1.322114e-02	1027552.000000	0.000000e+00
1.574141e+01	1.344200e+01	1.330084e-02	1021338.000000	0.000000e+00
1.576595e+01	1.347529e+01	1.338631e-02	1013338.000000	0.000000e+00
1.579049e+01	1.353810e+01	1.348302e-02	1008186.000000	0.000000e+00
1.581502e+01	1.356897e+01	1.357308e-02	999394.000000	0.000000e+00
1.583955e+01	1.363725e+01	1.367355e-02	994698.000000	0.000000e+00
1.586407e+01	1.365825e+01	1.374746e-02	987064.000000	0.000000e+00
1.588861e+01	1.368521e+01	1.381678e-02	981046.000000	0.000000e+00
1.591315e+01	1.373990e+01	1.391224e-02	975378.000000	0.000000e+00
1.593770e+01	1.379645e+01	1.402232e-02	968044.000000	0.000000e+00
1.596225e+01	1.383366e+01	1.410799e-02	961488.000000	0.000000e+00
1.598677e+01	1.390913e+01	1.424582e-02	953290.000000	0.000000e+00
1.601131e+01	1.395790e+01	1.432753e-02	949068.000000	0.000000e+00
1.603586e+01	1.398951e+01	1.442166e-02	940966.000000	0.000000e+00
1.606040e+01	1.403208e+01	1.451912e-02	934036.000000	0.000000e+00
1.608493e+01	1.410618e+01	1.464605e-02	927636.000000	0.000000e+00
1.610947e+01	1.415645e+01	1.476069e-02	919804.000000	0.000000e+00
1.613400e+01	1.418624e+01	1.483876e-02	913986.000000	0.000000e+00
1.615854e+01	1.426330e+01	1.497205e-02	907564.000000	0.000000e+00
1.618310e+01	1.429951e+01	1.506899e-02	900480.000000	0.000000e+00
1.620765e+01	1.434168e+01	1.517311e-02	893410.000000	0.000000e+00
1.623216e+01	1.441151e+01	1.533327e-02	883384.000000	0.000000e+00
1.625669e+01	1.444366e+01	1.538842e-02	880980.000000	0.000000e+00
1.628123e+01	1.454779e+01	1.558576e-02	871240.000000	0.000000e+00
1.630580e+01	1.458447e+01	1.565943e-02	867420.000000	0.000000e+00
1.633036e+01	1.466652e+01	1.583819e-02	857518.000000	0.000000e+00
1.635486e+01	1.471081e+01	1.596897e-02	848632.000000	0.000000e+00
1.637939e+01	1.474992e+01	1.604001e-02	845610.000000	0.000000e+00
1.640395e+01	1.483752e+01	1.622458e-02	836326.000000	0.000000e+00
1.642848e+01	1.486058e+01	1.631847e-02	829302.000000	0.000000e+00
1.645298e+01	1.492108e+01	1.647276e-02	820480.000000	0.000000e+00
1.647753e+01	1.498644e+01	1.657991e-02	817020.000000	0.000000e+00
1.650209e+01	1.504747e+01	1.673624e-02	808372.000000	0.000000e+00
1.652660e+01	1.510741e+01	1.690879e-02	798280.000000	0.000000e+00
1.655114e+01	1.515917e+01	1.699482e-02	795642.000000	0.000000e+00
1.657571e+01	1.522155e+01	1.716624e-02	786262.000000	0.000000e+00
1.660025e+01	1.532180e+01	1.737219e-02	777876.000000	0.000000e+00
1.662478e+01	1.538531e+01	1.750570e-02	772420.000000	0.000000e+00
1.664931e+01	1.538970e+01	1.762509e-02	762426.000000	0.000000e+00
1.667386e+01	1.553115e+01	1.782876e-02	758866.000000	0.000000e+00
1.669842e+01	1.558535e+01	1.801706e-02	748282.000000	0.000000e+00
1.672293e+01	1.565172e+01	1.818438e-02	740844.000000	0.000000e+00
1.674748e+01	1.572571e+01	1.833112e-02	735940.000000	0.000000e+00
1.677204e+01	1.581263e+01	1.856003e-02	725856.000000	0.000000e+00
1.679655e+01	1.586985e+01	1.872047e-02	718642.000000	0.000000e+00
1.682107e+01	1.590310e+01	1.885251e-02	711582.000000	0.000000e+00
1.684563e+01	1.597058e+01	1.902378e-02	704770.000000	0.000000e+00
1.687018e+01	1.607929e+01	1.926140e-02	696880.000000	0.000000e+00
1.689472e+01	1.613262e+01	1.945110e-02	687894.000000	0.000000e+00
1.691924e+01	1.619923e+01	1.961882e-02	681778.000000	0.000000e+00
1.694378e+01	1.626472e+01	1.983341e-02	672510.000000	0.000000e+00
1.696830e+01	1.637354e+01	2.006565e-02	665854.000000	0.000000e+00
1.699283e+01	1.643229e+01	2.026338e-02	657616.000000	0.000000e+00
1.701740e+01	1.653265e+01	2.047821e-02	651780.000000	0.000000e+00
1.704195e+01	1.657593e+01	2.068706e-02	642034.000000	0.000000e+00
1.706646e+01	1.662881e+01	2.090003e-02	633036.000000	0.000000e+00
1.709097e+01	1.676862e+01	2.116474e-02	627724.000000	0.000000e+00
1.711553e+01	1.679478e+01	2.134255e-02	619236.000000	0.000000e+00
1.714008e+01	1.687973e+01	2.159794e-02	610810.000000	0.000000e+00
1.716463e+01	1.695732e+01	2.180544e-02	604762.000000	0.000000e+00
1.718918e+01	1.705304e+01	2.213087e-02	593754.000000	0.000000e+00
1.721369e+01	1.714949e+01	2.236939e-02	587752.000000	0.000000e+00
1.723823e+01	1.715133e+01	2.254421e-02	578796.000000	0.000000e+00
1.726278e+01	1.733266e+01	2.291890e-02	571930.000000	0.000000e+00
1.728731e+01	1.732384e+01	2.308910e-02	562956.000000	0.000000e+00
1.731188e+01	1.741268e+01	2.334907e-02	556150.000000	0.000000e+00
1.733641e+01	1.752523e+01	2.371017e-02	546334.000000	0.000000e+00
1.736091e+01	1.759523e+01	2.399759e-02	537594.000000	0.000000e+00
1.738543e+01	1.765509e+01	2.419731e-02	532360.000000	0.000000e+00
1.741000e+01	1.764873e+01	2.442773e-02	521988.000000	0.000000e+00
1.743456e+01	1.774318e+01	2.470304e-02	515896.000000	0.000000e+00
1.745909e+01	1.781742e+01	2.506479e-02	505314.000000	0.000000e+00
1.748363e+01	1.784505e+01	2.527065e-02	498658.000000	0.000000e+00
1.750818e+01	1.794040e+01	2.562741e-02	490066.000000	0.000000e+00
1.753269e+01	1.802356e+01	2.601558e-02	479970.000000	0.000000e+00
1.755722e+01	1.807345e+01	2.623931e-02	474436.000000	0.000000e+00
1.758176e+01	1.812323e+01	2.660639e-02	463980.000000	0.000000e+00
1.760629e+01	1.820553e+01	2.693691e-02	456784.000000	0.000000e+00
1.763083e+01	1.821819e+01	2.720751e-02	448366.000000	0.000000e+00
1.765539e+01	1.824616e+01	2.751019e-02	439902.000000	0.000000e+00
1.767993e+01	1.829332e+01	2.785957e-02	431158.000000	0.000000e+00
1.770446e+01	1.830930e+01	2.815889e-02	422778.000000	0.000000e+00
1.772897e+01	1.837612e+01	2.857406e-02	413584.000000	0.000000e+00
1.775351e+01	1.841774e+01	2.888766e-02	406488.000000	0.000000e+00
1.777808e+01	1.834546e+01	2.908848e-02	397754.500000	0.000000e+00
1.780261e+01	1.840188e+01	2.949880e-02	389149.000000	0.000000e+00
1.782713e+01	1.850423e+01	2.993142e-02	382197.000000	0.000000e+00
1.785169e+01	1.845230e+01	3.010729e-02	375628.000000	0.000000e+00
1.787623e+01	1.855380e+01	3.059534e-02	367752.000000	0.000000e+00
1.790076e+01	1.856062e+01	3.085229e-02	361918.000000	0.000000e+00
1.792530e+01	1.869542e+01	3.137178e-02	355134.000000	0.000000e+00
1.794985e+01	1.874443e+01	3.174437e-02	348667.000000	0.000000e+00
1.797440e+01	1.877919e+01	3.206700e-02	342955.000000	0.000000e+00
1.799891e+01	1.884564e+01	3.252519e-02	335724.000000	0.000000e+00
1.802344e+01	1.887938e+01	3.281332e-02	331036.000000	0.000000e+00
1.804802e+01	1.904045e+01	3.337719e-02	325428.000000	0.000000e+00
1.807255e+01	1.903404e+01	3.373997e-02	318253.000000	0.000000e+00
1.809707e+01	1.910187e+01	3.408673e-02	314037.000000	0.000000e+00
1.812164e+01	1.914550e+01	3.448946e-02	308149.000000	0.000000e+00
1.814617e+01	1.922575e+01	3.496996e-02	302257.000000	0.000000e+00
1.817068e+01	1.936923e+01	3.553436e-02	297117.000000	0.000000e+00
1.819523e+01	1.942237e+01	3.590308e-02	292645.000000	0.000000e+00
1.821979e+01	1.953957e+01	3.647030e-02	287046.000000	0.000000e+00
1.824431e+01	1.964873e+01	3.704480e-02	281329.000000	0.000000e+00
1.826883e+01	1.973849e+01	3.748300e-02	277306.000000	0.000000e+00
1.829337e+01	1.977849e+01	3.790945e-02	272202.000000	0.000000e+00
1.831793e+01	1.986297e+01	3.838888e-02	267718.000000	0.000000e+00
1.834250e+01	1.998008e+01	3.896173e-02	262977.000000	0.000000e+00
1.836701e+01	2.001719e+01	3.947996e-02	257071.000000	0.000000e+00
1.839152e+01	2.020631e+01	4.011321e-02	253746.000000	0.000000e+00
1.841609e+01	2.025988e+01	4.058067e-02	249250.000000	0.000000e+00
1.844064e+01	2.031330e+01	4.110842e-02	244174.000000	0.000000e+00
1.846515e+01	2.038450e+01	4.160189e-02	240090.000000	0.000000e+00
1.848971e+01	2.056314e+01	4.232865e-02	235999.000000	0.000000e+00
1.851428e+01	2.065207e+01	4.289632e-02	231786.000000	0.000000e+00
1.853881e+01	2.070345e+01	4.344835e-02	227059.000000	0.000000e+00
1.856328e+01	2.098205e+01	4.449405e-02	222378.000000	0.000000e+00
1.858784e+01	2.098476e+01	4.471983e-02	220195.000000	0.000000e+00
1.861244e+01	2.112678e+01	4.556298e-02	215002.000000	0.000000e+00
1.863693e+01	2.120891e+01	4.622257e-02	210537.000000	0.000000e+00
1.866143e+01	2.132217e+01	4.683410e-02	207271.000000	0.000000e+00
1.868601e+01	2.143139e+01	4.746490e-02	203871.000000	0.000000e+00
1.871055e+01	2.146272e+01	4.808138e-02	199258.000000	0.000000e+00
1.873503e+01	2.170019e+01	4.909959e-02	195331.000000	0.000000e+00
1.875958e+01	2.179515e+01	4.961920e-02	192939.000000	0.000000e+00
1.878417e+01	2.204705e+01	5.079439e-02	188395.000000	0.000000e+00
1.880870e+01	2.204790e+01	5.126267e-02	184983.000000	0.000000e+00
1.883322e+01	2.220191e+01	5.215409e-02	181219.000000	0.000000e+00
1.885775e+01	2.242019e+01	5.315902e-02	177879.000000	0.000000e+00
1.888231e+01	2.244615e+01	5.371322e-02	174631.000000	0.000000e+00
1.890684e+01	2.263241e+01	5.474708e-02	170899.000000	0.000000e+00
1.893134e+01	2.267167e+01	5.540382e-02	167451.000000	0.000000e+00
1.895590e+01	2.282093e+01	5.620253e-02	164875.000000	0.000000e+00
1.898046e+01	2.295131e+01	5.722416e-02	160863.000000	0.000000e+00
1.900495e+01	2.304018e+01	5.803738e-02	157600.000000	0.000000e+00
1.902946e+01	2.315570e+01	5.884382e-02	154851.000000	0.000000e+00
1.905406e+01	2.346898e+01	6.017311e-02	152119.000000	0.000000e+00
1.907863e+01	2.356835e+01	6.117812e-02	148411.000000	0.000000e+00
1.910311e+01	2.381182e+01	6.254541e-02	144942.000000	0.000000e+00
1.912765e+01	2.383884e+01	6.303507e-02	143023.000000	0.000000e+00
1.915226e+01	2.392134e+01	6.401047e-02	139659.000000	0.000000e+00
1.917678e+01	2.412223e+01	6.535294e-02	136240.000000	0.000000e+00
1.920124e+01	2.419976e+01	6.625250e-02	133419.000000	0.000000e+00
1.922581e+01	2.434364e+01	6.715773e-02	131395.000000	0.000000e+00
1.925040e+01	2.451568e+01	6.854376e-02	127924.000000	0.000000e+00
1.927489e+01	2.484680e+01	7.027201e-02	125019.000000	0.000000e+00
1.929941e+01	2.502780e+01	7.143457e-02	122752.000000	0.000000e+00
1.932402e+01	2.519750e+01	7.264003e-02	120327.000000	0.000000e+00
1.934855e+01	2.516212e+01	7.366674e-02	116668.000000	0.000000e+00
1.937298e+01	2.531968e+01	7.491718e-02	114223.000000	0.000000e+00
1.939755e+01	2.557542e+01	7.615273e-02	112791.000000	0.000000e+00
1.942217e+01	2.590904e+01	7.836414e-02	109312.000000	0.000000e+00
1.944667e+01	2.594371e+01	7.934190e-02	106920.000000	0.000000e+00
1.947113e+01	2.625446e+01	8.140967e-02	104005.000000	0.000000e+00
1.949570e+01	2.631820e+01	8.208260e-02	102804.000000	0.000000e+00
1.952032e+01	2.655374e+01	8.412565e-02	99631.000000	0.000000e+00
1.954482e+01	2.680259e+01	8.601005e-02	97108.000000	0.000000e+00
1.956930e+01	2.698666e+01	8.758627e-02	94935.000000	0.000000e+00
1.959391e+01	2.700054e+01	8.846789e-02	93148.000000	0.000000e+00
1.961850e+01	2.722167e+01	9.056397e-02	90348.000000	0.000000e+00
1.964294e+01	2.777079e+01	9.377369e-02	87703.000000	0.000000e+00
1.966740e+01	2.767274e+01	9.432160e-02	86076.000000	0.000000e+00
1.969204e+01	2.788257e+01	9.597577e-02	84400.000000	0.000000e+00
1.971660e+01	2.796015e+01	9.804182e-02	81331.000000	0.000000e+00
1.974103e+01	2.839440e+01	1.007350e-01	79452.000000	0.000000e+00
1.976563e+01	2.866413e+01	1.025289e-01	78160.000000	0.000000e+00
1.979032e+01	2.890757e+01	1.050317e-01	75750.000000	0.000000e+00
1.981482e+01	2.902391e+01	1.073143e-01	73147.000000	0.000000e+00
1.983914e+01	2.952561e+01	1.109546e-01	70812.000000	0.000000e+00
1.986374e+01	2.961880e+01	1.114434e-01	70636.000000	0.000000e+00
1.988844e+01	2.984646e+01	1.148144e-01	67576.000000	0.000000e+00
1.991292e+01	3.014203e+01	1.175711e-01	65727.000000	0.000000e+00
1.993736e+01	3.032540e+01	1.201197e-01	63736.000000	0.000000e+00
1.996197e+01	3.055512e+01	1.220371e-01	62688.000000	0.000000e+00
1.998658e+01	3.083456e+01	1.256264e-01	60244.000000	0.000000e+00
2.001095e+01	3.106598e+01	1.289145e-01	58072.000000	0.000000e+00
2.003547e+01	3.128740e+01	1.305377e-01	57447.000000	0.000000e+00
2.006019e+01	3.201412e+01	1.360273e-01	55390.000000	0.000000e+00
2.008472e+01	3.216087e+01	1.392206e-01	53364.000000	0.000000e+00
2.010903e+01	3.239499e+01	1.430720e-01	51268.000000	0.000000e+00
2.013363e+01	3.251655e+01	1.437829e-01	51144.000000	0.000000e+00
2.015842e+01	3.305666e+01	1.496834e-01	48772.000000	0.000000e+00
2.018288e+01	3.319022e+01	1.533760e-01	46828.000000	0.000000e+00
2.020721e+01	3.374196e+01	1.584077e-01	45372.000000	0.000000e+00
2.023181e+01	3.395589e+01	1.608959e-01	44539.000000	0.000000e+00
2.025650e+01	3.449624e+01	1.668999e-01	42720.000000	0.000000e+00
2.028095e+01	3.455180e+01	1.707725e-01	40936.000000	0.000000e+00
2.030542e+01	3.517036e+01	1.759002e-01	39978.000000	0.000000e+00
2.033011e+01	3.544771e+01	1.804054e-01	38608.000000	0.000000e+00
2.035466e+01	3.588782e+01	1.868448e-01	36892.000000	0.000000e+00
2.037892e+01	3.588290e+01	1.912347e-01	35208.000000	0.000000e+00
2.040348e+01	3.587795e+01	1.917209e-01	35020.000000	0.000000e+00
2.042837e+01	3.663983e+01	2.005683e-01	33372.000000	0.000000e+00
2.045281e+01	3.693104e+01	2.083476e-01	31420.000000	0.000000e+00
2.047697e+01	3.733092e+01	2.142909e-01	30348.000000	0.000000e+00
2.050165e+01	3.743436e+01	2.159834e-01	30040.000000	0.000000e+00
2.052659e+01	3.765399e+01	2.229335e-01	28528.000000	0.000000e+00
2.055100e+01	3.840700e+01	2.353911e-01	26622.000000	0.000000e+00
2.057510e+01	3.887422e+01	2.421142e-01	25780.000000	0.000000e+00
2.059985e+01	3.925072e+01	2.460292e-01	25452.000000	0.000000e+00
2.062477e+01	3.901599e+01	2.519521e-01	23980.000000	0.000000e+00
2.064904e+01	3.994657e+01	2.680797e-01	22204.000000	0.000000e+00
2.067328e+01	4.013249e+01	2.710418e-01	21924.000000	0.000000e+00
2.069813e+01	4.106119e+01	2.829990e-01	21052.000000	0.000000e+00
2.072282e+01	4.107464e+01	2.924369e-01	19728.000000	0.000000e+00
2.074689e+01	4.166738e+01	3.078796e-01	18316.000000	0.000000e+00
2.077148e+01	4.214901e+01	3.097016e-01	18522.000000	0.000000e+00
2.079650e+01	4.240503e+01	3.246974e-01	17056.000000	0.000000e+00
2.082086e+01	4.344377e+01	3.445207e-01	15901.000000	0.000000e+00
2.084494e+01	4.378107e+01	3.559084e-01	15132.000000	0.000000e+00
2.086988e+01	4.396439e+01	3.587764e-01	15016.000000	0.000000e+00
2.089484e+01	4.436628e+01	3.809984e-01	13560.000000	0.000000e+00
2.091874e+01	4.490433e+01	4.026687e-01	12436.000000	0.000000e+00
2.094286e+01	4.516844e+01	4.070716e-01	12312.000000	0.000000e+00
2.096835e+01	4.751695e+01	4.334796e-01	12016.000000	0.000000e+00
2.099333e+01	4.692310e+01	4.598095e-01	10414.000000	0.000000e+00
2.101635e+01	4.778146e+01	4.961113e-01	9276.000000	0.000000e+00
2.104066e+01	4.869415e+01	4.878938e-01	9961.000000	0.000000e+00
2.106684e+01	4.823299e+01	5.021002e-01	9228.000000	0.000000e+00
2.109169e+01	4.976070e+01	5.659011e-01	7732.000000	0.000000e+00
2.111385e+01	4.973332e+01	6.050658e-01	6756.000000	0.000000e+00
2.113864e+01	5.056912e+01	5.742043e-01	7756.000000	0.000000e+00
2.116547e+01	5.043442e+01	6.107097e-01	6820.000000	0.000000e+00
2.118998e+01	5.226257e+01	7.139856e-01	5358.000000	0.000000e+00
2.121167e+01	5.238383e+01	7.413383e-01	4993.000000	0.000000e+00
2.123701e+01	5.182770e+01	6.975775e-01	5520.000000	0.000000e+00
2.126409e+01	5.412316e+01	7.818523e-01	4792.000000	0.000000e+00
2.128812e+01	5.468019e+01	9.328320e-01	3436.000000	0.000000e+00
2.130920e+01	5.620061e+01	9.526895e-01	3480.000000	0.000000e+00
2.133536e+01	5.554559e+01	9.105834e-01	3721.000000	0.000000e+00
2.136298e+01	5.778869e+01	1.032600e+00	3132.000000	0.000000e+00
2.138535e+01	5.510742e+01	1.308378e+00	1774.000000	0.000000e+00
2.140616e+01	5.612424e+01	1.142778e+00	2412.000000	0.000000e+00
2.143360e+01	5.938802e+01	1.262718e+00	2212.000000	0.000000e+00
2.146162e+01	5.838037e+01	1.362110e+00	1837.000000	0.000000e+00
2.148292e+01	5.980244e+01	2.093504e+00	816.000000	0.000000e+00
2.150387e+01	6.352823e+01	1.715101e+00	1372.000000	0.000000e+00
2.153200e+01	5.636159e+01	1.705579e+00	1092.000000	0.000000e+00
2.156014e+01	6.163115e+01	2.121432e+00	844.000000	0.000000e+00
2.158178e+01	6.203590e+01	3.369328e+00	339.000000	0.000000e+00
2.160234e+01	5.965972e+01	2.586577e+00	532.000000	0.000000e+00
2.163046e+01	6.425705e+01	3.367985e+00	364.000000	0.000000e+00
2.165853e+01	5.603603e+01	3.711077e+00	228.000000	0.000000e+00
2.168066e+01	4.791472e+01	5.607994e+00	73.000000	0.000000e+00
2.170037e+01	6.194364e+01	6.758606e+00	84.000000	0.000000e+00
2.172766e+01	7.082087e+01	1.338389e+01	28.000000	0.000000e+00
2.175143e+01	4.633285e+01	2.675028e+01	3.000000	0.000000e+00
