# [<k> (h/Mpc)]	[<P_0(k)> (Mpc/h)^3]	[ErrorBar (Mpc/h)^3]	nModes	[<P_2(k)> (Mpc/h)^3]
3.476422e-02	6.880620e+03	1.908341e+03	13.000000	0.000000e+00
5.890282e-02	5.126782e+03	8.924582e+02	33.000000	0.000000e+00
8.378087e-02	2.933103e+03	3.299999e+02	79.000000	0.000000e+00
1.087368e-01	2.260329e+03	2.089674e+02	117.000000	0.000000e+00
1.341836e-01	1.676112e+03	1.170647e+02	205.000000	0.000000e+00
1.581206e-01	1.172038e+03	7.645533e+01	235.000000	0.000000e+00
1.826843e-01	9.614875e+02	5.005304e+01	369.000000	0.000000e+00
2.073525e-01	8.048182e+02	3.867710e+01	433.000000	0.000000e+00
2.322407e-01	7.046343e+02	2.913304e+01	585.000000	0.000000e+00
2.568838e-01	6.017180e+02	2.309182e+01	679.000000	0.000000e+00
2.811185e-01	5.073116e+02	1.779220e+01	813.000000	0.000000e+00
3.057758e-01	4.468717e+02	1.423852e+01	985.000000	0.000000e+00
3.308750e-01	4.221009e+02	1.227224e+01	1183.000000	0.000000e+00
3.553459e-01	3.677547e+02	1.032351e+01	1269.000000	0.000000e+00
3.797184e-01	3.237141e+02	8.257047e+00	1537.000000	0.000000e+00
4.042043e-01	3.053149e+02	7.509509e+00	1653.000000	0.000000e+00
4.287408e-01	2.705784e+02	6.107071e+00	1963.000000	0.000000e+00
4.533372e-01	2.519416e+02	5.470533e+00	2121.000000	0.000000e+00
4.779960e-01	2.435382e+02	4.957794e+00	2413.000000	0.000000e+00
5.026630e-01	2.156583e+02	4.201224e+00	2635.000000	0.000000e+00
5.271488e-01	1.963752e+02	3.661143e+00	2877.000000	0.000000e+00
5.515428e-01	1.873960e+02	3.328887e+00	3169.000000	0.000000e+00
5.762241e-01	1.757573e+02	2.967875e+00	3507.000000	0.000000e+00
6.007286e-01	1.721297e+02	2.835548e+00	3685.000000	0.000000e+00
6.252569e-01	1.635656e+02	2.534455e+00	4165.000000	0.000000e+00
6.499966e-01	1.555261e+02	2.350796e+00	4377.000000	0.000000e+00
6.746858e-01	1.484579e+02	2.130634e+00	4855.000000	0.000000e+00
6.991271e-01	1.379080e+02	1.964311e+00	4929.000000	0.000000e+00
7.235757e-01	1.349154e+02	1.805949e+00	5581.000000	0.000000e+00
7.479714e-01	1.292718e+02	1.715409e+00	5679.000000	0.000000e+00
7.726133e-01	1.241379e+02	1.553545e+00	6385.000000	0.000000e+00
7.972413e-01	1.186715e+02	1.465974e+00	6553.000000	0.000000e+00
8.218513e-01	1.136195e+02	1.346048e+00	7125.000000	0.000000e+00
8.464491e-01	1.132786e+02	1.312675e+00	7447.000000	0.000000e+00
8.709767e-01	1.080580e+02	1.213523e+00	7929.000000	0.000000e+00
8.955547e-01	1.039817e+02	1.137721e+00	8353.000000	0.000000e+00
9.199772e-01	1.015135e+02	1.083677e+00	8775.000000	0.000000e+00
9.444963e-01	9.888961e+01	1.024722e+00	9313.000000	0.000000e+00
9.690846e-01	9.550715e+01	9.627561e-01	9841.000000	0.000000e+00
9.935517e-01	9.290108e+01	9.202638e-01	10191.000000	0.000000e+00
1.018099e+00	9.178491e+01	8.792610e-01	10897.000000	0.000000e+00
1.042679e+00	8.870804e+01	8.344581e-01	11301.000000	0.000000e+00
1.067353e+00	8.604165e+01	7.846323e-01	12025.000000	0.000000e+00
1.092004e+00	8.429578e+01	7.562973e-01	12423.000000	0.000000e+00
1.116549e+00	8.049378e+01	7.054076e-01	13021.000000	0.000000e+00
1.140967e+00	8.112586e+01	7.006900e-01	13405.000000	0.000000e+00
1.165410e+00	7.744610e+01	6.488403e-01	14247.000000	0.000000e+00
1.189942e+00	7.748578e+01	6.401160e-01	14653.000000	0.000000e+00
1.214340e+00	7.454009e+01	6.019721e-01	15333.000000	0.000000e+00
1.238824e+00	7.366659e+01	5.833160e-01	15949.000000	0.000000e+00
1.263616e+00	7.086412e+01	5.425623e-01	17059.000000	0.000000e+00
1.288278e+00	7.051883e+01	5.393183e-01	17097.000000	0.000000e+00
1.312698e+00	6.905719e+01	5.152231e-01	17965.000000	0.000000e+00
1.337129e+00	6.715764e+01	4.933396e-01	18531.000000	0.000000e+00
1.361846e+00	6.668096e+01	4.754564e-01	19669.000000	0.000000e+00
1.386459e+00	6.468129e+01	4.585942e-01	19893.000000	0.000000e+00
1.410760e+00	6.360111e+01	4.443720e-01	20485.000000	0.000000e+00
1.435294e+00	6.234419e+01	4.227235e-01	21751.000000	0.000000e+00
1.459966e+00	6.090704e+01	4.086984e-01	22209.000000	0.000000e+00
1.484553e+00	6.025083e+01	3.969286e-01	23041.000000	0.000000e+00
1.509059e+00	5.910803e+01	3.840208e-01	23691.000000	0.000000e+00
1.533565e+00	5.849690e+01	3.740514e-01	24457.000000	0.000000e+00
1.558284e+00	5.681647e+01	3.537445e-01	25797.000000	0.000000e+00
1.582818e+00	5.594366e+01	3.494636e-01	25627.000000	0.000000e+00
1.607259e+00	5.503457e+01	3.335919e-01	27217.000000	0.000000e+00
1.631809e+00	5.475169e+01	3.298714e-01	27549.000000	0.000000e+00
1.656366e+00	5.366840e+01	3.161727e-01	28813.000000	0.000000e+00
1.680925e+00	5.270930e+01	3.076424e-01	29355.000000	0.000000e+00
1.705257e+00	5.119660e+01	2.959934e-01	29917.000000	0.000000e+00
1.729806e+00	5.107017e+01	2.870515e-01	31653.000000	0.000000e+00
1.754462e+00	4.951387e+01	2.770031e-01	31951.000000	0.000000e+00
1.778992e+00	4.922261e+01	2.707115e-01	33061.000000	0.000000e+00
1.803411e+00	4.909864e+01	2.678670e-01	33597.000000	0.000000e+00
1.827963e+00	4.786196e+01	2.551160e-01	35197.000000	0.000000e+00
1.852647e+00	4.739249e+01	2.503967e-01	35823.000000	0.000000e+00
1.877249e+00	4.638592e+01	2.413153e-01	36949.000000	0.000000e+00
1.901733e+00	4.612636e+01	2.388044e-01	37309.000000	0.000000e+00
1.926241e+00	4.522145e+01	2.287678e-01	39075.000000	0.000000e+00
1.950830e+00	4.407909e+01	2.221434e-01	39373.000000	0.000000e+00
1.975308e+00	4.366427e+01	2.160830e-01	40833.000000	0.000000e+00
1.999729e+00	4.336784e+01	2.136502e-01	41203.000000	0.000000e+00
2.024419e+00	4.273531e+01	2.044564e-01	43689.000000	0.000000e+00
2.049126e+00	4.192014e+01	2.009617e-01	43513.000000	0.000000e+00
2.073508e+00	4.124344e+01	1.956512e-01	44437.000000	0.000000e+00
2.097846e+00	4.077449e+01	1.908374e-01	45651.000000	0.000000e+00
2.122473e+00	4.036812e+01	1.852509e-01	47485.000000	0.000000e+00
2.147106e+00	3.986840e+01	1.820475e-01	47961.000000	0.000000e+00
2.171601e+00	3.913292e+01	1.765199e-01	49147.000000	0.000000e+00
2.196158e+00	3.845902e+01	1.714377e-01	50325.000000	0.000000e+00
2.220735e+00	3.839635e+01	1.689503e-01	51649.000000	0.000000e+00
2.245251e+00	3.777370e+01	1.654055e-01	52153.000000	0.000000e+00
2.269729e+00	3.718323e+01	1.600956e-01	53943.000000	0.000000e+00
2.294271e+00	3.651381e+01	1.561261e-01	54697.000000	0.000000e+00
2.318928e+00	3.614008e+01	1.517139e-01	56745.000000	0.000000e+00
2.343538e+00	3.564744e+01	1.493015e-01	57007.000000	0.000000e+00
2.368026e+00	3.509689e+01	1.451562e-01	58461.000000	0.000000e+00
2.392423e+00	3.464252e+01	1.425715e-01	59041.000000	0.000000e+00
2.416863e+00	3.402960e+01	1.377649e-01	61015.000000	0.000000e+00
2.441509e+00	3.348250e+01	1.337834e-01	62637.000000	0.000000e+00
2.466080e+00	3.329172e+01	1.324599e-01	63169.000000	0.000000e+00
2.490575e+00	3.273392e+01	1.287849e-01	64605.000000	0.000000e+00
2.515186e+00	3.201544e+01	1.241627e-01	66487.000000	0.000000e+00
2.539777e+00	3.183705e+01	1.229670e-01	67033.000000	0.000000e+00
2.564215e+00	3.144956e+01	1.203904e-01	68241.000000	0.000000e+00
2.588707e+00	3.088024e+01	1.167238e-01	69991.000000	0.000000e+00
2.613337e+00	3.064731e+01	1.146104e-01	71505.000000	0.000000e+00
2.637925e+00	3.037507e+01	1.126479e-01	72709.000000	0.000000e+00
2.662420e+00	2.995688e+01	1.105179e-01	73473.000000	0.000000e+00
2.686963e+00	2.962005e+01	1.076111e-01	75763.000000	0.000000e+00
2.711515e+00	2.936373e+01	1.063310e-01	76261.000000	0.000000e+00
2.735982e+00	2.904581e+01	1.040107e-01	77985.000000	0.000000e+00
2.760573e+00	2.863019e+01	1.012161e-01	80011.000000	0.000000e+00
2.785237e+00	2.826306e+01	9.930076e-02	81009.000000	0.000000e+00
2.809671e+00	2.787723e+01	9.758921e-02	81601.000000	0.000000e+00
2.834151e+00	2.749748e+01	9.482962e-02	84081.000000	0.000000e+00
2.858722e+00	2.725507e+01	9.339681e-02	85159.000000	0.000000e+00
2.883250e+00	2.682047e+01	9.110550e-02	86665.000000	0.000000e+00
2.907819e+00	2.648682e+01	8.911455e-02	88341.000000	0.000000e+00
2.932335e+00	2.620373e+01	8.759967e-02	89479.000000	0.000000e+00
2.956914e+00	2.585827e+01	8.547500e-02	91521.000000	0.000000e+00
2.981449e+00	2.562876e+01	8.430101e-02	92425.000000	0.000000e+00
3.005876e+00	2.542649e+01	8.311839e-02	93579.000000	0.000000e+00
3.030403e+00	2.497776e+01	8.048930e-02	96301.000000	0.000000e+00
3.055041e+00	2.455170e+01	7.856514e-02	97657.000000	0.000000e+00
3.079692e+00	2.433773e+01	7.719730e-02	99393.000000	0.000000e+00
3.104241e+00	2.389336e+01	7.548387e-02	100195.000000	0.000000e+00
3.128710e+00	2.382824e+01	7.471578e-02	101709.000000	0.000000e+00
3.153123e+00	2.343121e+01	7.300151e-02	103021.000000	0.000000e+00
3.177619e+00	2.332586e+01	7.177799e-02	105607.000000	0.000000e+00
3.202185e+00	2.287664e+01	6.999844e-02	106809.000000	0.000000e+00
3.226708e+00	2.273135e+01	6.897382e-02	108613.000000	0.000000e+00
3.251321e+00	2.246656e+01	6.750001e-02	110781.000000	0.000000e+00
3.275882e+00	2.212674e+01	6.622190e-02	111643.000000	0.000000e+00
3.300393e+00	2.169491e+01	6.435052e-02	113661.000000	0.000000e+00
3.324955e+00	2.174884e+01	6.406117e-02	115261.000000	0.000000e+00
3.349528e+00	2.149197e+01	6.270521e-02	117475.000000	0.000000e+00
3.374087e+00	2.114921e+01	6.146651e-02	118389.000000	0.000000e+00
3.398541e+00	2.104785e+01	6.075663e-02	120013.000000	0.000000e+00
3.423011e+00	2.082164e+01	5.963687e-02	121899.000000	0.000000e+00
3.447546e+00	2.051395e+01	5.822825e-02	124117.000000	0.000000e+00
3.472176e+00	2.023763e+01	5.686230e-02	126669.000000	0.000000e+00
3.496772e+00	2.002605e+01	5.620307e-02	126961.000000	0.000000e+00
3.521302e+00	1.976265e+01	5.483389e-02	129895.000000	0.000000e+00
3.545845e+00	1.952017e+01	5.404346e-02	130461.000000	0.000000e+00
3.570351e+00	1.933993e+01	5.296704e-02	133321.000000	0.000000e+00
3.594817e+00	1.913513e+01	5.234689e-02	133623.000000	0.000000e+00
3.619340e+00	1.894270e+01	5.110082e-02	137413.000000	0.000000e+00
3.643921e+00	1.879032e+01	5.053772e-02	138241.000000	0.000000e+00
3.668501e+00	1.850913e+01	4.929883e-02	140961.000000	0.000000e+00
3.693083e+00	1.833745e+01	4.861890e-02	142255.000000	0.000000e+00
3.717636e+00	1.818994e+01	4.790726e-02	144165.000000	0.000000e+00
3.742123e+00	1.795671e+01	4.709676e-02	145369.000000	0.000000e+00
3.766623e+00	1.774233e+01	4.608925e-02	148191.000000	0.000000e+00
3.791211e+00	1.756530e+01	4.532425e-02	150193.000000	0.000000e+00
3.815740e+00	1.742553e+01	4.477263e-02	151477.000000	0.000000e+00
3.840250e+00	1.716775e+01	4.378175e-02	153759.000000	0.000000e+00
3.864816e+00	1.705393e+01	4.316123e-02	156121.000000	0.000000e+00
3.889416e+00	1.683901e+01	4.233245e-02	158229.000000	0.000000e+00
3.913984e+00	1.672539e+01	4.186414e-02	159613.000000	0.000000e+00
3.938439e+00	1.655084e+01	4.126751e-02	160851.000000	0.000000e+00
3.962856e+00	1.643738e+01	4.071991e-02	162949.000000	0.000000e+00
3.987408e+00	1.614588e+01	3.952612e-02	166861.000000	0.000000e+00
4.011951e+00	1.594920e+01	3.903458e-02	166947.000000	0.000000e+00
4.036502e+00	1.585847e+01	3.837125e-02	170809.000000	0.000000e+00
4.061101e+00	1.570813e+01	3.787116e-02	172041.000000	0.000000e+00
4.085632e+00	1.550043e+01	3.717985e-02	173809.000000	0.000000e+00
4.110226e+00	1.539773e+01	3.656036e-02	177375.000000	0.000000e+00
4.134760e+00	1.519645e+01	3.612298e-02	176977.000000	0.000000e+00
4.159247e+00	1.507026e+01	3.543943e-02	180829.000000	0.000000e+00
4.183807e+00	1.495262e+01	3.499348e-02	182583.000000	0.000000e+00
4.208321e+00	1.473767e+01	3.434758e-02	184105.000000	0.000000e+00
4.232839e+00	1.461480e+01	3.377007e-02	187293.000000	0.000000e+00
4.257376e+00	1.448913e+01	3.338749e-02	188329.000000	0.000000e+00
4.281944e+00	1.430896e+01	3.261729e-02	192451.000000	0.000000e+00
4.306505e+00	1.414663e+01	3.223605e-02	192585.000000	0.000000e+00
4.331033e+00	1.403205e+01	3.168571e-02	196117.000000	0.000000e+00
4.355617e+00	1.397810e+01	3.139704e-02	198207.000000	0.000000e+00
4.380161e+00	1.383129e+01	3.095892e-02	199597.000000	0.000000e+00
4.404676e+00	1.369821e+01	3.043618e-02	202557.000000	0.000000e+00
4.429249e+00	1.354271e+01	2.992201e-02	204847.000000	0.000000e+00
4.453772e+00	1.346985e+01	2.965308e-02	206341.000000	0.000000e+00
4.478282e+00	1.333125e+01	2.914555e-02	209217.000000	0.000000e+00
4.502777e+00	1.319564e+01	2.876068e-02	210505.000000	0.000000e+00
4.527289e+00	1.302744e+01	2.814162e-02	214299.000000	0.000000e+00
4.551889e+00	1.294900e+01	2.782544e-02	216565.000000	0.000000e+00
4.576426e+00	1.273808e+01	2.729318e-02	217821.000000	0.000000e+00
4.600893e+00	1.267320e+01	2.701108e-02	220135.000000	0.000000e+00
4.625467e+00	1.258314e+01	2.656865e-02	224305.000000	0.000000e+00
4.650035e+00	1.243573e+01	2.622190e-02	224913.000000	0.000000e+00
4.674541e+00	1.230494e+01	2.578474e-02	227737.000000	0.000000e+00
4.699104e+00	1.222675e+01	2.544838e-02	230835.000000	0.000000e+00
4.723670e+00	1.208220e+01	2.504241e-02	232777.000000	0.000000e+00
4.748182e+00	1.198402e+01	2.475376e-02	234381.000000	0.000000e+00
4.772682e+00	1.188794e+01	2.438559e-02	237655.000000	0.000000e+00
4.797203e+00	1.175712e+01	2.403334e-02	239317.000000	0.000000e+00
4.821755e+00	1.165006e+01	2.360726e-02	243537.000000	0.000000e+00
4.846361e+00	1.156338e+01	2.335075e-02	245227.000000	0.000000e+00
4.870915e+00	1.142922e+01	2.298433e-02	247269.000000	0.000000e+00
4.895426e+00	1.134415e+01	2.270533e-02	249625.000000	0.000000e+00
4.919952e+00	1.126808e+01	2.243157e-02	252337.000000	0.000000e+00
4.944496e+00	1.109760e+01	2.196192e-02	255339.000000	0.000000e+00
4.969013e+00	1.102312e+01	2.176659e-02	256465.000000	0.000000e+00
4.993562e+00	1.093349e+01	2.139003e-02	261273.000000	0.000000e+00
5.018138e+00	1.083815e+01	2.116330e-02	262267.000000	0.000000e+00
5.042642e+00	1.077017e+01	2.093443e-02	264681.000000	0.000000e+00
5.067215e+00	1.064555e+01	2.052203e-02	269089.000000	0.000000e+00
5.091775e+00	1.054136e+01	2.031121e-02	269353.000000	0.000000e+00
5.116309e+00	1.048113e+01	2.002189e-02	274035.000000	0.000000e+00
5.140838e+00	1.035684e+01	1.977587e-02	274273.000000	0.000000e+00
5.165333e+00	1.028088e+01	1.948070e-02	278517.000000	0.000000e+00
5.189818e+00	1.020646e+01	1.930775e-02	279439.000000	0.000000e+00
5.214351e+00	1.010967e+01	1.894523e-02	284757.000000	0.000000e+00
5.238947e+00	1.004116e+01	1.876262e-02	286405.000000	0.000000e+00
5.263479e+00	9.920811e+00	1.846958e-02	288523.000000	0.000000e+00
5.288002e+00	9.856529e+00	1.825105e-02	291657.000000	0.000000e+00
5.312546e+00	9.776796e+00	1.801970e-02	294373.000000	0.000000e+00
5.337121e+00	9.690820e+00	1.775742e-02	297825.000000	0.000000e+00
5.361672e+00	9.603405e+00	1.755175e-02	299371.000000	0.000000e+00
5.386196e+00	9.534885e+00	1.733292e-02	302613.000000	0.000000e+00
5.410715e+00	9.451375e+00	1.712405e-02	304633.000000	0.000000e+00
5.435244e+00	9.367987e+00	1.686552e-02	308527.000000	0.000000e+00
5.459823e+00	9.299735e+00	1.666627e-02	311361.000000	0.000000e+00
5.484389e+00	9.232246e+00	1.647300e-02	314101.000000	0.000000e+00
5.508889e+00	9.183593e+00	1.636910e-02	314757.000000	0.000000e+00
5.533464e+00	9.055945e+00	1.595566e-02	322135.000000	0.000000e+00
5.558036e+00	8.981484e+00	1.587407e-02	320125.000000	0.000000e+00
5.582484e+00	8.921904e+00	1.565832e-02	324657.000000	0.000000e+00
5.606956e+00	8.868406e+00	1.552208e-02	326431.000000	0.000000e+00
5.631560e+00	8.800213e+00	1.523612e-02	333609.000000	0.000000e+00
5.656168e+00	8.725238e+00	1.512009e-02	333001.000000	0.000000e+00
5.680698e+00	8.648905e+00	1.490515e-02	336705.000000	0.000000e+00
5.705204e+00	8.582695e+00	1.475302e-02	338443.000000	0.000000e+00
5.729704e+00	8.513145e+00	1.455332e-02	342181.000000	0.000000e+00
5.754232e+00	8.435759e+00	1.435881e-02	345153.000000	0.000000e+00
5.778772e+00	8.375726e+00	1.418558e-02	348619.000000	0.000000e+00
5.803342e+00	8.307379e+00	1.401345e-02	351429.000000	0.000000e+00
5.827902e+00	8.243787e+00	1.384174e-02	354709.000000	0.000000e+00
5.852409e+00	8.202023e+00	1.375019e-02	355815.000000	0.000000e+00
5.876957e+00	8.131937e+00	1.352102e-02	361717.000000	0.000000e+00
5.901534e+00	8.045596e+00	1.335665e-02	362845.000000	0.000000e+00
5.926030e+00	7.984040e+00	1.321200e-02	365181.000000	0.000000e+00
5.950548e+00	7.940766e+00	1.305724e-02	369847.000000	0.000000e+00
5.975137e+00	7.885468e+00	1.290861e-02	373161.000000	0.000000e+00
5.999657e+00	7.810558e+00	1.277359e-02	373885.000000	0.000000e+00
6.024161e+00	7.758218e+00	1.260230e-02	378987.000000	0.000000e+00
6.048714e+00	7.703894e+00	1.247642e-02	381277.000000	0.000000e+00
6.073267e+00	7.631302e+00	1.229134e-02	385477.000000	0.000000e+00
6.097868e+00	7.569928e+00	1.213958e-02	388845.000000	0.000000e+00
6.122369e+00	7.534690e+00	1.208664e-02	388615.000000	0.000000e+00
6.146867e+00	7.460401e+00	1.186908e-02	395085.000000	0.000000e+00
6.171452e+00	7.407779e+00	1.175126e-02	397381.000000	0.000000e+00
6.195974e+00	7.369790e+00	1.165454e-02	399871.000000	0.000000e+00
6.220444e+00	7.294431e+00	1.151204e-02	401493.000000	0.000000e+00
6.244986e+00	7.250651e+00	1.133832e-02	408937.000000	0.000000e+00
6.269588e+00	7.205427e+00	1.125586e-02	409791.000000	0.000000e+00
6.294124e+00	7.155139e+00	1.113356e-02	413017.000000	0.000000e+00
6.318633e+00	7.086776e+00	1.099074e-02	415761.000000	0.000000e+00
6.343202e+00	7.032014e+00	1.083948e-02	420865.000000	0.000000e+00
6.367770e+00	6.990793e+00	1.075167e-02	422767.000000	0.000000e+00
6.392288e+00	6.937449e+00	1.063629e-02	425421.000000	0.000000e+00
6.416837e+00	6.889807e+00	1.050045e-02	430525.000000	0.000000e+00
6.441383e+00	6.854513e+00	1.043196e-02	431739.000000	0.000000e+00
6.465913e+00	6.784743e+00	1.026902e-02	436525.000000	0.000000e+00
6.490433e+00	6.739235e+00	1.017880e-02	438357.000000	0.000000e+00
6.514946e+00	6.682737e+00	1.004746e-02	442381.000000	0.000000e+00
6.539518e+00	6.640539e+00	9.926089e-03	447559.000000	0.000000e+00
6.564059e+00	6.599887e+00	9.863318e-03	447741.000000	0.000000e+00
6.588587e+00	6.546177e+00	9.716953e-03	453853.000000	0.000000e+00
6.613110e+00	6.509015e+00	9.655646e-03	454431.000000	0.000000e+00
6.637622e+00	6.454147e+00	9.516524e-03	459961.000000	0.000000e+00
6.662172e+00	6.399338e+00	9.407038e-03	462769.000000	0.000000e+00
6.686693e+00	6.363120e+00	9.323726e-03	465759.000000	0.000000e+00
6.711227e+00	6.316834e+00	9.214471e-03	469957.000000	0.000000e+00
6.735777e+00	6.276787e+00	9.121917e-03	473481.000000	0.000000e+00
6.760323e+00	6.242123e+00	9.045178e-03	476245.000000	0.000000e+00
6.784855e+00	6.187367e+00	8.927877e-03	480303.000000	0.000000e+00
6.809427e+00	6.166283e+00	8.858167e-03	484573.000000	0.000000e+00
6.833979e+00	6.115898e+00	8.768432e-03	486493.000000	0.000000e+00
6.858503e+00	6.044308e+00	8.629347e-03	490611.000000	0.000000e+00
6.883055e+00	6.022883e+00	8.566881e-03	494269.000000	0.000000e+00
6.907584e+00	5.976668e+00	8.475395e-03	497277.000000	0.000000e+00
6.932134e+00	5.930403e+00	8.372760e-03	501685.000000	0.000000e+00
6.956669e+00	5.890676e+00	8.296439e-03	504135.000000	0.000000e+00
6.981221e+00	5.857220e+00	8.208600e-03	509149.000000	0.000000e+00
7.005753e+00	5.810008e+00	8.130658e-03	510625.000000	0.000000e+00
7.030233e+00	5.790530e+00	8.073274e-03	514443.000000	0.000000e+00
7.054782e+00	5.742928e+00	7.963755e-03	520033.000000	0.000000e+00
7.079343e+00	5.699936e+00	7.883276e-03	522789.000000	0.000000e+00
7.103883e+00	5.665492e+00	7.811618e-03	526009.000000	0.000000e+00
7.128424e+00	5.632906e+00	7.733926e-03	530475.000000	0.000000e+00
7.152965e+00	5.589045e+00	7.655558e-03	532993.000000	0.000000e+00
7.177501e+00	5.555202e+00	7.577028e-03	537529.000000	0.000000e+00
7.202013e+00	5.527440e+00	7.524046e-03	539691.000000	0.000000e+00
7.226577e+00	5.476480e+00	7.407165e-03	546637.000000	0.000000e+00
7.251125e+00	5.464921e+00	7.389368e-03	546957.000000	0.000000e+00
7.275651e+00	5.412615e+00	7.280816e-03	552655.000000	0.000000e+00
7.300226e+00	5.377111e+00	7.206855e-03	556681.000000	0.000000e+00
7.324759e+00	5.325609e+00	7.126188e-03	558501.000000	0.000000e+00
7.349299e+00	5.300993e+00	7.057377e-03	564193.000000	0.000000e+00
7.373825e+00	5.278385e+00	7.018837e-03	565551.000000	0.000000e+00
7.398312e+00	5.245939e+00	6.949434e-03	569833.000000	0.000000e+00
7.422892e+00	5.197203e+00	6.839674e-03	577389.000000	0.000000e+00
7.447442e+00	5.169452e+00	6.809395e-03	576331.000000	0.000000e+00
7.471956e+00	5.136789e+00	6.728407e-03	582853.000000	0.000000e+00
7.496499e+00	5.106346e+00	6.671133e-03	585897.000000	0.000000e+00
7.521014e+00	5.060573e+00	6.595928e-03	588637.000000	0.000000e+00
7.545557e+00	5.040820e+00	6.533579e-03	595251.000000	0.000000e+00
7.570086e+00	5.022650e+00	6.506760e-03	595849.000000	0.000000e+00
7.594613e+00	4.979767e+00	6.416815e-03	602253.000000	0.000000e+00
7.619172e+00	4.960303e+00	6.372663e-03	605863.000000	0.000000e+00
7.643756e+00	4.920549e+00	6.295615e-03	610873.000000	0.000000e+00
7.668263e+00	4.883619e+00	6.251025e-03	610353.000000	0.000000e+00
7.692777e+00	4.851230e+00	6.168002e-03	618607.000000	0.000000e+00
7.717371e+00	4.829393e+00	6.122556e-03	622185.000000	0.000000e+00
7.741929e+00	4.796874e+00	6.066469e-03	625237.000000	0.000000e+00
7.766457e+00	4.772230e+00	6.021872e-03	628029.000000	0.000000e+00
7.790953e+00	4.748758e+00	5.973517e-03	631975.000000	0.000000e+00
7.815489e+00	4.710849e+00	5.899980e-03	637525.000000	0.000000e+00
7.840050e+00	4.680084e+00	5.841872e-03	641805.000000	0.000000e+00
7.864588e+00	4.653049e+00	5.796767e-03	644323.000000	0.000000e+00
7.889126e+00	4.628023e+00	5.743056e-03	649389.000000	0.000000e+00
7.913643e+00	4.601520e+00	5.699995e-03	651709.000000	0.000000e+00
7.938181e+00	4.566552e+00	5.628252e-03	658309.000000	0.000000e+00
7.962760e+00	4.545989e+00	5.584706e-03	662607.000000	0.000000e+00
7.987311e+00	4.527851e+00	5.555595e-03	664237.000000	0.000000e+00
8.011811e+00	4.484921e+00	5.486706e-03	668169.000000	0.000000e+00
8.036325e+00	4.471481e+00	5.448106e-03	673615.000000	0.000000e+00
8.060868e+00	4.447500e+00	5.402733e-03	677649.000000	0.000000e+00
8.085446e+00	4.421017e+00	5.345989e-03	683893.000000	0.000000e+00
8.109989e+00	4.387653e+00	5.305599e-03	683905.000000	0.000000e+00
8.134471e+00	4.364448e+00	5.258558e-03	688851.000000	0.000000e+00
8.159038e+00	4.334509e+00	5.191163e-03	697189.000000	0.000000e+00
8.183598e+00	4.303147e+00	5.157080e-03	696249.000000	0.000000e+00
8.208073e+00	4.290452e+00	5.122969e-03	701395.000000	0.000000e+00
8.232590e+00	4.256948e+00	5.064577e-03	706497.000000	0.000000e+00
8.257144e+00	4.243572e+00	5.028109e-03	712285.000000	0.000000e+00
8.281710e+00	4.220661e+00	4.989145e-03	715663.000000	0.000000e+00
8.306271e+00	4.200247e+00	4.949843e-03	720057.000000	0.000000e+00
8.330826e+00	4.166490e+00	4.894696e-03	724585.000000	0.000000e+00
8.355374e+00	4.135982e+00	4.849921e-03	727257.000000	0.000000e+00
8.379901e+00	4.127089e+00	4.821475e-03	732703.000000	0.000000e+00
8.404418e+00	4.106464e+00	4.790434e-03	734829.000000	0.000000e+00
8.428928e+00	4.079884e+00	4.740562e-03	740689.000000	0.000000e+00
8.453504e+00	4.052983e+00	4.686300e-03	747979.000000	0.000000e+00
8.478051e+00	4.034782e+00	4.668395e-03	746973.000000	0.000000e+00
8.502580e+00	4.010788e+00	4.611780e-03	756349.000000	0.000000e+00
8.527138e+00	3.984941e+00	4.581200e-03	756633.000000	0.000000e+00
8.551634e+00	3.966632e+00	4.545260e-03	761599.000000	0.000000e+00
8.576156e+00	3.939731e+00	4.498005e-03	767173.000000	0.000000e+00
8.600697e+00	3.919191e+00	4.462680e-03	771261.000000	0.000000e+00
8.625259e+00	3.898140e+00	4.420766e-03	777535.000000	0.000000e+00
8.649836e+00	3.879382e+00	4.390753e-03	780633.000000	0.000000e+00
8.674376e+00	3.862848e+00	4.360615e-03	784729.000000	0.000000e+00
8.698927e+00	3.838770e+00	4.319645e-03	789747.000000	0.000000e+00
8.723450e+00	3.814168e+00	4.286142e-03	791893.000000	0.000000e+00
8.747957e+00	3.789486e+00	4.242939e-03	797677.000000	0.000000e+00
8.772521e+00	3.773464e+00	4.207231e-03	804429.000000	0.000000e+00
8.797047e+00	3.764727e+00	4.197214e-03	804535.000000	0.000000e+00
8.821541e+00	3.737129e+00	4.150160e-03	810861.000000	0.000000e+00
8.846076e+00	3.723137e+00	4.120761e-03	816325.000000	0.000000e+00
8.870641e+00	3.686467e+00	4.065080e-03	822399.000000	0.000000e+00
8.895170e+00	3.684774e+00	4.062951e-03	822505.000000	0.000000e+00
8.919713e+00	3.661456e+00	4.012553e-03	832657.000000	0.000000e+00
8.944263e+00	3.640086e+00	3.991041e-03	831861.000000	0.000000e+00
8.968772e+00	3.622907e+00	3.954481e-03	839335.000000	0.000000e+00
8.993334e+00	3.599376e+00	3.916298e-03	844701.000000	0.000000e+00
9.017895e+00	3.583430e+00	3.891483e-03	847945.000000	0.000000e+00
9.042430e+00	3.564178e+00	3.859282e-03	852915.000000	0.000000e+00
9.066970e+00	3.544861e+00	3.829678e-03	856789.000000	0.000000e+00
9.091538e+00	3.531553e+00	3.797367e-03	864901.000000	0.000000e+00
9.116063e+00	3.512542e+00	3.782276e-03	862455.000000	0.000000e+00
9.140573e+00	3.494538e+00	3.739065e-03	873481.000000	0.000000e+00
9.165140e+00	3.474869e+00	3.713008e-03	875841.000000	0.000000e+00
9.189653e+00	3.459209e+00	3.690153e-03	878749.000000	0.000000e+00
9.214176e+00	3.440096e+00	3.653672e-03	886507.000000	0.000000e+00
9.238722e+00	3.425434e+00	3.632715e-03	889137.000000	0.000000e+00
9.263252e+00	3.410491e+00	3.604573e-03	895213.000000	0.000000e+00
9.287810e+00	3.396197e+00	3.578588e-03	900663.000000	0.000000e+00
9.312363e+00	3.375430e+00	3.549623e-03	904261.000000	0.000000e+00
9.336898e+00	3.357040e+00	3.520842e-03	909117.000000	0.000000e+00
9.361428e+00	3.346643e+00	3.502587e-03	912937.000000	0.000000e+00
9.385969e+00	3.325371e+00	3.466918e-03	920011.000000	0.000000e+00
9.410496e+00	3.308881e+00	3.447407e-03	921249.000000	0.000000e+00
9.435027e+00	3.293024e+00	3.414661e-03	930025.000000	0.000000e+00
9.459577e+00	3.276656e+00	3.393527e-03	932307.000000	0.000000e+00
9.484080e+00	3.261596e+00	3.371431e-03	935905.000000	0.000000e+00
9.508599e+00	3.241944e+00	3.336950e-03	943869.000000	0.000000e+00
9.533177e+00	3.232777e+00	3.317693e-03	949465.000000	0.000000e+00
9.557740e+00	3.211730e+00	3.290267e-03	952831.000000	0.000000e+00
9.582283e+00	3.196360e+00	3.266240e-03	957669.000000	0.000000e+00
9.606825e+00	3.184632e+00	3.246204e-03	962425.000000	0.000000e+00
9.631356e+00	3.170887e+00	3.224520e-03	967011.000000	0.000000e+00
9.655881e+00	3.152977e+00	3.199172e-03	971329.000000	0.000000e+00
9.680426e+00	3.145622e+00	3.179575e-03	978757.000000	0.000000e+00
9.704942e+00	3.129695e+00	3.163221e-03	978915.000000	0.000000e+00
9.729497e+00	3.112576e+00	3.125774e-03	991573.000000	0.000000e+00
9.754046e+00	3.096982e+00	3.114118e-03	989025.000000	0.000000e+00
9.778535e+00	3.084883e+00	3.091554e-03	995689.000000	0.000000e+00
9.803103e+00	3.072183e+00	3.062388e-03	1006407.000000	0.000000e+00
9.827649e+00	3.060470e+00	3.055437e-03	1003297.000000	0.000000e+00
9.852180e+00	3.043949e+00	3.020520e-03	1015573.000000	0.000000e+00
9.876731e+00	3.035147e+00	3.012406e-03	1015155.000000	0.000000e+00
9.901284e+00	3.018250e+00	2.981033e-03	1025125.000000	0.000000e+00
9.925835e+00	3.008004e+00	2.969321e-03	1026225.000000	0.000000e+00
9.950350e+00	2.993199e+00	2.947300e-03	1031389.000000	0.000000e+00
9.974902e+00	2.980139e+00	2.922189e-03	1040055.000000	0.000000e+00
9.999429e+00	2.964466e+00	2.908317e-03	1038985.000000	0.000000e+00
1.002392e+01	2.944134e+00	2.876370e-03	1047673.000000	0.000000e+00
1.004849e+01	2.944540e+00	2.866130e-03	1055463.000000	0.000000e+00
1.007303e+01	2.931929e+00	2.852901e-03	1056169.000000	0.000000e+00
1.009756e+01	2.922392e+00	2.832481e-03	1064493.000000	0.000000e+00
1.012209e+01	2.907027e+00	2.814801e-03	1066603.000000	0.000000e+00
1.014664e+01	2.897438e+00	2.792895e-03	1076265.000000	0.000000e+00
1.017120e+01	2.877875e+00	2.771315e-03	1078381.000000	0.000000e+00
1.019572e+01	2.877006e+00	2.765298e-03	1082425.000000	0.000000e+00
1.022025e+01	2.856953e+00	2.735894e-03	1090455.000000	0.000000e+00
1.024479e+01	2.851545e+00	2.726969e-03	1093453.000000	0.000000e+00
1.026933e+01	2.836547e+00	2.704128e-03	1100337.000000	0.000000e+00
1.029386e+01	2.826550e+00	2.689823e-03	1104247.000000	0.000000e+00
1.031842e+01	2.814323e+00	2.668655e-03	1112149.000000	0.000000e+00
1.034296e+01	2.804091e+00	2.655721e-03	1114857.000000	0.000000e+00
1.036749e+01	2.789839e+00	2.636112e-03	1120033.000000	0.000000e+00
1.039203e+01	2.779524e+00	2.617488e-03	1127643.000000	0.000000e+00
1.041655e+01	2.774694e+00	2.612135e-03	1128337.000000	0.000000e+00
1.044111e+01	2.761734e+00	2.584755e-03	1141629.000000	0.000000e+00
1.046570e+01	2.752392e+00	2.575432e-03	1142143.000000	0.000000e+00
1.049021e+01	2.740294e+00	2.561052e-03	1144873.000000	0.000000e+00
1.051473e+01	2.732009e+00	2.543006e-03	1154169.000000	0.000000e+00
1.053925e+01	2.717868e+00	2.528913e-03	1155019.000000	0.000000e+00
1.056380e+01	2.710662e+00	2.507993e-03	1168149.000000	0.000000e+00
1.058835e+01	2.701670e+00	2.501288e-03	1166641.000000	0.000000e+00
1.061283e+01	2.690555e+00	2.486581e-03	1170789.000000	0.000000e+00
1.063739e+01	2.680514e+00	2.461647e-03	1185727.000000	0.000000e+00
1.066197e+01	2.671335e+00	2.454938e-03	1184065.000000	0.000000e+00
1.068650e+01	2.661990e+00	2.438742e-03	1191465.000000	0.000000e+00
1.071103e+01	2.652693e+00	2.427136e-03	1194499.000000	0.000000e+00
1.073555e+01	2.638265e+00	2.406462e-03	1201929.000000	0.000000e+00
1.076011e+01	2.631626e+00	2.392865e-03	1209517.000000	0.000000e+00
1.078466e+01	2.626114e+00	2.384984e-03	1212429.000000	0.000000e+00
1.080918e+01	2.615408e+00	2.370902e-03	1216891.000000	0.000000e+00
1.083370e+01	2.608372e+00	2.358895e-03	1222705.000000	0.000000e+00
1.085823e+01	2.601463e+00	2.345022e-03	1230669.000000	0.000000e+00
1.088282e+01	2.593571e+00	2.329860e-03	1239187.000000	0.000000e+00
1.090737e+01	2.577228e+00	2.316556e-03	1237713.000000	0.000000e+00
1.093189e+01	2.575625e+00	2.306707e-03	1246753.000000	0.000000e+00
1.095642e+01	2.564812e+00	2.293813e-03	1250245.000000	0.000000e+00
1.098096e+01	2.559230e+00	2.279843e-03	1260111.000000	0.000000e+00
1.100552e+01	2.553146e+00	2.272769e-03	1261945.000000	0.000000e+00
1.103005e+01	2.543042e+00	2.257776e-03	1268661.000000	0.000000e+00
1.105458e+01	2.535526e+00	2.246307e-03	1274083.000000	0.000000e+00
1.107911e+01	2.530651e+00	2.237313e-03	1279413.000000	0.000000e+00
1.110366e+01	2.520985e+00	2.221815e-03	1287433.000000	0.000000e+00
1.112821e+01	2.523574e+00	2.220906e-03	1291135.000000	0.000000e+00
1.115273e+01	2.505104e+00	2.200899e-03	1295541.000000	0.000000e+00
1.117726e+01	2.500003e+00	2.190175e-03	1302937.000000	0.000000e+00
1.120181e+01	2.491979e+00	2.177551e-03	1309641.000000	0.000000e+00
1.122634e+01	2.491633e+00	2.174959e-03	1312399.000000	0.000000e+00
1.125085e+01	2.484035e+00	2.163051e-03	1318809.000000	0.000000e+00
1.127541e+01	2.475415e+00	2.146789e-03	1329589.000000	0.000000e+00
1.129999e+01	2.466340e+00	2.137207e-03	1331719.000000	0.000000e+00
1.132451e+01	2.463033e+00	2.131538e-03	1335225.000000	0.000000e+00
1.134903e+01	2.454372e+00	2.117342e-03	1343689.000000	0.000000e+00
1.137357e+01	2.449200e+00	2.109363e-03	1348173.000000	0.000000e+00
1.139811e+01	2.444463e+00	2.099008e-03	1356247.000000	0.000000e+00
1.142265e+01	2.440093e+00	2.093218e-03	1358889.000000	0.000000e+00
1.144718e+01	2.434495e+00	2.082042e-03	1367221.000000	0.000000e+00
1.147174e+01	2.430851e+00	2.073758e-03	1374043.000000	0.000000e+00
1.149628e+01	2.420737e+00	2.062707e-03	1377273.000000	0.000000e+00
1.152079e+01	2.416589e+00	2.056091e-03	1381405.000000	0.000000e+00
1.154533e+01	2.408513e+00	2.040657e-03	1393023.000000	0.000000e+00
1.156988e+01	2.409138e+00	2.040546e-03	1393897.000000	0.000000e+00
1.159441e+01	2.399489e+00	2.025826e-03	1402921.000000	0.000000e+00
1.161895e+01	2.395738e+00	2.019220e-03	1407705.000000	0.000000e+00
1.164349e+01	2.395502e+00	2.014391e-03	1414183.000000	0.000000e+00
1.166804e+01	2.385597e+00	2.002097e-03	1419789.000000	0.000000e+00
1.169259e+01	2.384486e+00	1.995864e-03	1427341.000000	0.000000e+00
1.171712e+01	2.379658e+00	1.990750e-03	1428879.000000	0.000000e+00
1.174164e+01	2.375595e+00	1.980867e-03	1438249.000000	0.000000e+00
1.176619e+01	2.374051e+00	1.974701e-03	1445365.000000	0.000000e+00
1.179072e+01	2.366412e+00	1.967492e-03	1446621.000000	0.000000e+00
1.181525e+01	2.364112e+00	1.958269e-03	1457443.000000	0.000000e+00
1.183979e+01	2.356840e+00	1.949829e-03	1461057.000000	0.000000e+00
1.186435e+01	2.358299e+00	1.945060e-03	1470049.000000	0.000000e+00
1.188889e+01	2.352335e+00	1.937926e-03	1473411.000000	0.000000e+00
1.191343e+01	2.352603e+00	1.933884e-03	1479913.000000	0.000000e+00
1.193797e+01	2.346679e+00	1.924549e-03	1486789.000000	0.000000e+00
1.196251e+01	2.349471e+00	1.923673e-03	1491687.000000	0.000000e+00
1.198703e+01	2.342354e+00	1.914355e-03	1497133.000000	0.000000e+00
1.201156e+01	2.338595e+00	1.906242e-03	1505061.000000	0.000000e+00
1.203612e+01	2.337228e+00	1.901074e-03	1511485.000000	0.000000e+00
1.206065e+01	2.337652e+00	1.898932e-03	1515447.000000	0.000000e+00
1.208515e+01	2.334085e+00	1.893302e-03	1519825.000000	0.000000e+00
1.210971e+01	2.331239e+00	1.881193e-03	1535701.000000	0.000000e+00
1.213428e+01	2.328986e+00	1.881610e-03	1532055.000000	0.000000e+00
1.215881e+01	2.328417e+00	1.873216e-03	1545061.000000	0.000000e+00
1.218336e+01	2.326215e+00	1.871113e-03	1545609.000000	0.000000e+00
1.220787e+01	2.323380e+00	1.864716e-03	1552441.000000	0.000000e+00
1.223242e+01	2.324533e+00	1.858818e-03	1563859.000000	0.000000e+00
1.225696e+01	2.321437e+00	1.856512e-03	1563573.000000	0.000000e+00
1.228148e+01	2.319877e+00	1.849332e-03	1573621.000000	0.000000e+00
1.230602e+01	2.323418e+00	1.849181e-03	1578687.000000	0.000000e+00
1.233056e+01	2.320236e+00	1.842606e-03	1585621.000000	0.000000e+00
1.235512e+01	2.318453e+00	1.835637e-03	1595229.000000	0.000000e+00
1.237965e+01	2.324336e+00	1.841387e-03	1593337.000000	0.000000e+00
1.240419e+01	2.319086e+00	1.827840e-03	1609747.000000	0.000000e+00
1.242874e+01	2.319544e+00	1.829686e-03	1607133.000000	0.000000e+00
1.245325e+01	2.320162e+00	1.824980e-03	1616293.000000	0.000000e+00
1.247780e+01	2.321520e+00	1.819689e-03	1627611.000000	0.000000e+00
1.250235e+01	2.323244e+00	1.821693e-03	1626445.000000	0.000000e+00
1.252688e+01	2.323381e+00	1.814773e-03	1639065.000000	0.000000e+00
1.255143e+01	2.321256e+00	1.811696e-03	1641631.000000	0.000000e+00
1.257596e+01	2.319614e+00	1.808499e-03	1645109.500000	0.000000e+00
1.260049e+01	2.314900e+00	1.806393e-03	1642254.000000	0.000000e+00
1.262503e+01	2.308522e+00	1.803130e-03	1639132.000000	0.000000e+00
1.264958e+01	2.301928e+00	1.799198e-03	1636914.000000	0.000000e+00
1.267411e+01	2.296627e+00	1.798480e-03	1630684.000000	0.000000e+00
1.269864e+01	2.293052e+00	1.796761e-03	1628722.000000	0.000000e+00
1.272316e+01	2.282951e+00	1.791212e-03	1624422.000000	0.000000e+00
1.274773e+01	2.277992e+00	1.785757e-03	1627270.000000	0.000000e+00
1.277225e+01	2.270803e+00	1.788456e-03	1612140.000000	0.000000e+00
1.279677e+01	2.265402e+00	1.780099e-03	1619578.000000	0.000000e+00
1.282133e+01	2.258855e+00	1.780222e-03	1610010.000000	0.000000e+00
1.284587e+01	2.253868e+00	1.775908e-03	1610704.000000	0.000000e+00
1.287043e+01	2.247955e+00	1.774249e-03	1605262.000000	0.000000e+00
1.289495e+01	2.243227e+00	1.773781e-03	1599360.000000	0.000000e+00
1.291951e+01	2.235330e+00	1.766117e-03	1601932.000000	0.000000e+00
1.294403e+01	2.227168e+00	1.767046e-03	1588584.000000	0.000000e+00
1.296853e+01	2.217887e+00	1.757985e-03	1591654.000000	0.000000e+00
1.299309e+01	2.216194e+00	1.758093e-03	1589028.000000	0.000000e+00
1.301763e+01	2.209330e+00	1.756937e-03	1581280.000000	0.000000e+00
1.304217e+01	2.204964e+00	1.753595e-03	1581046.000000	0.000000e+00
1.306670e+01	2.197511e+00	1.751045e-03	1574952.000000	0.000000e+00
1.309123e+01	2.190674e+00	1.747537e-03	1571458.000000	0.000000e+00
1.311579e+01	2.184306e+00	1.742599e-03	1571202.000000	0.000000e+00
1.314034e+01	2.180899e+00	1.743608e-03	1564492.000000	0.000000e+00
1.316488e+01	2.177844e+00	1.743326e-03	1560618.000000	0.000000e+00
1.318940e+01	2.171434e+00	1.740807e-03	1555936.000000	0.000000e+00
1.321393e+01	2.164839e+00	1.737562e-03	1552282.000000	0.000000e+00
1.323848e+01	2.161454e+00	1.735106e-03	1551816.000000	0.000000e+00
1.326302e+01	2.152425e+00	1.732888e-03	1542820.000000	0.000000e+00
1.328757e+01	2.150571e+00	1.730482e-03	1544448.000000	0.000000e+00
1.331210e+01	2.142361e+00	1.729354e-03	1534678.000000	0.000000e+00
1.333662e+01	2.140228e+00	1.728420e-03	1533280.000000	0.000000e+00
1.336117e+01	2.137739e+00	1.727650e-03	1531080.000000	0.000000e+00
1.338570e+01	2.130445e+00	1.726254e-03	1523110.000000	0.000000e+00
1.341022e+01	2.125444e+00	1.723260e-03	1521240.000000	0.000000e+00
1.343476e+01	2.120329e+00	1.721584e-03	1516876.000000	0.000000e+00
1.345932e+01	2.114311e+00	1.717417e-03	1515606.000000	0.000000e+00
1.348389e+01	2.110303e+00	1.716723e-03	1511086.000000	0.000000e+00
1.350843e+01	2.106060e+00	1.718070e-03	1502656.000000	0.000000e+00
1.353293e+01	2.100713e+00	1.715949e-03	1498734.000000	0.000000e+00
1.355748e+01	2.098260e+00	1.714067e-03	1498522.000000	0.000000e+00
1.358203e+01	2.092773e+00	1.713484e-03	1491708.000000	0.000000e+00
1.360658e+01	2.087175e+00	1.710121e-03	1489582.000000	0.000000e+00
1.363111e+01	2.083636e+00	1.712317e-03	1480728.000000	0.000000e+00
1.365563e+01	2.077831e+00	1.707634e-03	1480576.000000	0.000000e+00
1.368019e+01	2.080107e+00	1.712230e-03	1475866.000000	0.000000e+00
1.370473e+01	2.074477e+00	1.711266e-03	1469544.000000	0.000000e+00
1.372924e+01	2.069449e+00	1.710435e-03	1463848.000000	0.000000e+00
1.375380e+01	2.063271e+00	1.703423e-03	1467126.000000	0.000000e+00
1.377836e+01	2.059728e+00	1.707824e-03	1454566.000000	0.000000e+00
1.380287e+01	2.051882e+00	1.703050e-03	1451610.000000	0.000000e+00
1.382737e+01	2.049543e+00	1.704513e-03	1445818.000000	0.000000e+00
1.385191e+01	2.047133e+00	1.702392e-03	1446016.000000	0.000000e+00
1.387648e+01	2.045984e+00	1.704791e-03	1440330.000000	0.000000e+00
1.390103e+01	2.042464e+00	1.704279e-03	1436242.000000	0.000000e+00
1.392557e+01	2.036161e+00	1.703930e-03	1427976.000000	0.000000e+00
1.395012e+01	2.031426e+00	1.699411e-03	1428910.000000	0.000000e+00
1.397464e+01	2.028898e+00	1.705368e-03	1415416.000000	0.000000e+00
1.399917e+01	2.025667e+00	1.699527e-03	1420626.000000	0.000000e+00
1.402372e+01	2.020657e+00	1.702615e-03	1408486.000000	0.000000e+00
1.404824e+01	2.016304e+00	1.699822e-03	1407036.000000	0.000000e+00
1.407278e+01	2.013783e+00	1.700485e-03	1402426.000000	0.000000e+00
1.409731e+01	2.012645e+00	1.703814e-03	1395372.000000	0.000000e+00
1.412183e+01	2.003093e+00	1.697452e-03	1392538.000000	0.000000e+00
1.414639e+01	2.004753e+00	1.700207e-03	1390330.000000	0.000000e+00
1.417094e+01	1.997692e+00	1.700234e-03	1380510.000000	0.000000e+00
1.419546e+01	1.995722e+00	1.699368e-03	1379194.000000	0.000000e+00
1.422001e+01	1.992040e+00	1.700427e-03	1372398.000000	0.000000e+00
1.424455e+01	1.991973e+00	1.702382e-03	1369156.000000	0.000000e+00
1.426908e+01	1.990249e+00	1.706092e-03	1360848.000000	0.000000e+00
1.429362e+01	1.982399e+00	1.699316e-03	1360924.000000	0.000000e+00
1.431818e+01	1.978952e+00	1.701651e-03	1352476.000000	0.000000e+00
1.434273e+01	1.981546e+00	1.705655e-03	1349664.000000	0.000000e+00
1.436724e+01	1.976815e+00	1.708479e-03	1338790.000000	0.000000e+00
1.439177e+01	1.973413e+00	1.703421e-03	1342122.000000	0.000000e+00
1.441633e+01	1.972224e+00	1.709360e-03	1331206.000000	0.000000e+00
1.444087e+01	1.967286e+00	1.706479e-03	1329024.000000	0.000000e+00
1.446541e+01	1.964801e+00	1.708922e-03	1321882.000000	0.000000e+00
1.448996e+01	1.963740e+00	1.709645e-03	1319338.000000	0.000000e+00
1.451448e+01	1.956834e+00	1.710412e-03	1308900.000000	0.000000e+00
1.453902e+01	1.958147e+00	1.710761e-03	1310122.000000	0.000000e+00
1.456356e+01	1.954765e+00	1.714520e-03	1299882.000000	0.000000e+00
1.458809e+01	1.951710e+00	1.714189e-03	1296322.000000	0.000000e+00
1.461262e+01	1.951441e+00	1.716725e-03	1292140.000000	0.000000e+00
1.463716e+01	1.948857e+00	1.719604e-03	1284408.000000	0.000000e+00
1.466171e+01	1.943004e+00	1.715270e-03	1283164.000000	0.000000e+00
1.468625e+01	1.944476e+00	1.723039e-03	1273548.000000	0.000000e+00
1.471078e+01	1.939062e+00	1.720733e-03	1269862.000000	0.000000e+00
1.473534e+01	1.942822e+00	1.725981e-03	1267050.000000	0.000000e+00
1.475987e+01	1.936280e+00	1.728127e-03	1255408.000000	0.000000e+00
1.478439e+01	1.933326e+00	1.725454e-03	1255462.000000	0.000000e+00
1.480894e+01	1.931033e+00	1.729383e-03	1246800.000000	0.000000e+00
1.483348e+01	1.929020e+00	1.729314e-03	1244302.000000	0.000000e+00
1.485802e+01	1.924879e+00	1.732001e-03	1235124.000000	0.000000e+00
1.488256e+01	1.925593e+00	1.734115e-03	1233028.000000	0.000000e+00
1.490708e+01	1.922454e+00	1.738578e-03	1222710.000000	0.000000e+00
1.493162e+01	1.924721e+00	1.741130e-03	1222006.000000	0.000000e+00
1.495618e+01	1.919948e+00	1.741268e-03	1215760.000000	0.000000e+00
1.498071e+01	1.918211e+00	1.746105e-03	1206846.000000	0.000000e+00
1.500525e+01	1.917692e+00	1.747364e-03	1204456.000000	0.000000e+00
1.502980e+01	1.914371e+00	1.749288e-03	1197648.000000	0.000000e+00
1.505434e+01	1.913906e+00	1.754027e-03	1190608.000000	0.000000e+00
1.507886e+01	1.914987e+00	1.758351e-03	1186098.000000	0.000000e+00
1.510342e+01	1.907891e+00	1.755459e-03	1181206.000000	0.000000e+00
1.512796e+01	1.909672e+00	1.763456e-03	1172704.000000	0.000000e+00
1.515246e+01	1.913045e+00	1.770564e-03	1167420.000000	0.000000e+00
1.517700e+01	1.907251e+00	1.768373e-03	1163236.000000	0.000000e+00
1.520157e+01	1.907328e+00	1.771534e-03	1159182.000000	0.000000e+00
1.522611e+01	1.906678e+00	1.779853e-03	1147588.000000	0.000000e+00
1.525063e+01	1.908577e+00	1.782662e-03	1146256.000000	0.000000e+00
1.527518e+01	1.905810e+00	1.786535e-03	1137984.000000	0.000000e+00
1.529972e+01	1.901755e+00	1.786630e-03	1133026.000000	0.000000e+00
1.532424e+01	1.907344e+00	1.797931e-03	1125414.000000	0.000000e+00
1.534877e+01	1.903090e+00	1.797428e-03	1121026.000000	0.000000e+00
1.537332e+01	1.905151e+00	1.803945e-03	1115352.000000	0.000000e+00
1.539786e+01	1.906925e+00	1.811797e-03	1107766.000000	0.000000e+00
1.542240e+01	1.902178e+00	1.810684e-03	1103614.000000	0.000000e+00
1.544694e+01	1.903565e+00	1.818853e-03	1095318.000000	0.000000e+00
1.547149e+01	1.902981e+00	1.821883e-03	1091008.000000	0.000000e+00
1.549603e+01	1.903862e+00	1.828546e-03	1084074.000000	0.000000e+00
1.552054e+01	1.902353e+00	1.835509e-03	1074160.000000	0.000000e+00
1.554506e+01	1.901359e+00	1.835333e-03	1073244.000000	0.000000e+00
1.556963e+01	1.904026e+00	1.843659e-03	1066558.000000	0.000000e+00
1.559418e+01	1.902191e+00	1.849383e-03	1057924.000000	0.000000e+00
1.561873e+01	1.905476e+00	1.855978e-03	1054050.000000	0.000000e+00
1.564327e+01	1.904019e+00	1.863209e-03	1044286.000000	0.000000e+00
1.566780e+01	1.899777e+00	1.861448e-03	1041606.000000	0.000000e+00
1.569233e+01	1.902785e+00	1.874144e-03	1030798.000000	0.000000e+00
1.571685e+01	1.901188e+00	1.875526e-03	1027552.000000	0.000000e+00
1.574141e+01	1.902132e+00	1.882157e-03	1021338.000000	0.000000e+00
1.576595e+01	1.904148e+00	1.891575e-03	1013338.000000	0.000000e+00
1.579049e+01	1.903442e+00	1.895699e-03	1008186.000000	0.000000e+00
1.581502e+01	1.908068e+00	1.908646e-03	999394.000000	0.000000e+00
1.583955e+01	1.906044e+00	1.911117e-03	994698.000000	0.000000e+00
1.586407e+01	1.905538e+00	1.917984e-03	987064.000000	0.000000e+00
1.588861e+01	1.908982e+00	1.927335e-03	981046.000000	0.000000e+00
1.591315e+01	1.908853e+00	1.932796e-03	975378.000000	0.000000e+00
1.593770e+01	1.912833e+00	1.944149e-03	968044.000000	0.000000e+00
1.596225e+01	1.910969e+00	1.948864e-03	961488.000000	0.000000e+00
1.598677e+01	1.914227e+00	1.960564e-03	953290.000000	0.000000e+00
1.601131e+01	1.913318e+00	1.963986e-03	949068.000000	0.000000e+00
1.603586e+01	1.914278e+00	1.973413e-03	940966.000000	0.000000e+00
1.606040e+01	1.921661e+00	1.988360e-03	934036.000000	0.000000e+00
1.608493e+01	1.918644e+00	1.992075e-03	927636.000000	0.000000e+00
1.610947e+01	1.918886e+00	2.000790e-03	919804.000000	0.000000e+00
1.613400e+01	1.922850e+00	2.011294e-03	913986.000000	0.000000e+00
1.615854e+01	1.927809e+00	2.023604e-03	907564.000000	0.000000e+00
1.618310e+01	1.929249e+00	2.033065e-03	900480.000000	0.000000e+00
1.620765e+01	1.931622e+00	2.043604e-03	893410.000000	0.000000e+00
1.623216e+01	1.932062e+00	2.055636e-03	883384.000000	0.000000e+00
1.625669e+01	1.935102e+00	2.061678e-03	880980.000000	0.000000e+00
1.628123e+01	1.934060e+00	2.072054e-03	871240.000000	0.000000e+00
1.630580e+01	1.939392e+00	2.082336e-03	867420.000000	0.000000e+00
1.633036e+01	1.940545e+00	2.095570e-03	857518.000000	0.000000e+00
1.635486e+01	1.945667e+00	2.112072e-03	848632.000000	0.000000e+00
1.637939e+01	1.949981e+00	2.120534e-03	845610.000000	0.000000e+00
1.640395e+01	1.946614e+00	2.128590e-03	836326.000000	0.000000e+00
1.642848e+01	1.951886e+00	2.143375e-03	829302.000000	0.000000e+00
1.645298e+01	1.956713e+00	2.160196e-03	820480.000000	0.000000e+00
1.647753e+01	1.955477e+00	2.163398e-03	817020.000000	0.000000e+00
1.650209e+01	1.958082e+00	2.177836e-03	808372.000000	0.000000e+00
1.652660e+01	1.960414e+00	2.194169e-03	798280.000000	0.000000e+00
1.655114e+01	1.960864e+00	2.198308e-03	795642.000000	0.000000e+00
1.657571e+01	1.966003e+00	2.217178e-03	786262.000000	0.000000e+00
1.660025e+01	1.970133e+00	2.233779e-03	777876.000000	0.000000e+00
1.662478e+01	1.972360e+00	2.244189e-03	772420.000000	0.000000e+00
1.664931e+01	1.974638e+00	2.261458e-03	762426.000000	0.000000e+00
1.667386e+01	1.983174e+00	2.276556e-03	758866.000000	0.000000e+00
1.669842e+01	1.981180e+00	2.290295e-03	748282.000000	0.000000e+00
1.672293e+01	1.983324e+00	2.304254e-03	740844.000000	0.000000e+00
1.674748e+01	1.987799e+00	2.317135e-03	735940.000000	0.000000e+00
1.677204e+01	1.995365e+00	2.342055e-03	725856.000000	0.000000e+00
1.679655e+01	1.997200e+00	2.355946e-03	718642.000000	0.000000e+00
1.682107e+01	2.000809e+00	2.371883e-03	711582.000000	0.000000e+00
1.684563e+01	2.004365e+00	2.387554e-03	704770.000000	0.000000e+00
1.687018e+01	2.007511e+00	2.404800e-03	696880.000000	0.000000e+00
1.689472e+01	2.010947e+00	2.424599e-03	687894.000000	0.000000e+00
1.691924e+01	2.015726e+00	2.441238e-03	681778.000000	0.000000e+00
1.694378e+01	2.010718e+00	2.451895e-03	672510.000000	0.000000e+00
1.696830e+01	2.028068e+00	2.485381e-03	665854.000000	0.000000e+00
1.699283e+01	2.027784e+00	2.500549e-03	657616.000000	0.000000e+00
1.701740e+01	2.028928e+00	2.513137e-03	651780.000000	0.000000e+00
1.704195e+01	2.032592e+00	2.536712e-03	642034.000000	0.000000e+00
1.706646e+01	2.032766e+00	2.554896e-03	633036.000000	0.000000e+00
1.709097e+01	2.041616e+00	2.576854e-03	627724.000000	0.000000e+00
1.711553e+01	2.040530e+00	2.593074e-03	619236.000000	0.000000e+00
1.714008e+01	2.042066e+00	2.612863e-03	610810.000000	0.000000e+00
1.716463e+01	2.053394e+00	2.640462e-03	604762.000000	0.000000e+00
1.718918e+01	2.049080e+00	2.659228e-03	593754.000000	0.000000e+00
1.721369e+01	2.062417e+00	2.690169e-03	587752.000000	0.000000e+00
1.723823e+01	2.055565e+00	2.701894e-03	578796.000000	0.000000e+00
1.726278e+01	2.070106e+00	2.737292e-03	571930.000000	0.000000e+00
1.728731e+01	2.060821e+00	2.746648e-03	562956.000000	0.000000e+00
1.731188e+01	2.064036e+00	2.767715e-03	556150.000000	0.000000e+00
1.733641e+01	2.071932e+00	2.803150e-03	546334.000000	0.000000e+00
1.736091e+01	2.068742e+00	2.821494e-03	537594.000000	0.000000e+00
1.738543e+01	2.079250e+00	2.849732e-03	532360.000000	0.000000e+00
1.741000e+01	2.074239e+00	2.870969e-03	521988.000000	0.000000e+00
1.743456e+01	2.076117e+00	2.890486e-03	515896.000000	0.000000e+00
1.745909e+01	2.076471e+00	2.921092e-03	505314.000000	0.000000e+00
1.748363e+01	2.078620e+00	2.943566e-03	498658.000000	0.000000e+00
1.750818e+01	2.080119e+00	2.971399e-03	490066.000000	0.000000e+00
1.753269e+01	2.074418e+00	2.994258e-03	479970.000000	0.000000e+00
1.755722e+01	2.087901e+00	3.031246e-03	474436.000000	0.000000e+00
1.758176e+01	2.075150e+00	3.046491e-03	463980.000000	0.000000e+00
1.760629e+01	2.079811e+00	3.077290e-03	456784.000000	0.000000e+00
1.763083e+01	2.080482e+00	3.107045e-03	448366.000000	0.000000e+00
1.765539e+01	2.079006e+00	3.134569e-03	439902.000000	0.000000e+00
1.767993e+01	2.072195e+00	3.155821e-03	431158.000000	0.000000e+00
1.770446e+01	2.065877e+00	3.177228e-03	422778.000000	0.000000e+00
1.772897e+01	2.072319e+00	3.222365e-03	413584.000000	0.000000e+00
1.775351e+01	2.062643e+00	3.235193e-03	406488.000000	0.000000e+00
1.777808e+01	2.054010e+00	3.256829e-03	397754.500000	0.000000e+00
1.780261e+01	2.046400e+00	3.280444e-03	389149.000000	0.000000e+00
1.782713e+01	2.054241e+00	3.322827e-03	382197.000000	0.000000e+00
1.785169e+01	2.045285e+00	3.337143e-03	375628.000000	0.000000e+00
1.787623e+01	2.041979e+00	3.367237e-03	367752.000000	0.000000e+00
1.790076e+01	2.043450e+00	3.396713e-03	361918.000000	0.000000e+00
1.792530e+01	2.037899e+00	3.419689e-03	355134.000000	0.000000e+00
1.794985e+01	2.035698e+00	3.447529e-03	348667.000000	0.000000e+00
1.797440e+01	2.041055e+00	3.485268e-03	342955.000000	0.000000e+00
1.799891e+01	2.036186e+00	3.514199e-03	335724.000000	0.000000e+00
1.802344e+01	2.036949e+00	3.540321e-03	331036.000000	0.000000e+00
1.804802e+01	2.044211e+00	3.583425e-03	325428.000000	0.000000e+00
1.807255e+01	2.039982e+00	3.616097e-03	318253.000000	0.000000e+00
1.809707e+01	2.037985e+00	3.636726e-03	314037.000000	0.000000e+00
1.812164e+01	2.041070e+00	3.676864e-03	308149.000000	0.000000e+00
1.814617e+01	2.045668e+00	3.720891e-03	302257.000000	0.000000e+00
1.817068e+01	2.043221e+00	3.748448e-03	297117.000000	0.000000e+00
1.819523e+01	2.036988e+00	3.765459e-03	292645.000000	0.000000e+00
1.821979e+01	2.046521e+00	3.819799e-03	287046.000000	0.000000e+00
1.824431e+01	2.047287e+00	3.859859e-03	281329.000000	0.000000e+00
1.826883e+01	2.048415e+00	3.889899e-03	277306.000000	0.000000e+00
1.829337e+01	2.046536e+00	3.922598e-03	272202.000000	0.000000e+00
1.831793e+01	2.045473e+00	3.953256e-03	267718.000000	0.000000e+00
1.834250e+01	2.054474e+00	4.006284e-03	262977.000000	0.000000e+00
1.836701e+01	2.053701e+00	4.050519e-03	257071.000000	0.000000e+00
1.839152e+01	2.067184e+00	4.103738e-03	253746.000000	0.000000e+00
1.841609e+01	2.059583e+00	4.125358e-03	249250.000000	0.000000e+00
1.844064e+01	2.066119e+00	4.181244e-03	244174.000000	0.000000e+00
1.846515e+01	2.065752e+00	4.215908e-03	240090.000000	0.000000e+00
1.848971e+01	2.070542e+00	4.262152e-03	235999.000000	0.000000e+00
1.851428e+01	2.070663e+00	4.300964e-03	231786.000000	0.000000e+00
1.853881e+01	2.078481e+00	4.361909e-03	227059.000000	0.000000e+00
1.856328e+01	2.077423e+00	4.405336e-03	222378.000000	0.000000e+00
1.858784e+01	2.088760e+00	4.451279e-03	220195.000000	0.000000e+00
1.861244e+01	2.086290e+00	4.499387e-03	215002.000000	0.000000e+00
1.863693e+01	2.083998e+00	4.541852e-03	210537.000000	0.000000e+00
1.866143e+01	2.100558e+00	4.613872e-03	207271.000000	0.000000e+00
1.868601e+01	2.099032e+00	4.648805e-03	203871.000000	0.000000e+00
1.871055e+01	2.102401e+00	4.709856e-03	199258.000000	0.000000e+00
1.873503e+01	2.110921e+00	4.776242e-03	195331.000000	0.000000e+00
1.875958e+01	2.105492e+00	4.793398e-03	192939.000000	0.000000e+00
1.878417e+01	2.109967e+00	4.861172e-03	188395.000000	0.000000e+00
1.880870e+01	2.117831e+00	4.924084e-03	184983.000000	0.000000e+00
1.883322e+01	2.124097e+00	4.989677e-03	181219.000000	0.000000e+00
1.885775e+01	2.138324e+00	5.070038e-03	177879.000000	0.000000e+00
1.888231e+01	2.132909e+00	5.104011e-03	174631.000000	0.000000e+00
1.890684e+01	2.134615e+00	5.163566e-03	170899.000000	0.000000e+00
1.893134e+01	2.160401e+00	5.279472e-03	167451.000000	0.000000e+00
1.895590e+01	2.157017e+00	5.312222e-03	164875.000000	0.000000e+00
1.898046e+01	2.166437e+00	5.401544e-03	160863.000000	0.000000e+00
1.900495e+01	2.168978e+00	5.463576e-03	157600.000000	0.000000e+00
1.902946e+01	2.166296e+00	5.505045e-03	154851.000000	0.000000e+00
1.905406e+01	2.182977e+00	5.597026e-03	152119.000000	0.000000e+00
1.907863e+01	2.185144e+00	5.672141e-03	148411.000000	0.000000e+00
1.910311e+01	2.188510e+00	5.748459e-03	144942.000000	0.000000e+00
1.912765e+01	2.197573e+00	5.810859e-03	143023.000000	0.000000e+00
1.915226e+01	2.207433e+00	5.906810e-03	139659.000000	0.000000e+00
1.917678e+01	2.215809e+00	6.003161e-03	136240.000000	0.000000e+00
1.920124e+01	2.216465e+00	6.068090e-03	133419.000000	0.000000e+00
1.922581e+01	2.218544e+00	6.120384e-03	131395.000000	0.000000e+00
1.925040e+01	2.221593e+00	6.211386e-03	127924.000000	0.000000e+00
1.927489e+01	2.235202e+00	6.321626e-03	125019.000000	0.000000e+00
1.929941e+01	2.240083e+00	6.393664e-03	122752.000000	0.000000e+00
1.932402e+01	2.251344e+00	6.490233e-03	120327.000000	0.000000e+00
1.934855e+01	2.259842e+00	6.616103e-03	116668.000000	0.000000e+00
1.937298e+01	2.282201e+00	6.752696e-03	114223.000000	0.000000e+00
1.939755e+01	2.291932e+00	6.824401e-03	112791.000000	0.000000e+00
1.942217e+01	2.284376e+00	6.909294e-03	109312.000000	0.000000e+00
1.944667e+01	2.300994e+00	7.036976e-03	106920.000000	0.000000e+00
1.947113e+01	2.318209e+00	7.188289e-03	104005.000000	0.000000e+00
1.949570e+01	2.330230e+00	7.267647e-03	102804.000000	0.000000e+00
1.952032e+01	2.346973e+00	7.435512e-03	99631.000000	0.000000e+00
1.954482e+01	2.336592e+00	7.498171e-03	97108.000000	0.000000e+00
1.956930e+01	2.354347e+00	7.641124e-03	94935.000000	0.000000e+00
1.959391e+01	2.357309e+00	7.723777e-03	93148.000000	0.000000e+00
1.961850e+01	2.386798e+00	7.940657e-03	90348.000000	0.000000e+00
1.964294e+01	2.374573e+00	8.018225e-03	87703.000000	0.000000e+00
1.966740e+01	2.395437e+00	8.164766e-03	86076.000000	0.000000e+00
1.969204e+01	2.413182e+00	8.306513e-03	84400.000000	0.000000e+00
1.971660e+01	2.420444e+00	8.487250e-03	81331.000000	0.000000e+00
1.974103e+01	2.453669e+00	8.704896e-03	79452.000000	0.000000e+00
1.976563e+01	2.449710e+00	8.762385e-03	78160.000000	0.000000e+00
1.979032e+01	2.460246e+00	8.938965e-03	75750.000000	0.000000e+00
1.981482e+01	2.486426e+00	9.193424e-03	73147.000000	0.000000e+00
1.983914e+01	2.495231e+00	9.376859e-03	70812.000000	0.000000e+00
1.986374e+01	2.505283e+00	9.426355e-03	70636.000000	0.000000e+00
1.988844e+01	2.501292e+00	9.622060e-03	67576.000000	0.000000e+00
1.991292e+01	2.547542e+00	9.936868e-03	65727.000000	0.000000e+00
1.993736e+01	2.545353e+00	1.008221e-02	63736.000000	0.000000e+00
1.996197e+01	2.558407e+00	1.021827e-02	62688.000000	0.000000e+00
1.998658e+01	2.555120e+00	1.041009e-02	60244.000000	0.000000e+00
2.001095e+01	2.600900e+00	1.079295e-02	58072.000000	0.000000e+00
2.003547e+01	2.623316e+00	1.094503e-02	57447.000000	0.000000e+00
2.006019e+01	2.633526e+00	1.118979e-02	55390.000000	0.000000e+00
2.008472e+01	2.657414e+00	1.150363e-02	53364.000000	0.000000e+00
2.010903e+01	2.662033e+00	1.175683e-02	51268.000000	0.000000e+00
2.013363e+01	2.652344e+00	1.172823e-02	51144.000000	0.000000e+00
2.015842e+01	2.689784e+00	1.217958e-02	48772.000000	0.000000e+00
2.018288e+01	2.691205e+00	1.243638e-02	46828.000000	0.000000e+00
2.020721e+01	2.716527e+00	1.275323e-02	45372.000000	0.000000e+00
2.023181e+01	2.759416e+00	1.307516e-02	44539.000000	0.000000e+00
2.025650e+01	2.771876e+00	1.341091e-02	42720.000000	0.000000e+00
2.028095e+01	2.777750e+00	1.372905e-02	40936.000000	0.000000e+00
2.030542e+01	2.805834e+00	1.403303e-02	39978.000000	0.000000e+00
2.033011e+01	2.824978e+00	1.437727e-02	38608.000000	0.000000e+00
2.035466e+01	2.838036e+00	1.477582e-02	36892.000000	0.000000e+00
2.037892e+01	2.862937e+00	1.525777e-02	35208.000000	0.000000e+00
2.040348e+01	2.886733e+00	1.542583e-02	35020.000000	0.000000e+00
2.042837e+01	2.894323e+00	1.584367e-02	33372.000000	0.000000e+00
2.045281e+01	2.911844e+00	1.642726e-02	31420.000000	0.000000e+00
2.047697e+01	2.956960e+00	1.697385e-02	30348.000000	0.000000e+00
2.050165e+01	2.982808e+00	1.720978e-02	30040.000000	0.000000e+00
2.052659e+01	3.004753e+00	1.778989e-02	28528.000000	0.000000e+00
2.055100e+01	3.056861e+00	1.873507e-02	26622.000000	0.000000e+00
2.057510e+01	3.066705e+00	1.909988e-02	25780.000000	0.000000e+00
2.059985e+01	3.079418e+00	1.930224e-02	25452.000000	0.000000e+00
2.062477e+01	3.109355e+00	2.007917e-02	23980.000000	0.000000e+00
2.064904e+01	3.131415e+00	2.101479e-02	22204.000000	0.000000e+00
2.067328e+01	3.153080e+00	2.129488e-02	21924.000000	0.000000e+00
2.069813e+01	3.148917e+00	2.170274e-02	21052.000000	0.000000e+00
2.072282e+01	3.199330e+00	2.277810e-02	19728.000000	0.000000e+00
2.074689e+01	3.295382e+00	2.434952e-02	18316.000000	0.000000e+00
2.077148e+01	3.312187e+00	2.433721e-02	18522.000000	0.000000e+00
2.079650e+01	3.328802e+00	2.548880e-02	17056.000000	0.000000e+00
2.082086e+01	3.329256e+00	2.640189e-02	15901.000000	0.000000e+00
2.084494e+01	3.372936e+00	2.741953e-02	15132.000000	0.000000e+00
2.086988e+01	3.370113e+00	2.750220e-02	15016.000000	0.000000e+00
2.089484e+01	3.431068e+00	2.946453e-02	13560.000000	0.000000e+00
2.091874e+01	3.457507e+00	3.100435e-02	12436.000000	0.000000e+00
2.094286e+01	3.487328e+00	3.142885e-02	12312.000000	0.000000e+00
2.096835e+01	3.578979e+00	3.264970e-02	12016.000000	0.000000e+00
2.099333e+01	3.555320e+00	3.483933e-02	10414.000000	0.000000e+00
2.101635e+01	3.644237e+00	3.783783e-02	9276.000000	0.000000e+00
2.104066e+01	3.702391e+00	3.709631e-02	9961.000000	0.000000e+00
2.106684e+01	3.670943e+00	3.821412e-02	9228.000000	0.000000e+00
2.109169e+01	3.701526e+00	4.209542e-02	7732.000000	0.000000e+00
2.111385e+01	3.855977e+00	4.691262e-02	6756.000000	0.000000e+00
2.113864e+01	3.912750e+00	4.442865e-02	7756.000000	0.000000e+00
2.116547e+01	3.896993e+00	4.718864e-02	6820.000000	0.000000e+00
2.118998e+01	3.896206e+00	5.322805e-02	5358.000000	0.000000e+00
2.121167e+01	4.019875e+00	5.688946e-02	4993.000000	0.000000e+00
2.123701e+01	3.965380e+00	5.337223e-02	5520.000000	0.000000e+00
2.126409e+01	3.898677e+00	5.631951e-02	4792.000000	0.000000e+00
2.128812e+01	4.084985e+00	6.968895e-02	3436.000000	0.000000e+00
2.130920e+01	4.014178e+00	6.804669e-02	3480.000000	0.000000e+00
2.133536e+01	4.139823e+00	6.786595e-02	3721.000000	0.000000e+00
2.136298e+01	4.208694e+00	7.520323e-02	3132.000000	0.000000e+00
2.138535e+01	4.068093e+00	9.658597e-02	1774.000000	0.000000e+00
2.140616e+01	4.270245e+00	8.694891e-02	2412.000000	0.000000e+00
2.143360e+01	4.389925e+00	9.333930e-02	2212.000000	0.000000e+00
2.146162e+01	4.621289e+00	1.078223e-01	1837.000000	0.000000e+00
2.148292e+01	4.677855e+00	1.637577e-01	816.000000	0.000000e+00
2.150387e+01	4.605118e+00	1.243265e-01	1372.000000	0.000000e+00
2.153200e+01	4.928142e+00	1.491324e-01	1092.000000	0.000000e+00
2.156014e+01	4.501199e+00	1.549377e-01	844.000000	0.000000e+00
2.158178e+01	4.476428e+00	2.431262e-01	339.000000	0.000000e+00
2.160234e+01	5.222271e+00	2.264142e-01	532.000000	0.000000e+00
2.163046e+01	4.663328e+00	2.444248e-01	364.000000	0.000000e+00
2.165853e+01	5.318339e+00	3.522156e-01	228.000000	0.000000e+00
2.168066e+01	5.349125e+00	6.260677e-01	73.000000	0.000000e+00
2.170037e+01	5.999521e+00	6.546014e-01	84.000000	0.000000e+00
2.172766e+01	4.889236e+00	9.239787e-01	28.000000	0.000000e+00
2.175143e+01	2.070200e+00	1.195230e+00	3.000000	0.000000e+00
