# [<k> (h/Mpc)]	[<P_0(k)> (Mpc/h)^3]	[ErrorBar (Mpc/h)^3]	nModes	[<P_2(k)> (Mpc/h)^3]
3.476422e-02	6.876491e+03	1.907196e+03	13.000000	0.000000e+00
5.890282e-02	5.128535e+03	8.927634e+02	33.000000	0.000000e+00
8.378087e-02	2.931701e+03	3.298422e+02	79.000000	0.000000e+00
1.087368e-01	2.260305e+03	2.089653e+02	117.000000	0.000000e+00
1.341836e-01	1.676384e+03	1.170838e+02	205.000000	0.000000e+00
1.581206e-01	1.171972e+03	7.645101e+01	235.000000	0.000000e+00
1.826843e-01	9.613799e+02	5.004744e+01	369.000000	0.000000e+00
2.073525e-01	8.047350e+02	3.867310e+01	433.000000	0.000000e+00
2.322407e-01	7.043992e+02	2.912332e+01	585.000000	0.000000e+00
2.568838e-01	6.016574e+02	2.308949e+01	679.000000	0.000000e+00
2.811185e-01	5.074005e+02	1.779531e+01	813.000000	0.000000e+00
3.057758e-01	4.469819e+02	1.424203e+01	985.000000	0.000000e+00
3.308750e-01	4.219695e+02	1.226842e+01	1183.000000	0.000000e+00
3.553459e-01	3.676573e+02	1.032078e+01	1269.000000	0.000000e+00
3.797184e-01	3.236865e+02	8.256342e+00	1537.000000	0.000000e+00
4.042043e-01	3.053206e+02	7.509649e+00	1653.000000	0.000000e+00
4.287408e-01	2.705314e+02	6.106010e+00	1963.000000	0.000000e+00
4.533372e-01	2.519309e+02	5.470300e+00	2121.000000	0.000000e+00
4.779960e-01	2.435012e+02	4.957041e+00	2413.000000	0.000000e+00
5.026630e-01	2.155953e+02	4.199998e+00	2635.000000	0.000000e+00
5.271488e-01	1.962832e+02	3.659428e+00	2877.000000	0.000000e+00
5.515428e-01	1.874008e+02	3.328974e+00	3169.000000	0.000000e+00
5.762241e-01	1.757377e+02	2.967543e+00	3507.000000	0.000000e+00
6.007286e-01	1.720920e+02	2.834927e+00	3685.000000	0.000000e+00
6.252569e-01	1.635224e+02	2.533784e+00	4165.000000	0.000000e+00
6.499966e-01	1.555116e+02	2.350577e+00	4377.000000	0.000000e+00
6.746858e-01	1.484454e+02	2.130454e+00	4855.000000	0.000000e+00
6.991271e-01	1.378763e+02	1.963859e+00	4929.000000	0.000000e+00
7.235757e-01	1.348894e+02	1.805601e+00	5581.000000	0.000000e+00
7.479714e-01	1.292976e+02	1.715752e+00	5679.000000	0.000000e+00
7.726133e-01	1.241239e+02	1.553370e+00	6385.000000	0.000000e+00
7.972413e-01	1.187197e+02	1.466569e+00	6553.000000	0.000000e+00
8.218513e-01	1.135546e+02	1.345279e+00	7125.000000	0.000000e+00
8.464491e-01	1.133099e+02	1.313037e+00	7447.000000	0.000000e+00
8.709767e-01	1.080343e+02	1.213257e+00	7929.000000	0.000000e+00
8.955547e-01	1.039915e+02	1.137828e+00	8353.000000	0.000000e+00
9.199772e-01	1.014829e+02	1.083351e+00	8775.000000	0.000000e+00
9.444963e-01	9.887872e+01	1.024609e+00	9313.000000	0.000000e+00
9.690846e-01	9.547803e+01	9.624626e-01	9841.000000	0.000000e+00
9.935517e-01	9.290354e+01	9.202882e-01	10191.000000	0.000000e+00
1.018099e+00	9.177497e+01	8.791658e-01	10897.000000	0.000000e+00
1.042679e+00	8.870042e+01	8.343864e-01	11301.000000	0.000000e+00
1.067353e+00	8.600261e+01	7.842763e-01	12025.000000	0.000000e+00
1.092004e+00	8.431743e+01	7.564916e-01	12423.000000	0.000000e+00
1.116549e+00	8.050438e+01	7.055006e-01	13021.000000	0.000000e+00
1.140967e+00	8.111855e+01	7.006268e-01	13405.000000	0.000000e+00
1.165410e+00	7.742629e+01	6.486744e-01	14247.000000	0.000000e+00
1.189942e+00	7.749156e+01	6.401638e-01	14653.000000	0.000000e+00
1.214340e+00	7.453391e+01	6.019222e-01	15333.000000	0.000000e+00
1.238824e+00	7.366100e+01	5.832717e-01	15949.000000	0.000000e+00
1.263616e+00	7.084334e+01	5.424032e-01	17059.000000	0.000000e+00
1.288278e+00	7.048556e+01	5.390638e-01	17097.000000	0.000000e+00
1.312698e+00	6.905679e+01	5.152201e-01	17965.000000	0.000000e+00
1.337129e+00	6.714804e+01	4.932691e-01	18531.000000	0.000000e+00
1.361846e+00	6.666784e+01	4.753629e-01	19669.000000	0.000000e+00
1.386459e+00	6.467259e+01	4.585325e-01	19893.000000	0.000000e+00
1.410760e+00	6.356919e+01	4.441490e-01	20485.000000	0.000000e+00
1.435294e+00	6.234491e+01	4.227284e-01	21751.000000	0.000000e+00
1.459966e+00	6.089699e+01	4.086310e-01	22209.000000	0.000000e+00
1.484553e+00	6.023869e+01	3.968486e-01	23041.000000	0.000000e+00
1.509059e+00	5.909028e+01	3.839055e-01	23691.000000	0.000000e+00
1.533565e+00	5.848390e+01	3.739683e-01	24457.000000	0.000000e+00
1.558284e+00	5.681893e+01	3.537598e-01	25797.000000	0.000000e+00
1.582818e+00	5.593855e+01	3.494317e-01	25627.000000	0.000000e+00
1.607259e+00	5.499479e+01	3.333507e-01	27217.000000	0.000000e+00
1.631809e+00	5.474370e+01	3.298232e-01	27549.000000	0.000000e+00
1.656366e+00	5.363616e+01	3.159828e-01	28813.000000	0.000000e+00
1.680925e+00	5.271647e+01	3.076843e-01	29355.000000	0.000000e+00
1.705257e+00	5.117316e+01	2.958579e-01	29917.000000	0.000000e+00
1.729806e+00	5.103780e+01	2.868696e-01	31653.000000	0.000000e+00
1.754462e+00	4.949556e+01	2.769007e-01	31951.000000	0.000000e+00
1.778992e+00	4.920462e+01	2.706125e-01	33061.000000	0.000000e+00
1.803411e+00	4.906851e+01	2.677026e-01	33597.000000	0.000000e+00
1.827963e+00	4.784481e+01	2.550246e-01	35197.000000	0.000000e+00
1.852647e+00	4.735622e+01	2.502050e-01	35823.000000	0.000000e+00
1.877249e+00	4.636611e+01	2.412122e-01	36949.000000	0.000000e+00
1.901733e+00	4.610378e+01	2.386876e-01	37309.000000	0.000000e+00
1.926241e+00	4.518784e+01	2.285978e-01	39075.000000	0.000000e+00
1.950830e+00	4.404664e+01	2.219798e-01	39373.000000	0.000000e+00
1.975308e+00	4.364677e+01	2.159964e-01	40833.000000	0.000000e+00
1.999729e+00	4.336532e+01	2.136378e-01	41203.000000	0.000000e+00
2.024419e+00	4.271393e+01	2.043542e-01	43689.000000	0.000000e+00
2.049126e+00	4.190653e+01	2.008964e-01	43513.000000	0.000000e+00
2.073508e+00	4.119443e+01	1.954187e-01	44437.000000	0.000000e+00
2.097846e+00	4.075975e+01	1.907684e-01	45651.000000	0.000000e+00
2.122473e+00	4.033929e+01	1.851186e-01	47485.000000	0.000000e+00
2.147106e+00	3.983428e+01	1.818917e-01	47961.000000	0.000000e+00
2.171601e+00	3.911914e+01	1.764578e-01	49147.000000	0.000000e+00
2.196158e+00	3.844972e+01	1.713963e-01	50325.000000	0.000000e+00
2.220735e+00	3.836388e+01	1.688074e-01	51649.000000	0.000000e+00
2.245251e+00	3.774840e+01	1.652947e-01	52153.000000	0.000000e+00
2.269729e+00	3.715390e+01	1.599694e-01	53943.000000	0.000000e+00
2.294271e+00	3.649378e+01	1.560404e-01	54697.000000	0.000000e+00
2.318928e+00	3.613059e+01	1.516740e-01	56745.000000	0.000000e+00
2.343538e+00	3.560451e+01	1.491217e-01	57007.000000	0.000000e+00
2.368026e+00	3.506362e+01	1.450186e-01	58461.000000	0.000000e+00
2.392423e+00	3.461222e+01	1.424468e-01	59041.000000	0.000000e+00
2.416863e+00	3.400322e+01	1.376581e-01	61015.000000	0.000000e+00
2.441509e+00	3.347068e+01	1.337362e-01	62637.000000	0.000000e+00
2.466080e+00	3.324725e+01	1.322829e-01	63169.000000	0.000000e+00
2.490575e+00	3.270158e+01	1.286577e-01	64605.000000	0.000000e+00
2.515186e+00	3.199252e+01	1.240738e-01	66487.000000	0.000000e+00
2.539777e+00	3.179830e+01	1.228173e-01	67033.000000	0.000000e+00
2.564215e+00	3.140566e+01	1.202224e-01	68241.000000	0.000000e+00
2.588707e+00	3.085975e+01	1.166464e-01	69991.000000	0.000000e+00
2.613337e+00	3.061818e+01	1.145015e-01	71505.000000	0.000000e+00
2.637925e+00	3.034704e+01	1.125440e-01	72709.000000	0.000000e+00
2.662420e+00	2.992819e+01	1.104121e-01	73473.000000	0.000000e+00
2.686963e+00	2.959256e+01	1.075112e-01	75763.000000	0.000000e+00
2.711515e+00	2.932815e+01	1.062022e-01	76261.000000	0.000000e+00
2.735982e+00	2.900247e+01	1.038555e-01	77985.000000	0.000000e+00
2.760573e+00	2.859243e+01	1.010826e-01	80011.000000	0.000000e+00
2.785237e+00	2.823425e+01	9.919953e-02	81009.000000	0.000000e+00
2.809671e+00	2.784270e+01	9.746835e-02	81601.000000	0.000000e+00
2.834151e+00	2.746054e+01	9.470223e-02	84081.000000	0.000000e+00
2.858722e+00	2.722178e+01	9.328273e-02	85159.000000	0.000000e+00
2.883250e+00	2.678242e+01	9.097625e-02	86665.000000	0.000000e+00
2.907819e+00	2.645803e+01	8.901769e-02	88341.000000	0.000000e+00
2.932335e+00	2.615988e+01	8.745309e-02	89479.000000	0.000000e+00
2.956914e+00	2.581472e+01	8.533103e-02	91521.000000	0.000000e+00
2.981449e+00	2.558184e+01	8.414668e-02	92425.000000	0.000000e+00
3.005876e+00	2.538824e+01	8.299336e-02	93579.000000	0.000000e+00
3.030403e+00	2.494517e+01	8.038427e-02	96301.000000	0.000000e+00
3.055041e+00	2.451379e+01	7.844381e-02	97657.000000	0.000000e+00
3.079692e+00	2.430748e+01	7.710136e-02	99393.000000	0.000000e+00
3.104241e+00	2.385027e+01	7.534774e-02	100195.000000	0.000000e+00
3.128710e+00	2.379483e+01	7.461102e-02	101709.000000	0.000000e+00
3.153123e+00	2.339520e+01	7.288931e-02	103021.000000	0.000000e+00
3.177619e+00	2.328656e+01	7.165706e-02	105607.000000	0.000000e+00
3.202185e+00	2.283602e+01	6.987414e-02	106809.000000	0.000000e+00
3.226708e+00	2.268921e+01	6.884597e-02	108613.000000	0.000000e+00
3.251321e+00	2.243115e+01	6.739363e-02	110781.000000	0.000000e+00
3.275882e+00	2.208026e+01	6.608279e-02	111643.000000	0.000000e+00
3.300393e+00	2.165438e+01	6.423032e-02	113661.000000	0.000000e+00
3.324955e+00	2.170639e+01	6.393615e-02	115261.000000	0.000000e+00
3.349528e+00	2.144687e+01	6.257360e-02	117475.000000	0.000000e+00
3.374087e+00	2.110912e+01	6.135000e-02	118389.000000	0.000000e+00
3.398541e+00	2.100123e+01	6.062205e-02	120013.000000	0.000000e+00
3.423011e+00	2.077474e+01	5.950254e-02	121899.000000	0.000000e+00
3.447546e+00	2.045899e+01	5.807225e-02	124117.000000	0.000000e+00
3.472176e+00	2.020000e+01	5.675657e-02	126669.000000	0.000000e+00
3.496772e+00	1.997134e+01	5.604953e-02	126961.000000	0.000000e+00
3.521302e+00	1.971165e+01	5.469236e-02	129895.000000	0.000000e+00
3.545845e+00	1.947099e+01	5.390732e-02	130461.000000	0.000000e+00
3.570351e+00	1.928557e+01	5.281816e-02	133321.000000	0.000000e+00
3.594817e+00	1.909539e+01	5.223818e-02	133623.000000	0.000000e+00
3.619340e+00	1.889740e+01	5.097862e-02	137413.000000	0.000000e+00
3.643921e+00	1.873369e+01	5.038542e-02	138241.000000	0.000000e+00
3.668501e+00	1.846245e+01	4.917450e-02	140961.000000	0.000000e+00
3.693083e+00	1.829184e+01	4.849797e-02	142255.000000	0.000000e+00
3.717636e+00	1.814403e+01	4.778634e-02	144165.000000	0.000000e+00
3.742123e+00	1.790983e+01	4.697378e-02	145369.000000	0.000000e+00
3.766623e+00	1.768958e+01	4.595224e-02	148191.000000	0.000000e+00
3.791211e+00	1.752031e+01	4.520817e-02	150193.000000	0.000000e+00
3.815740e+00	1.736786e+01	4.462445e-02	151477.000000	0.000000e+00
3.840250e+00	1.712135e+01	4.366343e-02	153759.000000	0.000000e+00
3.864816e+00	1.700676e+01	4.304186e-02	156121.000000	0.000000e+00
3.889416e+00	1.678937e+01	4.220768e-02	158229.000000	0.000000e+00
3.913984e+00	1.667465e+01	4.173712e-02	159613.000000	0.000000e+00
3.938439e+00	1.649862e+01	4.113730e-02	160851.000000	0.000000e+00
3.962856e+00	1.638912e+01	4.060034e-02	162949.000000	0.000000e+00
3.987408e+00	1.609062e+01	3.939086e-02	166861.000000	0.000000e+00
4.011951e+00	1.590510e+01	3.892665e-02	166947.000000	0.000000e+00
4.036502e+00	1.580696e+01	3.824661e-02	170809.000000	0.000000e+00
4.061101e+00	1.565338e+01	3.773915e-02	172041.000000	0.000000e+00
4.085632e+00	1.544942e+01	3.705750e-02	173809.000000	0.000000e+00
4.110226e+00	1.535019e+01	3.644749e-02	177375.000000	0.000000e+00
4.134760e+00	1.513860e+01	3.598549e-02	176977.000000	0.000000e+00
4.159247e+00	1.501649e+01	3.531298e-02	180829.000000	0.000000e+00
4.183807e+00	1.489219e+01	3.485205e-02	182583.000000	0.000000e+00
4.208321e+00	1.468364e+01	3.422166e-02	184105.000000	0.000000e+00
4.232839e+00	1.456239e+01	3.364898e-02	187293.000000	0.000000e+00
4.257376e+00	1.443220e+01	3.325631e-02	188329.000000	0.000000e+00
4.281944e+00	1.425652e+01	3.249777e-02	192451.000000	0.000000e+00
4.306505e+00	1.408712e+01	3.210043e-02	192585.000000	0.000000e+00
4.331033e+00	1.397593e+01	3.155898e-02	196117.000000	0.000000e+00
4.355617e+00	1.391262e+01	3.124997e-02	198207.000000	0.000000e+00
4.380161e+00	1.377711e+01	3.083764e-02	199597.000000	0.000000e+00
4.404676e+00	1.364039e+01	3.030771e-02	202557.000000	0.000000e+00
4.429249e+00	1.348364e+01	2.979150e-02	204847.000000	0.000000e+00
4.453772e+00	1.341123e+01	2.952404e-02	206341.000000	0.000000e+00
4.478282e+00	1.327268e+01	2.901750e-02	209217.000000	0.000000e+00
4.502777e+00	1.313760e+01	2.863418e-02	210505.000000	0.000000e+00
4.527289e+00	1.297079e+01	2.801924e-02	214299.000000	0.000000e+00
4.551889e+00	1.289066e+01	2.770008e-02	216565.000000	0.000000e+00
4.576426e+00	1.267776e+01	2.716394e-02	217821.000000	0.000000e+00
4.600893e+00	1.261228e+01	2.688123e-02	220135.000000	0.000000e+00
4.625467e+00	1.252186e+01	2.643926e-02	224305.000000	0.000000e+00
4.650035e+00	1.237647e+01	2.609693e-02	224913.000000	0.000000e+00
4.674541e+00	1.224528e+01	2.565972e-02	227737.000000	0.000000e+00
4.699104e+00	1.216346e+01	2.531665e-02	230835.000000	0.000000e+00
4.723670e+00	1.202463e+01	2.492308e-02	232777.000000	0.000000e+00
4.748182e+00	1.192219e+01	2.462606e-02	234381.000000	0.000000e+00
4.772682e+00	1.182771e+01	2.426203e-02	237655.000000	0.000000e+00
4.797203e+00	1.169556e+01	2.390750e-02	239317.000000	0.000000e+00
4.821755e+00	1.159074e+01	2.348707e-02	243537.000000	0.000000e+00
4.846361e+00	1.149691e+01	2.321652e-02	245227.000000	0.000000e+00
4.870915e+00	1.136885e+01	2.286292e-02	247269.000000	0.000000e+00
4.895426e+00	1.128547e+01	2.258789e-02	249625.000000	0.000000e+00
4.919952e+00	1.120088e+01	2.229777e-02	252337.000000	0.000000e+00
4.944496e+00	1.103459e+01	2.183723e-02	255339.000000	0.000000e+00
4.969013e+00	1.095712e+01	2.163626e-02	256465.000000	0.000000e+00
4.993562e+00	1.086900e+01	2.126388e-02	261273.000000	0.000000e+00
5.018138e+00	1.077664e+01	2.104319e-02	262267.000000	0.000000e+00
5.042642e+00	1.070458e+01	2.080695e-02	264681.000000	0.000000e+00
5.067215e+00	1.057688e+01	2.038964e-02	269089.000000	0.000000e+00
5.091775e+00	1.047680e+01	2.018682e-02	269353.000000	0.000000e+00
5.116309e+00	1.041367e+01	1.989303e-02	274035.000000	0.000000e+00
5.140838e+00	1.029119e+01	1.965052e-02	274273.000000	0.000000e+00
5.165333e+00	1.020866e+01	1.934384e-02	278517.000000	0.000000e+00
5.189818e+00	1.014191e+01	1.918564e-02	279439.000000	0.000000e+00
5.214351e+00	1.004176e+01	1.881796e-02	284757.000000	0.000000e+00
5.238947e+00	9.972401e+00	1.863414e-02	286405.000000	0.000000e+00
5.263479e+00	9.856064e+00	1.834904e-02	288523.000000	0.000000e+00
5.288002e+00	9.790323e+00	1.812846e-02	291657.000000	0.000000e+00
5.312546e+00	9.708229e+00	1.789332e-02	294373.000000	0.000000e+00
5.337121e+00	9.622249e+00	1.763177e-02	297825.000000	0.000000e+00
5.361672e+00	9.534890e+00	1.742653e-02	299371.000000	0.000000e+00
5.386196e+00	9.464264e+00	1.720454e-02	302613.000000	0.000000e+00
5.410715e+00	9.379770e+00	1.699432e-02	304633.000000	0.000000e+00
5.435244e+00	9.301799e+00	1.674636e-02	308527.000000	0.000000e+00
5.459823e+00	9.229237e+00	1.653993e-02	311361.000000	0.000000e+00
5.484389e+00	9.165802e+00	1.635444e-02	314101.000000	0.000000e+00
5.508889e+00	9.115108e+00	1.624703e-02	314757.000000	0.000000e+00
5.533464e+00	8.987970e+00	1.583590e-02	322135.000000	0.000000e+00
5.558036e+00	8.912492e+00	1.575213e-02	320125.000000	0.000000e+00
5.582484e+00	8.853927e+00	1.553902e-02	324657.000000	0.000000e+00
5.606956e+00	8.798309e+00	1.539939e-02	326431.000000	0.000000e+00
5.631560e+00	8.730874e+00	1.511607e-02	333609.000000	0.000000e+00
5.656168e+00	8.660171e+00	1.500734e-02	333001.000000	0.000000e+00
5.680698e+00	8.576784e+00	1.478086e-02	336705.000000	0.000000e+00
5.705204e+00	8.510903e+00	1.462961e-02	338443.000000	0.000000e+00
5.729704e+00	8.441435e+00	1.443073e-02	342181.000000	0.000000e+00
5.754232e+00	8.363563e+00	1.423592e-02	345153.000000	0.000000e+00
5.778772e+00	8.307335e+00	1.406974e-02	348619.000000	0.000000e+00
5.803342e+00	8.234642e+00	1.389076e-02	351429.000000	0.000000e+00
5.827902e+00	8.174048e+00	1.372464e-02	354709.000000	0.000000e+00
5.852409e+00	8.129954e+00	1.362938e-02	355815.000000	0.000000e+00
5.876957e+00	8.063304e+00	1.340691e-02	361717.000000	0.000000e+00
5.901534e+00	7.976201e+00	1.324145e-02	362845.000000	0.000000e+00
5.926030e+00	7.915223e+00	1.309812e-02	365181.000000	0.000000e+00
5.950548e+00	7.874399e+00	1.294811e-02	369847.000000	0.000000e+00
5.975137e+00	7.811751e+00	1.278793e-02	373161.000000	0.000000e+00
5.999657e+00	7.737736e+00	1.265450e-02	373885.000000	0.000000e+00
6.024161e+00	7.686817e+00	1.248632e-02	378987.000000	0.000000e+00
6.048714e+00	7.631549e+00	1.235926e-02	381277.000000	0.000000e+00
6.073267e+00	7.559583e+00	1.217583e-02	385477.000000	0.000000e+00
6.097868e+00	7.493596e+00	1.201716e-02	388845.000000	0.000000e+00
6.122369e+00	7.457859e+00	1.196339e-02	388615.000000	0.000000e+00
6.146867e+00	7.391132e+00	1.175887e-02	395085.000000	0.000000e+00
6.171452e+00	7.331557e+00	1.163035e-02	397381.000000	0.000000e+00
6.195974e+00	7.299522e+00	1.154342e-02	399871.000000	0.000000e+00
6.220444e+00	7.217964e+00	1.139136e-02	401493.000000	0.000000e+00
6.244986e+00	7.176706e+00	1.122269e-02	408937.000000	0.000000e+00
6.269588e+00	7.131992e+00	1.114114e-02	409791.000000	0.000000e+00
6.294124e+00	7.078995e+00	1.101508e-02	413017.000000	0.000000e+00
6.318633e+00	7.010826e+00	1.087295e-02	415761.000000	0.000000e+00
6.343202e+00	6.961304e+00	1.073048e-02	420865.000000	0.000000e+00
6.367770e+00	6.915870e+00	1.063644e-02	422767.000000	0.000000e+00
6.392288e+00	6.862861e+00	1.052194e-02	425421.000000	0.000000e+00
6.416837e+00	6.815324e+00	1.038693e-02	430525.000000	0.000000e+00
6.441383e+00	6.778172e+00	1.031578e-02	431739.000000	0.000000e+00
6.465913e+00	6.708331e+00	1.015336e-02	436525.000000	0.000000e+00
6.490433e+00	6.662509e+00	1.006292e-02	438357.000000	0.000000e+00
6.514946e+00	6.605500e+00	9.931331e-03	442381.000000	0.000000e+00
6.539518e+00	6.563870e+00	9.811486e-03	447559.000000	0.000000e+00
6.564059e+00	6.522154e+00	9.747149e-03	447741.000000	0.000000e+00
6.588587e+00	6.472745e+00	9.607953e-03	453853.000000	0.000000e+00
6.613110e+00	6.432371e+00	9.541949e-03	454431.000000	0.000000e+00
6.637622e+00	6.376497e+00	9.402030e-03	459961.000000	0.000000e+00
6.662172e+00	6.319138e+00	9.289144e-03	462769.000000	0.000000e+00
6.686693e+00	6.284611e+00	9.208688e-03	465759.000000	0.000000e+00
6.711227e+00	6.237627e+00	9.098930e-03	469957.000000	0.000000e+00
6.735777e+00	6.199899e+00	9.010177e-03	473481.000000	0.000000e+00
6.760323e+00	6.165342e+00	8.933917e-03	476245.000000	0.000000e+00
6.784855e+00	6.108492e+00	8.814067e-03	480303.000000	0.000000e+00
6.809427e+00	6.086641e+00	8.743758e-03	484573.000000	0.000000e+00
6.833979e+00	6.035220e+00	8.652763e-03	486493.000000	0.000000e+00
6.858503e+00	5.966171e+00	8.517792e-03	490611.000000	0.000000e+00
6.883055e+00	5.947186e+00	8.459211e-03	494269.000000	0.000000e+00
6.907584e+00	5.898690e+00	8.364816e-03	497277.000000	0.000000e+00
6.932134e+00	5.852908e+00	8.263350e-03	501685.000000	0.000000e+00
6.956669e+00	5.813329e+00	8.187503e-03	504135.000000	0.000000e+00
6.981221e+00	5.777609e+00	8.097029e-03	509149.000000	0.000000e+00
7.005753e+00	5.729873e+00	8.018515e-03	510625.000000	0.000000e+00
7.030233e+00	5.710666e+00	7.961925e-03	514443.000000	0.000000e+00
7.054782e+00	5.662902e+00	7.852784e-03	520033.000000	0.000000e+00
7.079343e+00	5.617123e+00	7.768742e-03	522789.000000	0.000000e+00
7.103883e+00	5.584683e+00	7.700199e-03	526009.000000	0.000000e+00
7.128424e+00	5.549402e+00	7.619277e-03	530475.000000	0.000000e+00
7.152965e+00	5.510342e+00	7.547756e-03	532993.000000	0.000000e+00
7.177501e+00	5.473723e+00	7.465895e-03	537529.000000	0.000000e+00
7.202013e+00	5.445919e+00	7.413078e-03	539691.000000	0.000000e+00
7.226577e+00	5.395630e+00	7.297812e-03	546637.000000	0.000000e+00
7.251125e+00	5.383553e+00	7.279346e-03	546957.000000	0.000000e+00
7.275651e+00	5.328181e+00	7.167239e-03	552655.000000	0.000000e+00
7.300226e+00	5.295335e+00	7.097252e-03	556681.000000	0.000000e+00
7.324759e+00	5.242589e+00	7.015100e-03	558501.000000	0.000000e+00
7.349299e+00	5.217206e+00	6.945830e-03	564193.000000	0.000000e+00
7.373825e+00	5.194095e+00	6.906755e-03	565551.000000	0.000000e+00
7.398312e+00	5.162016e+00	6.838259e-03	569833.000000	0.000000e+00
7.422892e+00	5.114285e+00	6.730552e-03	577389.000000	0.000000e+00
7.447442e+00	5.081601e+00	6.693675e-03	576331.000000	0.000000e+00
7.471956e+00	5.051257e+00	6.616372e-03	582853.000000	0.000000e+00
7.496499e+00	5.022144e+00	6.561128e-03	585897.000000	0.000000e+00
7.521014e+00	4.977499e+00	6.487650e-03	588637.000000	0.000000e+00
7.545557e+00	4.955113e+00	6.422491e-03	595251.000000	0.000000e+00
7.570086e+00	4.939138e+00	6.398571e-03	595849.000000	0.000000e+00
7.594613e+00	4.896290e+00	6.309248e-03	602253.000000	0.000000e+00
7.619172e+00	4.874620e+00	6.262584e-03	605863.000000	0.000000e+00
7.643756e+00	4.836099e+00	6.187565e-03	610873.000000	0.000000e+00
7.668263e+00	4.799320e+00	6.143122e-03	610353.000000	0.000000e+00
7.692777e+00	4.765686e+00	6.059238e-03	618607.000000	0.000000e+00
7.717371e+00	4.743071e+00	6.013120e-03	622185.000000	0.000000e+00
7.741929e+00	4.710920e+00	5.957765e-03	625237.000000	0.000000e+00
7.766457e+00	4.686134e+00	5.913231e-03	628029.000000	0.000000e+00
7.790953e+00	4.659417e+00	5.861134e-03	631975.000000	0.000000e+00
7.815489e+00	4.623007e+00	5.789965e-03	637525.000000	0.000000e+00
7.840050e+00	4.593141e+00	5.733347e-03	641805.000000	0.000000e+00
7.864588e+00	4.568166e+00	5.691019e-03	644323.000000	0.000000e+00
7.889126e+00	4.538420e+00	5.631865e-03	649389.000000	0.000000e+00
7.913643e+00	4.513933e+00	5.591499e-03	651709.000000	0.000000e+00
7.938181e+00	4.478025e+00	5.519143e-03	658309.000000	0.000000e+00
7.962760e+00	4.457844e+00	5.476422e-03	662607.000000	0.000000e+00
7.987311e+00	4.437948e+00	5.445286e-03	664237.000000	0.000000e+00
8.011811e+00	4.397739e+00	5.380050e-03	668169.000000	0.000000e+00
8.036325e+00	4.382135e+00	5.339246e-03	673615.000000	0.000000e+00
8.060868e+00	4.357401e+00	5.293284e-03	677649.000000	0.000000e+00
8.085446e+00	4.333107e+00	5.239687e-03	683893.000000	0.000000e+00
8.109989e+00	4.297496e+00	5.196580e-03	683905.000000	0.000000e+00
8.134471e+00	4.273627e+00	5.149131e-03	688851.000000	0.000000e+00
8.159038e+00	4.243332e+00	5.081966e-03	697189.000000	0.000000e+00
8.183598e+00	4.214641e+00	5.051011e-03	696249.000000	0.000000e+00
8.208073e+00	4.200195e+00	5.015198e-03	701395.000000	0.000000e+00
8.232590e+00	4.165293e+00	4.955533e-03	706497.000000	0.000000e+00
8.257144e+00	4.154487e+00	4.922554e-03	712285.000000	0.000000e+00
8.281710e+00	4.127202e+00	4.878670e-03	715663.000000	0.000000e+00
8.306271e+00	4.108206e+00	4.841376e-03	720057.000000	0.000000e+00
8.330826e+00	4.073849e+00	4.785863e-03	724585.000000	0.000000e+00
8.355374e+00	4.045191e+00	4.743458e-03	727257.000000	0.000000e+00
8.379901e+00	4.035643e+00	4.714642e-03	732703.000000	0.000000e+00
8.404418e+00	4.011305e+00	4.679426e-03	734829.000000	0.000000e+00
8.428928e+00	3.990200e+00	4.636356e-03	740689.000000	0.000000e+00
8.453504e+00	3.961220e+00	4.580198e-03	747979.000000	0.000000e+00
8.478051e+00	3.940556e+00	4.559373e-03	746973.000000	0.000000e+00
8.502580e+00	3.917094e+00	4.504047e-03	756349.000000	0.000000e+00
8.527138e+00	3.890444e+00	4.472564e-03	756633.000000	0.000000e+00
8.551634e+00	3.873068e+00	4.438047e-03	761599.000000	0.000000e+00
8.576156e+00	3.846796e+00	4.391900e-03	767173.000000	0.000000e+00
8.600697e+00	3.826268e+00	4.356871e-03	771261.000000	0.000000e+00
8.625259e+00	3.803603e+00	4.313553e-03	777535.000000	0.000000e+00
8.649836e+00	3.787074e+00	4.286278e-03	780633.000000	0.000000e+00
8.674376e+00	3.767934e+00	4.253471e-03	784729.000000	0.000000e+00
8.698927e+00	3.743549e+00	4.212497e-03	789747.000000	0.000000e+00
8.723450e+00	3.720611e+00	4.181008e-03	791893.000000	0.000000e+00
8.747957e+00	3.693034e+00	4.134945e-03	797677.000000	0.000000e+00
8.772521e+00	3.677136e+00	4.099830e-03	804429.000000	0.000000e+00
8.797047e+00	3.668315e+00	4.089725e-03	804535.000000	0.000000e+00
8.821541e+00	3.641464e+00	4.043922e-03	810861.000000	0.000000e+00
8.846076e+00	3.627566e+00	4.014983e-03	816325.000000	0.000000e+00
8.870641e+00	3.591414e+00	3.960264e-03	822399.000000	0.000000e+00
8.895170e+00	3.589609e+00	3.958019e-03	822505.000000	0.000000e+00
8.919713e+00	3.566191e+00	3.908152e-03	832657.000000	0.000000e+00
8.944263e+00	3.542188e+00	3.883705e-03	831861.000000	0.000000e+00
8.968772e+00	3.526554e+00	3.849310e-03	839335.000000	0.000000e+00
8.993334e+00	3.502136e+00	3.810496e-03	844701.000000	0.000000e+00
9.017895e+00	3.487674e+00	3.787494e-03	847945.000000	0.000000e+00
9.042430e+00	3.465820e+00	3.752780e-03	852915.000000	0.000000e+00
9.066970e+00	3.447606e+00	3.724609e-03	856789.000000	0.000000e+00
9.091538e+00	3.432745e+00	3.691122e-03	864901.000000	0.000000e+00
9.116063e+00	3.416324e+00	3.678670e-03	862455.000000	0.000000e+00
9.140573e+00	3.395964e+00	3.633593e-03	873481.000000	0.000000e+00
9.165140e+00	3.377191e+00	3.608635e-03	875841.000000	0.000000e+00
9.189653e+00	3.361600e+00	3.586027e-03	878749.000000	0.000000e+00
9.214176e+00	3.341758e+00	3.549228e-03	886507.000000	0.000000e+00
9.238722e+00	3.325492e+00	3.526725e-03	889137.000000	0.000000e+00
9.263252e+00	3.310866e+00	3.499277e-03	895213.000000	0.000000e+00
9.287810e+00	3.297798e+00	3.474905e-03	900663.000000	0.000000e+00
9.312363e+00	3.275974e+00	3.445035e-03	904261.000000	0.000000e+00
9.336898e+00	3.260288e+00	3.419370e-03	909117.000000	0.000000e+00
9.361428e+00	3.246448e+00	3.397723e-03	912937.000000	0.000000e+00
9.385969e+00	3.226225e+00	3.363552e-03	920011.000000	0.000000e+00
9.410496e+00	3.207367e+00	3.341644e-03	921249.000000	0.000000e+00
9.435027e+00	3.194099e+00	3.312082e-03	930025.000000	0.000000e+00
9.459577e+00	3.175643e+00	3.288912e-03	932307.000000	0.000000e+00
9.484080e+00	3.159958e+00	3.266370e-03	935905.000000	0.000000e+00
9.508599e+00	3.138963e+00	3.230951e-03	943869.000000	0.000000e+00
9.533177e+00	3.130817e+00	3.213055e-03	949465.000000	0.000000e+00
9.557740e+00	3.109795e+00	3.185839e-03	952831.000000	0.000000e+00
9.582283e+00	3.094520e+00	3.162172e-03	957669.000000	0.000000e+00
9.606825e+00	3.082116e+00	3.141706e-03	962425.000000	0.000000e+00
9.631356e+00	3.067545e+00	3.119430e-03	967011.000000	0.000000e+00
9.655881e+00	3.049815e+00	3.094499e-03	971329.000000	0.000000e+00
9.680426e+00	3.041319e+00	3.074147e-03	978757.000000	0.000000e+00
9.704942e+00	3.023752e+00	3.056143e-03	978915.000000	0.000000e+00
9.729497e+00	3.008200e+00	3.020956e-03	991573.000000	0.000000e+00
9.754046e+00	2.994172e+00	3.010739e-03	989025.000000	0.000000e+00
9.778535e+00	2.980479e+00	2.986924e-03	995689.000000	0.000000e+00
9.803103e+00	2.965814e+00	2.956358e-03	1006407.000000	0.000000e+00
9.827649e+00	2.956266e+00	2.951405e-03	1003297.000000	0.000000e+00
9.852180e+00	2.939702e+00	2.917076e-03	1015573.000000	0.000000e+00
9.876731e+00	2.928898e+00	2.906953e-03	1015155.000000	0.000000e+00
9.901284e+00	2.912358e+00	2.876447e-03	1025125.000000	0.000000e+00
9.925835e+00	2.903337e+00	2.865999e-03	1026225.000000	0.000000e+00
9.950350e+00	2.885447e+00	2.841200e-03	1031389.000000	0.000000e+00
9.974902e+00	2.875175e+00	2.819267e-03	1040055.000000	0.000000e+00
9.999429e+00	2.858435e+00	2.804294e-03	1038985.000000	0.000000e+00
1.002392e+01	2.839789e+00	2.774426e-03	1047673.000000	0.000000e+00
1.004849e+01	2.836062e+00	2.760541e-03	1055463.000000	0.000000e+00
1.007303e+01	2.824655e+00	2.748519e-03	1056169.000000	0.000000e+00
1.009756e+01	2.814777e+00	2.728177e-03	1064493.000000	0.000000e+00
1.012209e+01	2.799184e+00	2.710379e-03	1066603.000000	0.000000e+00
1.014664e+01	2.787997e+00	2.687403e-03	1076265.000000	0.000000e+00
1.017120e+01	2.769567e+00	2.667017e-03	1078381.000000	0.000000e+00
1.019572e+01	2.767365e+00	2.659914e-03	1082425.000000	0.000000e+00
1.022025e+01	2.748125e+00	2.631677e-03	1090455.000000	0.000000e+00
1.024479e+01	2.741269e+00	2.621511e-03	1093453.000000	0.000000e+00
1.026933e+01	2.728074e+00	2.600718e-03	1100337.000000	0.000000e+00
1.029386e+01	2.716452e+00	2.585050e-03	1104247.000000	0.000000e+00
1.031842e+01	2.704452e+00	2.564471e-03	1112149.000000	0.000000e+00
1.034296e+01	2.692876e+00	2.550391e-03	1114857.000000	0.000000e+00
1.036749e+01	2.678701e+00	2.531097e-03	1120033.000000	0.000000e+00
1.039203e+01	2.667369e+00	2.511870e-03	1127643.000000	0.000000e+00
1.041655e+01	2.664287e+00	2.508197e-03	1128337.000000	0.000000e+00
1.044111e+01	2.650327e+00	2.480487e-03	1141629.000000	0.000000e+00
1.046570e+01	2.639479e+00	2.469779e-03	1142143.000000	0.000000e+00
1.049021e+01	2.627708e+00	2.455831e-03	1144873.000000	0.000000e+00
1.051473e+01	2.618787e+00	2.437617e-03	1154169.000000	0.000000e+00
1.053925e+01	2.604671e+00	2.423585e-03	1155019.000000	0.000000e+00
1.056380e+01	2.595894e+00	2.401806e-03	1168149.000000	0.000000e+00
1.058835e+01	2.587110e+00	2.395224e-03	1166641.000000	0.000000e+00
1.061283e+01	2.575390e+00	2.380147e-03	1170789.000000	0.000000e+00
1.063739e+01	2.566146e+00	2.356617e-03	1185727.000000	0.000000e+00
1.066197e+01	2.556787e+00	2.349669e-03	1184065.000000	0.000000e+00
1.068650e+01	2.546935e+00	2.333335e-03	1191465.000000	0.000000e+00
1.071103e+01	2.536441e+00	2.320769e-03	1194499.000000	0.000000e+00
1.073555e+01	2.521954e+00	2.300370e-03	1201929.000000	0.000000e+00
1.076011e+01	2.517082e+00	2.288713e-03	1209517.000000	0.000000e+00
1.078466e+01	2.509117e+00	2.278729e-03	1212429.000000	0.000000e+00
1.080918e+01	2.498665e+00	2.265073e-03	1216891.000000	0.000000e+00
1.083370e+01	2.490357e+00	2.252168e-03	1222705.000000	0.000000e+00
1.085823e+01	2.482628e+00	2.237902e-03	1230669.000000	0.000000e+00
1.088282e+01	2.474749e+00	2.223119e-03	1239187.000000	0.000000e+00
1.090737e+01	2.458602e+00	2.209928e-03	1237713.000000	0.000000e+00
1.093189e+01	2.458512e+00	2.201821e-03	1246753.000000	0.000000e+00
1.095642e+01	2.446159e+00	2.187697e-03	1250245.000000	0.000000e+00
1.098096e+01	2.439404e+00	2.173098e-03	1260111.000000	0.000000e+00
1.100552e+01	2.433647e+00	2.166393e-03	1261945.000000	0.000000e+00
1.103005e+01	2.422655e+00	2.150893e-03	1268661.000000	0.000000e+00
1.105458e+01	2.414107e+00	2.138738e-03	1274083.000000	0.000000e+00
1.107911e+01	2.408980e+00	2.129746e-03	1279413.000000	0.000000e+00
1.110366e+01	2.398969e+00	2.114279e-03	1287433.000000	0.000000e+00
1.112821e+01	2.400969e+00	2.113006e-03	1291135.000000	0.000000e+00
1.115273e+01	2.383245e+00	2.093838e-03	1295541.000000	0.000000e+00
1.117726e+01	2.376740e+00	2.082188e-03	1302937.000000	0.000000e+00
1.120181e+01	2.369360e+00	2.070403e-03	1309641.000000	0.000000e+00
1.122634e+01	2.367845e+00	2.066904e-03	1312399.000000	0.000000e+00
1.125085e+01	2.358201e+00	2.053477e-03	1318809.000000	0.000000e+00
1.127541e+01	2.351083e+00	2.038962e-03	1329589.000000	0.000000e+00
1.129999e+01	2.342157e+00	2.029597e-03	1331719.000000	0.000000e+00
1.132451e+01	2.337999e+00	2.023332e-03	1335225.000000	0.000000e+00
1.134903e+01	2.327847e+00	2.008191e-03	1343689.000000	0.000000e+00
1.137357e+01	2.323493e+00	2.001099e-03	1348173.000000	0.000000e+00
1.139811e+01	2.318265e+00	1.990645e-03	1356247.000000	0.000000e+00
1.142265e+01	2.313111e+00	1.984287e-03	1358889.000000	0.000000e+00
1.144718e+01	2.306012e+00	1.972160e-03	1367221.000000	0.000000e+00
1.147174e+01	2.304102e+00	1.965629e-03	1374043.000000	0.000000e+00
1.149628e+01	2.290135e+00	1.951422e-03	1377273.000000	0.000000e+00
1.152079e+01	2.288390e+00	1.947016e-03	1381405.000000	0.000000e+00
1.154533e+01	2.279219e+00	1.931110e-03	1393023.000000	0.000000e+00
1.156988e+01	2.281035e+00	1.932043e-03	1393897.000000	0.000000e+00
1.159441e+01	2.269240e+00	1.915860e-03	1402921.000000	0.000000e+00
1.161895e+01	2.266939e+00	1.910662e-03	1407705.000000	0.000000e+00
1.164349e+01	2.263686e+00	1.903546e-03	1414183.000000	0.000000e+00
1.166804e+01	2.256626e+00	1.893859e-03	1419789.000000	0.000000e+00
1.169259e+01	2.252321e+00	1.885239e-03	1427341.000000	0.000000e+00
1.171712e+01	2.248589e+00	1.881102e-03	1428879.000000	0.000000e+00
1.174164e+01	2.242097e+00	1.869551e-03	1438249.000000	0.000000e+00
1.176619e+01	2.241602e+00	1.864531e-03	1445365.000000	0.000000e+00
1.179072e+01	2.233709e+00	1.857159e-03	1446621.000000	0.000000e+00
1.181525e+01	2.230930e+00	1.847950e-03	1457443.000000	0.000000e+00
1.183979e+01	2.223803e+00	1.839766e-03	1461057.000000	0.000000e+00
1.186435e+01	2.222355e+00	1.832937e-03	1470049.000000	0.000000e+00
1.188889e+01	2.215799e+00	1.825444e-03	1473411.000000	0.000000e+00
1.191343e+01	2.215040e+00	1.820805e-03	1479913.000000	0.000000e+00
1.193797e+01	2.209605e+00	1.812132e-03	1486789.000000	0.000000e+00
1.196251e+01	2.209887e+00	1.809386e-03	1491687.000000	0.000000e+00
1.198703e+01	2.203612e+00	1.800963e-03	1497133.000000	0.000000e+00
1.201156e+01	2.199928e+00	1.793211e-03	1505061.000000	0.000000e+00
1.203612e+01	2.198790e+00	1.788470e-03	1511485.000000	0.000000e+00
1.206065e+01	2.196818e+00	1.784529e-03	1515447.000000	0.000000e+00
1.208515e+01	2.193089e+00	1.778932e-03	1519825.000000	0.000000e+00
1.210971e+01	2.190334e+00	1.767490e-03	1535701.000000	0.000000e+00
1.213428e+01	2.188014e+00	1.767718e-03	1532055.000000	0.000000e+00
1.215881e+01	2.186063e+00	1.758692e-03	1545061.000000	0.000000e+00
1.218336e+01	2.182797e+00	1.755754e-03	1545609.000000	0.000000e+00
1.220787e+01	2.179914e+00	1.749572e-03	1552441.000000	0.000000e+00
1.223242e+01	2.179081e+00	1.742507e-03	1563859.000000	0.000000e+00
1.225696e+01	2.177400e+00	1.741322e-03	1563573.000000	0.000000e+00
1.228148e+01	2.174405e+00	1.733367e-03	1573621.000000	0.000000e+00
1.230602e+01	2.176920e+00	1.732585e-03	1578687.000000	0.000000e+00
1.233056e+01	2.173406e+00	1.726001e-03	1585621.000000	0.000000e+00
1.235512e+01	2.170901e+00	1.718812e-03	1595229.000000	0.000000e+00
1.237965e+01	2.175395e+00	1.723393e-03	1593337.000000	0.000000e+00
1.240419e+01	2.170653e+00	1.710849e-03	1609747.000000	0.000000e+00
1.242874e+01	2.170230e+00	1.711906e-03	1607133.000000	0.000000e+00
1.245325e+01	2.169187e+00	1.706228e-03	1616293.000000	0.000000e+00
1.247780e+01	2.171804e+00	1.702336e-03	1627611.000000	0.000000e+00
1.250235e+01	2.172597e+00	1.703568e-03	1626445.000000	0.000000e+00
1.252688e+01	2.172174e+00	1.696667e-03	1639065.000000	0.000000e+00
1.255143e+01	2.168578e+00	1.692534e-03	1641631.000000	0.000000e+00
1.257596e+01	2.165852e+00	1.688618e-03	1645109.500000	0.000000e+00
1.260049e+01	2.159898e+00	1.685439e-03	1642254.000000	0.000000e+00
1.262503e+01	2.155910e+00	1.683929e-03	1639132.000000	0.000000e+00
1.264958e+01	2.147945e+00	1.678844e-03	1636914.000000	0.000000e+00
1.267411e+01	2.142974e+00	1.678155e-03	1630684.000000	0.000000e+00
1.269864e+01	2.138833e+00	1.675921e-03	1628722.000000	0.000000e+00
1.272316e+01	2.129578e+00	1.670875e-03	1624422.000000	0.000000e+00
1.274773e+01	2.124787e+00	1.665657e-03	1627270.000000	0.000000e+00
1.277225e+01	2.117263e+00	1.667529e-03	1612140.000000	0.000000e+00
1.279677e+01	2.111400e+00	1.659088e-03	1619578.000000	0.000000e+00
1.282133e+01	2.105170e+00	1.659101e-03	1610010.000000	0.000000e+00
1.284587e+01	2.098024e+00	1.653113e-03	1610704.000000	0.000000e+00
1.287043e+01	2.092148e+00	1.651275e-03	1605262.000000	0.000000e+00
1.289495e+01	2.086851e+00	1.650131e-03	1599360.000000	0.000000e+00
1.291951e+01	2.079360e+00	1.642887e-03	1601932.000000	0.000000e+00
1.294403e+01	2.071338e+00	1.643410e-03	1588584.000000	0.000000e+00
1.296853e+01	2.062998e+00	1.635214e-03	1591654.000000	0.000000e+00
1.299309e+01	2.060112e+00	1.634275e-03	1589028.000000	0.000000e+00
1.301763e+01	2.053189e+00	1.632769e-03	1581280.000000	0.000000e+00
1.304217e+01	2.047633e+00	1.628471e-03	1581046.000000	0.000000e+00
1.306670e+01	2.041296e+00	1.626569e-03	1574952.000000	0.000000e+00
1.309123e+01	2.034917e+00	1.623287e-03	1571458.000000	0.000000e+00
1.311579e+01	2.027115e+00	1.617195e-03	1571202.000000	0.000000e+00
1.314034e+01	2.023177e+00	1.617511e-03	1564492.000000	0.000000e+00
1.316488e+01	2.019630e+00	1.616678e-03	1560618.000000	0.000000e+00
1.318940e+01	2.013232e+00	1.613979e-03	1555936.000000	0.000000e+00
1.321393e+01	2.006708e+00	1.610642e-03	1552282.000000	0.000000e+00
1.323848e+01	2.002696e+00	1.607663e-03	1551816.000000	0.000000e+00
1.326302e+01	1.993544e+00	1.604975e-03	1542820.000000	0.000000e+00
1.328757e+01	1.990639e+00	1.601791e-03	1544448.000000	0.000000e+00
1.331210e+01	1.983815e+00	1.601373e-03	1534678.000000	0.000000e+00
1.333662e+01	1.981582e+00	1.600300e-03	1533280.000000	0.000000e+00
1.336117e+01	1.977092e+00	1.597820e-03	1531080.000000	0.000000e+00
1.338570e+01	1.969954e+00	1.596211e-03	1523110.000000	0.000000e+00
1.341022e+01	1.964788e+00	1.593004e-03	1521240.000000	0.000000e+00
1.343476e+01	1.960063e+00	1.591458e-03	1516876.000000	0.000000e+00
1.345932e+01	1.956184e+00	1.588973e-03	1515606.000000	0.000000e+00
1.348389e+01	1.948756e+00	1.585305e-03	1511086.000000	0.000000e+00
1.350843e+01	1.943001e+00	1.585051e-03	1502656.000000	0.000000e+00
1.353293e+01	1.939608e+00	1.584352e-03	1498734.000000	0.000000e+00
1.355748e+01	1.936106e+00	1.581604e-03	1498522.000000	0.000000e+00
1.358203e+01	1.931035e+00	1.581060e-03	1491708.000000	0.000000e+00
1.360658e+01	1.923731e+00	1.576203e-03	1489582.000000	0.000000e+00
1.363111e+01	1.922963e+00	1.580277e-03	1480728.000000	0.000000e+00
1.365563e+01	1.913932e+00	1.572936e-03	1480576.000000	0.000000e+00
1.368019e+01	1.914119e+00	1.575599e-03	1475866.000000	0.000000e+00
1.370473e+01	1.909175e+00	1.574905e-03	1469544.000000	0.000000e+00
1.372924e+01	1.904982e+00	1.574500e-03	1463848.000000	0.000000e+00
1.375380e+01	1.897504e+00	1.566567e-03	1467126.000000	0.000000e+00
1.377836e+01	1.894706e+00	1.570996e-03	1454566.000000	0.000000e+00
1.380287e+01	1.886241e+00	1.565569e-03	1451610.000000	0.000000e+00
1.382737e+01	1.884553e+00	1.567298e-03	1445818.000000	0.000000e+00
1.385191e+01	1.881941e+00	1.565019e-03	1446016.000000	0.000000e+00
1.387648e+01	1.879677e+00	1.566218e-03	1440330.000000	0.000000e+00
1.390103e+01	1.873864e+00	1.563595e-03	1436242.000000	0.000000e+00
1.392557e+01	1.868811e+00	1.563886e-03	1427976.000000	0.000000e+00
1.395012e+01	1.863090e+00	1.558588e-03	1428910.000000	0.000000e+00
1.397464e+01	1.861378e+00	1.564561e-03	1415416.000000	0.000000e+00
1.399917e+01	1.858059e+00	1.558905e-03	1420626.000000	0.000000e+00
1.402372e+01	1.852351e+00	1.560799e-03	1408486.000000	0.000000e+00
1.404824e+01	1.845953e+00	1.556209e-03	1407036.000000	0.000000e+00
1.407278e+01	1.844371e+00	1.557429e-03	1402426.000000	0.000000e+00
1.409731e+01	1.842129e+00	1.559463e-03	1395372.000000	0.000000e+00
1.412183e+01	1.833162e+00	1.553450e-03	1392538.000000	0.000000e+00
1.414639e+01	1.834087e+00	1.555468e-03	1390330.000000	0.000000e+00
1.417094e+01	1.826431e+00	1.554474e-03	1380510.000000	0.000000e+00
1.419546e+01	1.823651e+00	1.552848e-03	1379194.000000	0.000000e+00
1.422001e+01	1.821676e+00	1.555003e-03	1372398.000000	0.000000e+00
1.424455e+01	1.816351e+00	1.552292e-03	1369156.000000	0.000000e+00
1.426908e+01	1.816860e+00	1.557459e-03	1360848.000000	0.000000e+00
1.429362e+01	1.808431e+00	1.550191e-03	1360924.000000	0.000000e+00
1.431818e+01	1.806869e+00	1.553681e-03	1352476.000000	0.000000e+00
1.434273e+01	1.805057e+00	1.553739e-03	1349664.000000	0.000000e+00
1.436724e+01	1.800978e+00	1.556511e-03	1338790.000000	0.000000e+00
1.439177e+01	1.797647e+00	1.551703e-03	1342122.000000	0.000000e+00
1.441633e+01	1.795959e+00	1.556588e-03	1331206.000000	0.000000e+00
1.444087e+01	1.791299e+00	1.553823e-03	1329024.000000	0.000000e+00
1.446541e+01	1.787380e+00	1.554607e-03	1321882.000000	0.000000e+00
1.448996e+01	1.785468e+00	1.554440e-03	1319338.000000	0.000000e+00
1.451448e+01	1.780515e+00	1.556297e-03	1308900.000000	0.000000e+00
1.453902e+01	1.779360e+00	1.554562e-03	1310122.000000	0.000000e+00
1.456356e+01	1.776083e+00	1.557798e-03	1299882.000000	0.000000e+00
1.458809e+01	1.772293e+00	1.556607e-03	1296322.000000	0.000000e+00
1.461262e+01	1.771235e+00	1.558194e-03	1292140.000000	0.000000e+00
1.463716e+01	1.768092e+00	1.560103e-03	1284408.000000	0.000000e+00
1.466171e+01	1.761656e+00	1.555178e-03	1283164.000000	0.000000e+00
1.468625e+01	1.764619e+00	1.563663e-03	1273548.000000	0.000000e+00
1.471078e+01	1.758851e+00	1.560813e-03	1269862.000000	0.000000e+00
1.473534e+01	1.759770e+00	1.563360e-03	1267050.000000	0.000000e+00
1.475987e+01	1.755979e+00	1.567209e-03	1255408.000000	0.000000e+00
1.478439e+01	1.752371e+00	1.563955e-03	1255462.000000	0.000000e+00
1.480894e+01	1.747313e+00	1.564849e-03	1246800.000000	0.000000e+00
1.483348e+01	1.746244e+00	1.565460e-03	1244302.000000	0.000000e+00
1.485802e+01	1.740299e+00	1.565917e-03	1235124.000000	0.000000e+00
1.488256e+01	1.740712e+00	1.567619e-03	1233028.000000	0.000000e+00
1.490708e+01	1.739272e+00	1.572917e-03	1222710.000000	0.000000e+00
1.493162e+01	1.738390e+00	1.572572e-03	1222006.000000	0.000000e+00
1.495618e+01	1.733790e+00	1.572434e-03	1215760.000000	0.000000e+00
1.498071e+01	1.733376e+00	1.577854e-03	1206846.000000	0.000000e+00
1.500525e+01	1.731279e+00	1.577508e-03	1204456.000000	0.000000e+00
1.502980e+01	1.727248e+00	1.578302e-03	1197648.000000	0.000000e+00
1.505434e+01	1.726069e+00	1.581880e-03	1190608.000000	0.000000e+00
1.507886e+01	1.726483e+00	1.585265e-03	1186098.000000	0.000000e+00
1.510342e+01	1.720033e+00	1.582610e-03	1181206.000000	0.000000e+00
1.512796e+01	1.721804e+00	1.589972e-03	1172704.000000	0.000000e+00
1.515246e+01	1.722567e+00	1.594272e-03	1167420.000000	0.000000e+00
1.517700e+01	1.716687e+00	1.591686e-03	1163236.000000	0.000000e+00
1.520157e+01	1.718040e+00	1.595723e-03	1159182.000000	0.000000e+00
1.522611e+01	1.714710e+00	1.600655e-03	1147588.000000	0.000000e+00
1.525063e+01	1.716410e+00	1.603173e-03	1146256.000000	0.000000e+00
1.527518e+01	1.710902e+00	1.603826e-03	1137984.000000	0.000000e+00
1.529972e+01	1.708245e+00	1.604835e-03	1133026.000000	0.000000e+00
1.532424e+01	1.713207e+00	1.614930e-03	1125414.000000	0.000000e+00
1.534877e+01	1.709980e+00	1.615040e-03	1121026.000000	0.000000e+00
1.537332e+01	1.711279e+00	1.620372e-03	1115352.000000	0.000000e+00
1.539786e+01	1.708653e+00	1.623417e-03	1107766.000000	0.000000e+00
1.542240e+01	1.706279e+00	1.624207e-03	1103614.000000	0.000000e+00
1.544694e+01	1.705988e+00	1.630069e-03	1095318.000000	0.000000e+00
1.547149e+01	1.706989e+00	1.634243e-03	1091008.000000	0.000000e+00
1.549603e+01	1.704179e+00	1.636763e-03	1084074.000000	0.000000e+00
1.552054e+01	1.704496e+00	1.644605e-03	1074160.000000	0.000000e+00
1.554506e+01	1.703307e+00	1.644159e-03	1073244.000000	0.000000e+00
1.556963e+01	1.702244e+00	1.648274e-03	1066558.000000	0.000000e+00
1.559418e+01	1.700835e+00	1.653617e-03	1057924.000000	0.000000e+00
1.561873e+01	1.702972e+00	1.658734e-03	1054050.000000	0.000000e+00
1.564327e+01	1.701170e+00	1.664708e-03	1044286.000000	0.000000e+00
1.566780e+01	1.698973e+00	1.664695e-03	1041606.000000	0.000000e+00
1.569233e+01	1.698614e+00	1.673046e-03	1030798.000000	0.000000e+00
1.571685e+01	1.698373e+00	1.675449e-03	1027552.000000	0.000000e+00
1.574141e+01	1.697930e+00	1.680100e-03	1021338.000000	0.000000e+00
1.576595e+01	1.698900e+00	1.687682e-03	1013338.000000	0.000000e+00
1.579049e+01	1.697914e+00	1.691007e-03	1008186.000000	0.000000e+00
1.581502e+01	1.696636e+00	1.697150e-03	999394.000000	0.000000e+00
1.583955e+01	1.695777e+00	1.700291e-03	994698.000000	0.000000e+00
1.586407e+01	1.694809e+00	1.705878e-03	987064.000000	0.000000e+00
1.588861e+01	1.697540e+00	1.713859e-03	981046.000000	0.000000e+00
1.591315e+01	1.696255e+00	1.717532e-03	975378.000000	0.000000e+00
1.593770e+01	1.698139e+00	1.725940e-03	968044.000000	0.000000e+00
1.596225e+01	1.698191e+00	1.731867e-03	961488.000000	0.000000e+00
1.598677e+01	1.699214e+00	1.740346e-03	953290.000000	0.000000e+00
1.601131e+01	1.698039e+00	1.743006e-03	949068.000000	0.000000e+00
1.603586e+01	1.698083e+00	1.750540e-03	940966.000000	0.000000e+00
1.606040e+01	1.700887e+00	1.759922e-03	934036.000000	0.000000e+00
1.608493e+01	1.702267e+00	1.767416e-03	927636.000000	0.000000e+00
1.610947e+01	1.699648e+00	1.772194e-03	919804.000000	0.000000e+00
1.613400e+01	1.701645e+00	1.779915e-03	913986.000000	0.000000e+00
1.615854e+01	1.706117e+00	1.790895e-03	907564.000000	0.000000e+00
1.618310e+01	1.708604e+00	1.800547e-03	900480.000000	0.000000e+00
1.620765e+01	1.708720e+00	1.807780e-03	893410.000000	0.000000e+00
1.623216e+01	1.705483e+00	1.814565e-03	883384.000000	0.000000e+00
1.625669e+01	1.708606e+00	1.820367e-03	880980.000000	0.000000e+00
1.628123e+01	1.707379e+00	1.829200e-03	871240.000000	0.000000e+00
1.630580e+01	1.713713e+00	1.840024e-03	867420.000000	0.000000e+00
1.633036e+01	1.711051e+00	1.847742e-03	857518.000000	0.000000e+00
1.635486e+01	1.713642e+00	1.860203e-03	848632.000000	0.000000e+00
1.637939e+01	1.715289e+00	1.865316e-03	845610.000000	0.000000e+00
1.640395e+01	1.715546e+00	1.875921e-03	836326.000000	0.000000e+00
1.642848e+01	1.718191e+00	1.886753e-03	829302.000000	0.000000e+00
1.645298e+01	1.723708e+00	1.902960e-03	820480.000000	0.000000e+00
1.647753e+01	1.721095e+00	1.904095e-03	817020.000000	0.000000e+00
1.650209e+01	1.723881e+00	1.917351e-03	808372.000000	0.000000e+00
1.652660e+01	1.723399e+00	1.928893e-03	798280.000000	0.000000e+00
1.655114e+01	1.723243e+00	1.931913e-03	795642.000000	0.000000e+00
1.657571e+01	1.725799e+00	1.946286e-03	786262.000000	0.000000e+00
1.660025e+01	1.729770e+00	1.961251e-03	777876.000000	0.000000e+00
1.662478e+01	1.730456e+00	1.968946e-03	772420.000000	0.000000e+00
1.664931e+01	1.732403e+00	1.984038e-03	762426.000000	0.000000e+00
1.667386e+01	1.738442e+00	1.995619e-03	758866.000000	0.000000e+00
1.669842e+01	1.736249e+00	2.007148e-03	748282.000000	0.000000e+00
1.672293e+01	1.738797e+00	2.020159e-03	740844.000000	0.000000e+00
1.674748e+01	1.740525e+00	2.028893e-03	735940.000000	0.000000e+00
1.677204e+01	1.746718e+00	2.050207e-03	725856.000000	0.000000e+00
1.679655e+01	1.749206e+00	2.063405e-03	718642.000000	0.000000e+00
1.682107e+01	1.751196e+00	2.075976e-03	711582.000000	0.000000e+00
1.684563e+01	1.750259e+00	2.084868e-03	704770.000000	0.000000e+00
1.687018e+01	1.756568e+00	2.104195e-03	696880.000000	0.000000e+00
1.689472e+01	1.754845e+00	2.115817e-03	687894.000000	0.000000e+00
1.691924e+01	1.755563e+00	2.126155e-03	681778.000000	0.000000e+00
1.694378e+01	1.753486e+00	2.138223e-03	672510.000000	0.000000e+00
1.696830e+01	1.767519e+00	2.166081e-03	665854.000000	0.000000e+00
1.699283e+01	1.769069e+00	2.181517e-03	657616.000000	0.000000e+00
1.701740e+01	1.768854e+00	2.190996e-03	651780.000000	0.000000e+00
1.704195e+01	1.770754e+00	2.209933e-03	642034.000000	0.000000e+00
1.706646e+01	1.771376e+00	2.226367e-03	633036.000000	0.000000e+00
1.709097e+01	1.781191e+00	2.248154e-03	627724.000000	0.000000e+00
1.711553e+01	1.775942e+00	2.256840e-03	619236.000000	0.000000e+00
1.714008e+01	1.777562e+00	2.274425e-03	610810.000000	0.000000e+00
1.716463e+01	1.786763e+00	2.297602e-03	604762.000000	0.000000e+00
1.718918e+01	1.782020e+00	2.312647e-03	593754.000000	0.000000e+00
1.721369e+01	1.792178e+00	2.337675e-03	587752.000000	0.000000e+00
1.723823e+01	1.786688e+00	2.348475e-03	578796.000000	0.000000e+00
1.726278e+01	1.796401e+00	2.375373e-03	571930.000000	0.000000e+00
1.728731e+01	1.791676e+00	2.387933e-03	562956.000000	0.000000e+00
1.731188e+01	1.793787e+00	2.405332e-03	556150.000000	0.000000e+00
1.733641e+01	1.796556e+00	2.430590e-03	546334.000000	0.000000e+00
1.736091e+01	1.796738e+00	2.450515e-03	537594.000000	0.000000e+00
1.738543e+01	1.806519e+00	2.475939e-03	532360.000000	0.000000e+00
1.741000e+01	1.800739e+00	2.492416e-03	521988.000000	0.000000e+00
1.743456e+01	1.802827e+00	2.509995e-03	515896.000000	0.000000e+00
1.745909e+01	1.798877e+00	2.530584e-03	505314.000000	0.000000e+00
1.748363e+01	1.798633e+00	2.547071e-03	498658.000000	0.000000e+00
1.750818e+01	1.802871e+00	2.575357e-03	490066.000000	0.000000e+00
1.753269e+01	1.793530e+00	2.588818e-03	479970.000000	0.000000e+00
1.755722e+01	1.801982e+00	2.616145e-03	474436.000000	0.000000e+00
1.758176e+01	1.800627e+00	2.643469e-03	463980.000000	0.000000e+00
1.760629e+01	1.795613e+00	2.656790e-03	456784.000000	0.000000e+00
1.763083e+01	1.795847e+00	2.681964e-03	448366.000000	0.000000e+00
1.765539e+01	1.793448e+00	2.704025e-03	439902.000000	0.000000e+00
1.767993e+01	1.791338e+00	2.728093e-03	431158.000000	0.000000e+00
1.770446e+01	1.783535e+00	2.742998e-03	422778.000000	0.000000e+00
1.772897e+01	1.785003e+00	2.775601e-03	413584.000000	0.000000e+00
1.775351e+01	1.772860e+00	2.780677e-03	406488.000000	0.000000e+00
1.777808e+01	1.766084e+00	2.800296e-03	397754.500000	0.000000e+00
1.780261e+01	1.757454e+00	2.817254e-03	389149.000000	0.000000e+00
1.782713e+01	1.764323e+00	2.853872e-03	382197.000000	0.000000e+00
1.785169e+01	1.758416e+00	2.869079e-03	375628.000000	0.000000e+00
1.787623e+01	1.753769e+00	2.891977e-03	367752.000000	0.000000e+00
1.790076e+01	1.754959e+00	2.917172e-03	361918.000000	0.000000e+00
1.792530e+01	1.749462e+00	2.935678e-03	355134.000000	0.000000e+00
1.794985e+01	1.747477e+00	2.959416e-03	348667.000000	0.000000e+00
1.797440e+01	1.748485e+00	2.985680e-03	342955.000000	0.000000e+00
1.799891e+01	1.745344e+00	3.012242e-03	335724.000000	0.000000e+00
1.802344e+01	1.740632e+00	3.025307e-03	331036.000000	0.000000e+00
1.804802e+01	1.746383e+00	3.061343e-03	325428.000000	0.000000e+00
1.807255e+01	1.746825e+00	3.096443e-03	318253.000000	0.000000e+00
1.809707e+01	1.743106e+00	3.110523e-03	314037.000000	0.000000e+00
1.812164e+01	1.743078e+00	3.140050e-03	308149.000000	0.000000e+00
1.814617e+01	1.747101e+00	3.177825e-03	302257.000000	0.000000e+00
1.817068e+01	1.748135e+00	3.207090e-03	297117.000000	0.000000e+00
1.819523e+01	1.744563e+00	3.224898e-03	292645.000000	0.000000e+00
1.821979e+01	1.745059e+00	3.257125e-03	287046.000000	0.000000e+00
1.824431e+01	1.739392e+00	3.279368e-03	281329.000000	0.000000e+00
1.826883e+01	1.744366e+00	3.312515e-03	277306.000000	0.000000e+00
1.829337e+01	1.747260e+00	3.348974e-03	272202.000000	0.000000e+00
1.831793e+01	1.746845e+00	3.376103e-03	267718.000000	0.000000e+00
1.834250e+01	1.750677e+00	3.413871e-03	262977.000000	0.000000e+00
1.836701e+01	1.751206e+00	3.453908e-03	257071.000000	0.000000e+00
1.839152e+01	1.756023e+00	3.486026e-03	253746.000000	0.000000e+00
1.841609e+01	1.743706e+00	3.492655e-03	249250.000000	0.000000e+00
1.844064e+01	1.749178e+00	3.539845e-03	244174.000000	0.000000e+00
1.846515e+01	1.755344e+00	3.582409e-03	240090.000000	0.000000e+00
1.848971e+01	1.756631e+00	3.615975e-03	235999.000000	0.000000e+00
1.851428e+01	1.753849e+00	3.642911e-03	231786.000000	0.000000e+00
1.853881e+01	1.758748e+00	3.690916e-03	227059.000000	0.000000e+00
1.856328e+01	1.758758e+00	3.729581e-03	222378.000000	0.000000e+00
1.858784e+01	1.768927e+00	3.769695e-03	220195.000000	0.000000e+00
1.861244e+01	1.766261e+00	3.809199e-03	215002.000000	0.000000e+00
1.863693e+01	1.762523e+00	3.841233e-03	210537.000000	0.000000e+00
1.866143e+01	1.774277e+00	3.897195e-03	207271.000000	0.000000e+00
1.868601e+01	1.773358e+00	3.927522e-03	203871.000000	0.000000e+00
1.871055e+01	1.771087e+00	3.967637e-03	199258.000000	0.000000e+00
1.873503e+01	1.782375e+00	4.032862e-03	195331.000000	0.000000e+00
1.875958e+01	1.773477e+00	4.037527e-03	192939.000000	0.000000e+00
1.878417e+01	1.780203e+00	4.101426e-03	188395.000000	0.000000e+00
1.880870e+01	1.785498e+00	4.151389e-03	184983.000000	0.000000e+00
1.883322e+01	1.790773e+00	4.206672e-03	181219.000000	0.000000e+00
1.885775e+01	1.801702e+00	4.271895e-03	177879.000000	0.000000e+00
1.888231e+01	1.796378e+00	4.298700e-03	174631.000000	0.000000e+00
1.890684e+01	1.793925e+00	4.339448e-03	170899.000000	0.000000e+00
1.893134e+01	1.814424e+00	4.433993e-03	167451.000000	0.000000e+00
1.895590e+01	1.819779e+00	4.481685e-03	164875.000000	0.000000e+00
1.898046e+01	1.814721e+00	4.524616e-03	160863.000000	0.000000e+00
1.900495e+01	1.821330e+00	4.587863e-03	157600.000000	0.000000e+00
1.902946e+01	1.818063e+00	4.620105e-03	154851.000000	0.000000e+00
1.905406e+01	1.825021e+00	4.679248e-03	152119.000000	0.000000e+00
1.907863e+01	1.827855e+00	4.744699e-03	148411.000000	0.000000e+00
1.910311e+01	1.831452e+00	4.810590e-03	144942.000000	0.000000e+00
1.912765e+01	1.843717e+00	4.875189e-03	143023.000000	0.000000e+00
1.915226e+01	1.848171e+00	4.945472e-03	139659.000000	0.000000e+00
1.917678e+01	1.851440e+00	5.015997e-03	136240.000000	0.000000e+00
1.920124e+01	1.862968e+00	5.100311e-03	133419.000000	0.000000e+00
1.922581e+01	1.849955e+00	5.103543e-03	131395.000000	0.000000e+00
1.925040e+01	1.859581e+00	5.199231e-03	127924.000000	0.000000e+00
1.927489e+01	1.870471e+00	5.290088e-03	125019.000000	0.000000e+00
1.929941e+01	1.873024e+00	5.346002e-03	122752.000000	0.000000e+00
1.932402e+01	1.883335e+00	5.429328e-03	120327.000000	0.000000e+00
1.934855e+01	1.882177e+00	5.510418e-03	116668.000000	0.000000e+00
1.937298e+01	1.905503e+00	5.638101e-03	114223.000000	0.000000e+00
1.939755e+01	1.912362e+00	5.694202e-03	112791.000000	0.000000e+00
1.942217e+01	1.901488e+00	5.751217e-03	109312.000000	0.000000e+00
1.944667e+01	1.912815e+00	5.849834e-03	106920.000000	0.000000e+00
1.947113e+01	1.927897e+00	5.978011e-03	104005.000000	0.000000e+00
1.949570e+01	1.926664e+00	6.008983e-03	102804.000000	0.000000e+00
1.952032e+01	1.939742e+00	6.145351e-03	99631.000000	0.000000e+00
1.954482e+01	1.939617e+00	6.224270e-03	97108.000000	0.000000e+00
1.956930e+01	1.955527e+00	6.346739e-03	94935.000000	0.000000e+00
1.959391e+01	1.947712e+00	6.381724e-03	93148.000000	0.000000e+00
1.961850e+01	1.966622e+00	6.542769e-03	90348.000000	0.000000e+00
1.964294e+01	1.965513e+00	6.636953e-03	87703.000000	0.000000e+00
1.966740e+01	1.984183e+00	6.763022e-03	86076.000000	0.000000e+00
1.969204e+01	1.991740e+00	6.855852e-03	84400.000000	0.000000e+00
1.971660e+01	1.994592e+00	6.994006e-03	81331.000000	0.000000e+00
1.974103e+01	2.015770e+00	7.151359e-03	79452.000000	0.000000e+00
1.976563e+01	2.022057e+00	7.232713e-03	78160.000000	0.000000e+00
1.979032e+01	2.042450e+00	7.420962e-03	75750.000000	0.000000e+00
1.981482e+01	2.041888e+00	7.549771e-03	73147.000000	0.000000e+00
1.983914e+01	2.049113e+00	7.700386e-03	70812.000000	0.000000e+00
1.986374e+01	2.064266e+00	7.766986e-03	70636.000000	0.000000e+00
1.988844e+01	2.072166e+00	7.971284e-03	67576.000000	0.000000e+00
1.991292e+01	2.103305e+00	8.204089e-03	65727.000000	0.000000e+00
1.993736e+01	2.091925e+00	8.286166e-03	63736.000000	0.000000e+00
1.996197e+01	2.103572e+00	8.401662e-03	62688.000000	0.000000e+00
1.998658e+01	2.114058e+00	8.613110e-03	60244.000000	0.000000e+00
2.001095e+01	2.116967e+00	8.784778e-03	58072.000000	0.000000e+00
2.003547e+01	2.141626e+00	8.935318e-03	57447.000000	0.000000e+00
2.006019e+01	2.156311e+00	9.162116e-03	55390.000000	0.000000e+00
2.008472e+01	2.183700e+00	9.452982e-03	53364.000000	0.000000e+00
2.010903e+01	2.177809e+00	9.618262e-03	51268.000000	0.000000e+00
2.013363e+01	2.181526e+00	9.646352e-03	51144.000000	0.000000e+00
2.015842e+01	2.187530e+00	9.905326e-03	48772.000000	0.000000e+00
2.018288e+01	2.197152e+00	1.015330e-02	46828.000000	0.000000e+00
2.020721e+01	2.242709e+00	1.052880e-02	45372.000000	0.000000e+00
2.023181e+01	2.249585e+00	1.065939e-02	44539.000000	0.000000e+00
2.025650e+01	2.243819e+00	1.085606e-02	42720.000000	0.000000e+00
2.028095e+01	2.276531e+00	1.125177e-02	40936.000000	0.000000e+00
2.030542e+01	2.283256e+00	1.141942e-02	39978.000000	0.000000e+00
2.033011e+01	2.301943e+00	1.171537e-02	38608.000000	0.000000e+00
2.035466e+01	2.307690e+00	1.201466e-02	36892.000000	0.000000e+00
2.037892e+01	2.313207e+00	1.232803e-02	35208.000000	0.000000e+00
2.040348e+01	2.331358e+00	1.245808e-02	35020.000000	0.000000e+00
2.042837e+01	2.344059e+00	1.283150e-02	33372.000000	0.000000e+00
2.045281e+01	2.353722e+00	1.327859e-02	31420.000000	0.000000e+00
2.047697e+01	2.385810e+00	1.369528e-02	30348.000000	0.000000e+00
2.050165e+01	2.407096e+00	1.388812e-02	30040.000000	0.000000e+00
2.052659e+01	2.415266e+00	1.429978e-02	28528.000000	0.000000e+00
2.055100e+01	2.447762e+00	1.500199e-02	26622.000000	0.000000e+00
2.057510e+01	2.453245e+00	1.527916e-02	25780.000000	0.000000e+00
2.059985e+01	2.475321e+00	1.551567e-02	25452.000000	0.000000e+00
2.062477e+01	2.523278e+00	1.629448e-02	23980.000000	0.000000e+00
2.064904e+01	2.544122e+00	1.707349e-02	22204.000000	0.000000e+00
2.067328e+01	2.558658e+00	1.728034e-02	21924.000000	0.000000e+00
2.069813e+01	2.548807e+00	1.756670e-02	21052.000000	0.000000e+00
2.072282e+01	2.580399e+00	1.837153e-02	19728.000000	0.000000e+00
2.074689e+01	2.639075e+00	1.950008e-02	18316.000000	0.000000e+00
2.077148e+01	2.645841e+00	1.944105e-02	18522.000000	0.000000e+00
2.079650e+01	2.664583e+00	2.040284e-02	17056.000000	0.000000e+00
2.082086e+01	2.694406e+00	2.136736e-02	15901.000000	0.000000e+00
2.084494e+01	2.702499e+00	2.196936e-02	15132.000000	0.000000e+00
2.086988e+01	2.699770e+00	2.203179e-02	15016.000000	0.000000e+00
2.089484e+01	2.771354e+00	2.379919e-02	13560.000000	0.000000e+00
2.091874e+01	2.812592e+00	2.522124e-02	12436.000000	0.000000e+00
2.094286e+01	2.796747e+00	2.520512e-02	12312.000000	0.000000e+00
2.096835e+01	2.846836e+00	2.597063e-02	12016.000000	0.000000e+00
2.099333e+01	2.819109e+00	2.762505e-02	10414.000000	0.000000e+00
2.101635e+01	2.899389e+00	3.010413e-02	9276.000000	0.000000e+00
2.104066e+01	2.959817e+00	2.965606e-02	9961.000000	0.000000e+00
2.106684e+01	2.980990e+00	3.103179e-02	9228.000000	0.000000e+00
2.109169e+01	3.034682e+00	3.451177e-02	7732.000000	0.000000e+00
2.111385e+01	3.043765e+00	3.703107e-02	6756.000000	0.000000e+00
2.113864e+01	3.118941e+00	3.541509e-02	7756.000000	0.000000e+00
2.116547e+01	3.064972e+00	3.711370e-02	6820.000000	0.000000e+00
2.118998e+01	3.135272e+00	4.283254e-02	5358.000000	0.000000e+00
2.121167e+01	3.263032e+00	4.617857e-02	4993.000000	0.000000e+00
2.123701e+01	3.235295e+00	4.354561e-02	5520.000000	0.000000e+00
2.126409e+01	3.152092e+00	4.553450e-02	4792.000000	0.000000e+00
2.128812e+01	3.348430e+00	5.712348e-02	3436.000000	0.000000e+00
2.130920e+01	3.217298e+00	5.453831e-02	3480.000000	0.000000e+00
2.133536e+01	3.363713e+00	5.514283e-02	3721.000000	0.000000e+00
2.136298e+01	3.412566e+00	6.097758e-02	3132.000000	0.000000e+00
2.138535e+01	3.247530e+00	7.710390e-02	1774.000000	0.000000e+00
2.140616e+01	3.474472e+00	7.074572e-02	2412.000000	0.000000e+00
2.143360e+01	3.377080e+00	7.180403e-02	2212.000000	0.000000e+00
2.146162e+01	3.586719e+00	8.368407e-02	1837.000000	0.000000e+00
2.148292e+01	3.538268e+00	1.238642e-01	816.000000	0.000000e+00
2.150387e+01	3.534616e+00	9.542565e-02	1372.000000	0.000000e+00
2.153200e+01	3.813260e+00	1.153945e-01	1092.000000	0.000000e+00
2.156014e+01	3.508359e+00	1.207627e-01	844.000000	0.000000e+00
2.158178e+01	3.963617e+00	2.152741e-01	339.000000	0.000000e+00
2.160234e+01	4.098989e+00	1.777137e-01	532.000000	0.000000e+00
2.163046e+01	3.791163e+00	1.987110e-01	364.000000	0.000000e+00
2.165853e+01	4.319678e+00	2.860777e-01	228.000000	0.000000e+00
2.168066e+01	4.138088e+00	4.843266e-01	73.000000	0.000000e+00
2.170037e+01	3.967736e+00	4.329155e-01	84.000000	0.000000e+00
2.172766e+01	5.764643e+00	1.089415e+00	28.000000	0.000000e+00
2.175143e+01	1.192932e+00	6.887397e-01	3.000000	0.000000e+00
